1 1.959880e+02 1.157550e+02 4.512832e+01 4.558416e+01 8.634309e-01
2 1.973547e+02 1.145107e+02 4.512832e+01 4.558416e+01 8.731784e-01
3 1.984586e+02 1.145096e+02 4.512832e+01 4.558416e+01 8.684566e-01
4 2.002124e+02 1.155903e+02 4.512832e+01 4.558416e+01 8.888437e-01
5 2.009596e+02 1.150727e+02 4.512832e+01 4.558416e+01 9.545278e-01
6 2.009342e+02 1.155940e+02 4.512832e+01 4.558416e+01 9.631072e-01
7 2.010690e+02 1.157957e+02 4.512832e+01 4.558416e+01 9.805922e-01
8 2.004596e+02 1.152593e+02 4.512832e+01 4.558416e+01 9.662095e-01
9 2.005393e+02 1.165816e+02 4.512832e+01 4.558416e+01 9.845528e-01
10 2.000634e+02 1.169973e+02 4.512832e+01 4.558416e+01 9.648853e-01
11 1.997775e+02 1.179784e+02 4.512832e+01 4.558416e+01 9.780205e-01
12 1.997193e+02 1.183251e+02 4.512832e+01 4.558416e+01 9.848468e-01
13 1.997722e+02 1.193333e+02 4.512832e+01 4.558416e+01 9.728864e-01
14 1.994549e+02 1.193739e+02 4.512832e+01 4.558416e+01 9.679546e-01
15 1.981272e+02 1.197872e+02 4.512832e+01 4.558416e+01 9.776751e-01
16 1.975471e+02 1.211108e+02 4.512832e+01 4.558416e+01 9.731585e-01
17 1.973195e+02 1.216299e+02 4.512832e+01 4.558416e+01 9.625814e-01
18 1.965554e+02 1.216252e+02 4.512832e+01 4.558416e+01 9.821586e-01
19 1.960710e+02 1.225660e+02 4.512832e+01 4.558416e+01 9.628731e-01
20 1.957471e+02 1.227056e+02 4.512832e+01 4.558416e+01 9.725733e-01
21 1.958688e+02 1.232784e+02 4.512832e+01 4.558416e+01 9.708739e-01
22 1.953823e+02 1.233097e+02 4.512832e+01 4.558416e+01 9.708739e-01
23 1.950518e+02 1.238672e+02 4.512832e+01 4.558416e+01 9.665416e-01
24 1.956048e+02 1.242906e+02 4.512832e+01 4.558416e+01 9.677335e-01
25 1.952832e+02 1.255576e+02 4.512832e+01 4.558416e+01 9.470233e-01
26 1.946415e+02 1.251202e+02 4.512832e+01 4.558416e+01 9.653235e-01
27 1.943288e+02 1.254425e+02 4.512832e+01 4.558416e+01 9.602392e-01
28 1.938592e+02 1.263581e+02 4.512832e+01 4.558416e+01 9.372712e-01
29 1.937848e+02 1.265268e+02 4.512832e+01 4.558416e+01 9.304247e-01
30 1.933215e+02 1.263031e+02 4.512832e+01 4.558416e+01 9.448300e-01
31 1.933143e+02 1.263091e+02 4.512832e+01 4.558416e+01 9.195347e-01
32 1.919128e+02 1.263260e+02 4.512832e+01 4.558416e+01 9.245711e-01
33 1.919088e+02 1.256214e+02 4.512832e+01 4.558416e+01 9.305703e-01
34 1.916384e+02 1.254154e+02 4.512832e+01 4.558416e+01 9.129223e-01
35 1.915357e+02 1.253522e+02 4.512832e+01 4.558416e+01 8.962052e-01
36 1.917249e+02 1.250161e+02 4.512832e+01 4.558416e+01 9.032905e-01
37 1.916362e+02 1.249665e+02 4.512832e+01 4.558416e+01 8.925210e-01
38 1.914347e+02 1.247908e+02 4.512832e+01 4.558416e+01 9.047046e-01
39 1.907082e+02 1.248515e+02 4.512832e+01 4.558416e+01 9.089684e-01
40 1.900835e+02 1.242091e+02 4.512832e+01 4.558416e+01 9.554635e-01
41 1.905721e+02 1.246858e+02 4.512832e+01 4.558416e+01 9.348134e-01
42 1.904649e+02 1.247770e+02 4.512832e+01 4.558416e+01 9.314640e-01
43 1.905633e+02 1.249100e+02 4.512832e+01 4.558416e+01 9.265663e-01
44 1.896134e+02 1.248969e+02 4.512832e+01 4.558416e+01 9.406214e-01
45 1.898691e+02 1.249383e+02 4.512832e+01 4.558416e+01 9.403601e-01
46 1.902205e+02 1.248448e+02 4.512832e+01 4.558416e+01 9.426512e-01
47 1.907255e+02 1.230398e+02 4.512832e+01 4.558416e+01 9.601662e-01
48 1.914466e+02 1.227698e+02 4.512832e+01 4.558416e+01 9.387045e-01
49 1.917197e+02 1.238511e+02 4.512832e+01 4.558416e+01 9.486330e-01
50 1.906973e+02 1.252544e+02 4.512832e+01 4.558416e+01 9.441142e-01
51 1.895949e+02 1.252620e+02 4.512832e+01 4.558416e+01 9.585914e-01
52 1.894464e+02 1.255716e+02 4.512832e+01 4.558416e+01 9.551892e-01
53 1.886256e+02 1.252072e+02 4.512832e+01 4.558416e+01 9.634010e-01
54 1.877547e+02 1.254201e+02 4.512832e+01 4.558416e+01 9.478220e-01
55 1.874686e+02 1.243572e+02 4.512832e+01 4.558416e+01 9.463946e-01
56 1.872183e+02 1.241625e+02 4.512832e+01 4.558416e+01 9.451871e-01
57 1.869731e+02 1.240849e+02 4.512832e+01 4.558416e+01 9.277109e-01
58 1.868670e+02 1.255520e+02 4.512832e+01 4.558416e+01 9.549280e-01
59 1.858347e+02 1.276193e+02 4.512832e+01 4.558416e+01 9.615087e-01
60 1.864874e+02 1.295852e+02 4.512832e+01 4.558416e+01 9.092558e-01
61 1.860159e+02 1.299647e+02 4.512832e+01 4.558416e+01 8.921826e-01
62 1.851587e+02 1.301216e+02 4.512832e+01 4.558416e+01 8.731342e-01
63 1.845041e+02 1.300679e+02 4.512832e+01 4.558416e+01 8.393278e-01
64 1.838201e+02 1.303882e+02 4.512832e+01 4.558416e+01 7.971925e-01
65 1.824141e+02 1.316458e+02 4.512832e+01 4.558416e+01 7.524538e-01
66 1.806462e+02 1.328601e+02 4.512832e+01 4.558416e+01 7.409646e-01
67 1.784263e+02 1.336093e+02 4.512832e+01 4.558416e+01 7.041597e-01
68 1.767777e+02 1.323582e+02 4.512832e+01 4.558416e+01 6.551633e-01
69 1.716267e+02 1.320679e+02 4.512832e+01 4.558416e+01 6.361552e-01
70 1.667989e+02 1.345553e+02 4.512832e+01 4.558416e+01 6.540449e-01
71 1.637947e+02 1.366714e+02 4.512832e+01 4.558416e+01 6.576303e-01
72 1.605511e+02 1.380061e+02 4.512832e+01 4.558416e+01 6.251907e-01
73 1.573692e+02 1.396841e+02 4.512832e+01 4.558416e+01 5.849709e-01
74 1.537734e+02 1.422604e+02 4.512832e+01 4.558416e+01 6.084853e-01
75 1.499961e+02 1.430647e+02 4.512832e+01 4.558416e+01 5.864504e-01
76 1.468274e+02 1.436490e+02 4.512832e+01 4.558416e+01 5.628898e-01
77 1.437586e+02 1.453439e+02 4.512832e+01 4.558416e+01 5.582376e-01
78 1.401931e+02 1.470521e+02 4.512832e+01 4.558416e+01 5.794937e-01
79 1.372193e+02 1.495859e+02 4.512832e+01 4.558416e+01 5.988223e-01
80 1.352566e+02 1.509750e+02 4.512832e+01 4.558416e+01 6.002058e-01
81 1.334530e+02 1.508413e+02 4.512832e+01 4.558416e+01 5.995558e-01
82 1.341050e+02 1.473618e+02 4.512832e+01 4.558416e+01 5.996606e-01
83 1.339543e+02 1.436727e+02 4.512832e+01 4.558416e+01 6.255562e-01
84 1.340921e+02 1.418223e+02 4.512832e+01 4.558416e+01 5.949694e-01
85 1.356446e+02 1.410674e+02 4.512832e+01 4.558416e+01 5.380679e-01
86 1.377332e+02 1.393384e+02 4.512832e+01 4.558416e+01 5.106700e-01
87 1.404300e+02 1.376885e+02 4.512832e+01 4.558416e+01 5.063756e-01
88 1.421689e+02 1.371016e+02 4.512832e+01 4.558416e+01 4.817434e-01
89 1.440287e+02 1.338555e+02 4.512832e+01 4.558416e+01 5.091219e-01
90 1.458264e+02 1.312678e+02 4.512832e+01 4.558416e+01 5.390897e-01
91 1.479437e+02 1.293652e+02 4.512832e+01 4.558416e+01 5.490744e-01
92 1.499585e+02 1.260528e+02 4.512832e+01 4.558416e+01 5.716067e-01
93 1.516356e+02 1.251653e+02 4.512832e+01 4.558416e+01 5.727234e-01
94 1.561175e+02 1.223657e+02 4.512832e+01 4.558416e+01 5.839900e-01
95 1.595353e+02 1.213469e+02 4.512832e+01 4.558416e+01 5.426805e-01
96 1.614582e+02 1.221854e+02 4.512832e+01 4.558416e+01 4.996484e-01
97 1.622604e+02 1.187913e+02 4.512832e+01 4.558416e+01 5.143193e-01
98 1.619505e+02 1.152732e+02 4.512832e+01 4.558416e+01 5.074133e-01
99 1.600142e+02 1.173591e+02 4.512832e+01 4.558416e+01 5.354459e-01
100 1.599211e+02 1.193357e+02 4.512832e+01 4.558416e+01 5.178883e-01
101 1.594473e+02 1.219717e+02 4.512832e+01 4.558416e+01 5.018876e-01
102 1.583733e+02 1.240566e+02 4.512832e+01 4.558416e+01 5.072649e-01
103 1.596052e+02 1.234115e+02 4.512832e+01 4.558416e+01 4.648589e-01
104 1.600299e+02 1.234854e+02 4.512832e+01 4.558416e+01 4.417798e-01
105 1.592331e+02 1.244360e+02 4.512832e+01 4.558416e+01 4.472193e-01
106 1.587889e+02 1.286628e+02 4.512832e+01 4.558416e+01 4.458664e-01
107 1.576051e+02 1.296306e+02 4.512832e+01 4.558416e+01 4.584982e-01
108 1.564348e+02 1.308279e+02 4.512832e+01 4.558416e+01 4.645827e-01
109 1.582415e+02 1.278251e+02 4.512832e+01 4.558416e+01 4.369093e-01
110 1.609432e+02 1.244579e+02 4.512832e+01 4.558416e+01 3.923960e-01
111 1.610037e+02 1.231287e+02 4.512832e+01 4.558416e+01 3.783706e-01
112 1.578453e+02 1.196445e+02 4.512832e+01 4.558416e+01 4.088409e-01
113 1.567369e+02 1.179025e+02 4.512832e+01 4.558416e+01 4.134738e-01
114 1.555718e+02 1.152664e+02 4.512832e+01 4.558416e+01 4.322372e-01
115 1.548882e+02 1.155384e+02 4.512832e+01 4.558416e+01 4.517635e-01
116 1.571675e+02 1.177420e+02 4.512832e+01 4.558416e+01 4.475822e-01
117 1.576319e+02 1.206262e+02 4.512832e+01 4.558416e+01 4.490184e-01
118 1.595990e+02 1.174476e+02 4.512832e+01 4.558416e+01 4.598161e-01
119 1.634767e+02 1.131356e+02 4.512832e+01 4.558416e+01 4.475311e-01
120 1.647046e+02 1.071250e+02 4.512832e+01 4.558416e+01 4.447166e-01
121 1.670832e+02 1.035974e+02 4.512832e+01 4.558416e+01 4.401238e-01
122 1.727712e+02 1.061758e+02 4.512832e+01 4.558416e+01 4.200003e-01
123 1.728641e+02 1.067830e+02 4.512832e+01 4.558416e+01 4.299430e-01
124 1.740234e+02 1.069940e+02 4.512832e+01 4.558416e+01 4.243043e-01
125 1.761150e+02 1.077891e+02 4.512832e+01 4.558416e+01 4.090316e-01
126 1.781222e+02 1.094324e+02 4.512832e+01 4.558416e+01 3.933212e-01
127 1.786556e+02 1.105592e+02 4.512832e+01 4.558416e+01 3.859860e-01
128 1.790423e+02 1.120277e+02 4.512832e+01 4.558416e+01 3.645414e-01
129 1.784457e+02 1.128234e+02 4.512832e+01 4.558416e+01 3.632721e-01
130 1.761403e+02 1.140015e+02 4.512832e+01 4.558416e+01 3.813598e-01
131 1.748062e+02 1.134679e+02 4.512832e+01 4.558416e+01 3.811258e-01
132 1.735829e+02 1.155183e+02 4.512832e+01 4.558416e+01 3.746923e-01
133 1.717628e+02 1.166937e+02 4.512832e+01 4.558416e+01 3.800798e-01
134 1.695668e+02 1.169200e+02 4.512832e+01 4.558416e+01 3.822310e-01
135 1.685216e+02 1.183783e+02 4.512832e+01 4.558416e+01 3.833282e-01
136 1.666062e+02 1.214358e+02 4.512832e+01 4.558416e+01 3.820647e-01
137 1.615355e+02 1.329052e+02 4.512832e+01 4.558416e+01 3.821674e-01
138 1.610824e+02 1.347596e+02 4.512832e+01 4.558416e+01 3.728406e-01
139 1.614285e+02 1.345512e+02 4.512832e+01 4.558416e+01 3.729012e-01
140 1.622255e+02 1.344444e+02 4.512832e+01 4.558416e+01 3.660178e-01
141 1.631886e+02 1.342623e+02 4.512832e+01 4.558416e+01 3.531184e-01
142 1.637237e+02 1.342443e+02 4.512832e+01 4.558416e+01 3.490956e-01
143 1.623285e+02 1.329644e+02 4.512832e+01 4.558416e+01 3.178272e-01
144 1.608326e+02 1.308871e+02 4.512832e+01 4.558416e+01 2.626873e-01
145 1.581992e+02 1.264405e+02 4.512832e+01 4.558416e+01 2.445711e-01
146 1.546613e+02 1.213182e+02 4.512832e+01 4.558416e+01 2.571818e-01
147 1.484396e+02 1.156743e+02 4.512832e+01 4.558416e+01 2.788172e-01
148 1.445692e+02 1.099395e+02 4.512832e+01 4.558416e+01 2.873132e-01
149 1.404444e+02 1.065259e+02 4.512832e+01 4.558416e+01 2.904779e-01
150 1.346162e+02 1.005041e+02 4.512832e+01 4.558416e+01 3.383976e-01
151 1.324399e+02 9.716760e+01 4.512832e+01 4.558416e+01 3.446799e-01
152 1.321144e+02 8.929468e+01 4.512832e+01 4.558416e+01 3.873469e-01
153 1.297388e+02 8.711358e+01 4.512832e+01 4.558416e+01 3.893693e-01
154 1.263422e+02 8.632313e+01 4.512832e+01 4.558416e+01 4.109464e-01
155 1.223255e+02 8.518530e+01 4.512832e+01 4.558416e+01 4.544116e-01
156 1.184659e+02 8.648475e+01 4.512832e+01 4.558416e+01 4.748481e-01
157 1.161749e+02 8.687704e+01 4.512832e+01 4.558416e+01 4.824304e-01
158 1.148632e+02 8.535487e+01 4.512832e+01 4.558416e+01 4.787162e-01
159 1.139426e+02 8.434509e+01 4.512832e+01 4.558416e+01 4.725028e-01
160 1.121853e+02 8.540786e+01 4.512832e+01 4.558416e+01 4.833798e-01
161 1.104974e+02 8.862853e+01 4.512832e+01 4.558416e+01 5.015173e-01
162 1.084393e+02 9.022455e+01 4.512832e+01 4.558416e+01 5.291537e-01
163 1.072372e+02 9.161716e+01 4.512832e+01 4.558416e+01 5.569058e-01
164 1.061117e+02 9.370840e+01 4.512832e+01 4.558416e+01 5.816325e-01
165 1.053061e+02 9.358792e+01 4.512832e+01 4.558416e+01 5.807725e-01
166 1.035484e+02 9.464892e+01 4.512832e+01 4.558416e+01 6.238072e-01
167 1.011984e+02 9.644842e+01 4.512832e+01 4.558416e+01 6.557694e-01
168 9.879154e+01 9.818180e+01 4.512832e+01 4.558416e+01 6.709144e-01
169 9.590567e+01 9.935111e+01 4.512832e+01 4.558416e+01 6.529457e-01
170 9.556107e+01 1.000068e+02 4.512832e+01 4.558416e+01 6.748862e-01
171 9.513521e+01 1.002715e+02 4.512832e+01 4.558416e+01 6.901920e-01
172 9.391417e+01 9.995360e+01 4.512832e+01 4.558416e+01 7.079867e-01
173 9.321823e+01 1.000672e+02 4.512832e+01 4.558416e+01 7.332198e-01
174 9.281996e+01 1.003735e+02 4.512832e+01 4.558416e+01 7.423552e-01
175 9.283249e+01 9.993038e+01 4.512832e+01 4.558416e+01 7.406538e-01
176 9.236994e+01 1.003898e+02 4.512832e+01 4.558416e+01 7.346178e-01
177 9.108200e+01 1.004272e+02 4.512832e+01 4.558416e+01 7.487624e-01
178 8.973926e+01 1.001445e+02 4.512832e+01 4.558416e+01 7.531001e-01
179 8.911854e+01 1.002517e+02 4.512832e+01 4.558416e+01 7.434822e-01
180 8.678004e+01 9.950073e+01 4.512832e+01 4.558416e+01 7.477677e-01
181 8.555610e+01 9.827410e+01 4.512832e+01 4.558416e+01 7.464908e-01
182 8.538384e+01 9.673700e+01 4.512832e+01 4.558416e+01 7.282922e-01
183 8.414276e+01 9.724364e+01 4.512832e+01 4.558416e+01 7.947756e-01
184 8.249174e+01 9.676036e+01 4.512832e+01 4.558416e+01 7.108452e-01
185 8.328408e+01 9.593543e+01 4.512832e+01 4.558416e+01 5.071658e-01
186 9.038680e+01 9.582467e+01 4.512832e+01 4.558416e+01 2.977906e-01
187 9.913732e+01 9.788090e+01 4.512832e+01 4.558416e+01 1.486891e-01
188 1.060249e+02 1.012354e+02 4.512832e+01 4.558416e+01 5.945926e-02
189 1.134153e+02 1.013697e+02 4.512832e+01 4.558416e+01 0.000000e+00
190 1.263409e+02 1.082293e+02 4.512832e+01 4.558416e+01 0.000000e+00
191 1.273398e+02 1.029721e+02 4.512832e+01 4.558416e+01 0.000000e+00
192 1.439957e+02 1.068350e+02 4.512832e+01 4.558416e+01 9.935562e-02
193 1.540961e+02 1.066447e+02 4.512832e+01 4.558416e+01 1.850725e-01
194 1.643293e+02 1.059556e+02 4.512832e+01 4.558416e+01 2.454503e-01
195 1.727972e+02 1.069447e+02 4.512832e+01 4.558416e+01 3.253655e-01
196 1.779548e+02 1.108833e+02 4.512832e+01 4.558416e+01 4.099595e-01
197 1.815600e+02 1.166892e+02 4.512832e+01 4.558416e+01 5.116823e-01
198 1.830973e+02 1.257933e+02 4.512832e+01 4.558416e+01 6.535788e-01
199 1.851537e+02 1.327795e+02 4.512832e+01 4.558416e+01 6.993015e-01
200 1.886228e+02 1.367874e+02 4.512832e+01 4.558416e+01 7.389192e-01
201 1.920837e+02 1.399946e+02 4.512832e+01 4.558416e+01 7.544118e-01
202 1.943636e+02 1.436431e+02 4.512832e+01 4.558416e+01 6.931186e-01
203 1.961705e+02 1.441999e+02 4.512832e+01 4.558416e+01 6.817196e-01
204 1.979081e+02 1.452595e+02 4.512832e+01 4.558416e+01 6.675424e-01
205 1.983440e+02 1.448094e+02 4.512832e+01 4.558416e+01 6.853666e-01
206 1.996210e+02 1.443907e+02 4.512832e+01 4.558416e+01 6.551078e-01
207 2.005517e+02 1.438315e+02 4.512832e+01 4.558416e+01 6.603809e-01
208 2.020892e+02 1.428104e+02 4.512832e+01 4.558416e+01 6.434236e-01
209 2.017619e+02 1.406932e+02 4.512832e+01 4.558416e+01 6.877220e-01
210 2.019653e+02 1.400095e+02 4.512832e+01 4.558416e+01 6.860932e-01
211 2.023572e+02 1.381208e+02 4.512832e+01 4.558416e+01 7.255425e-01
212 2.033276e+02 1.366174e+02 4.512832e+01 4.558416e+01 7.616619e-01
213 2.044958e+02 1.348755e+02 4.512832e+01 4.558416e+01 7.590095e-01
214 2.061122e+02 1.321549e+02 4.512832e+01 4.558416e+01 7.841750e-01
215 2.073551e+02 1.307894e+02 4.512832e+01 4.558416e+01 8.295663e-01
216 2.076888e+02 1.294878e+02 4.512832e+01 4.558416e+01 8.330320e-01
217 2.069817e+02 1.281665e+02 4.512832e+01 4.558416e+01 9.074780e-01
218 2.069103e+02 1.280376e+02 4.512832e+01 4.558416e+01 9.163791e-01
219 2.077745e+02 1.274300e+02 4.512832e+01 4.558416e+01 7.594121e-01
220 2.077028e+02 1.282685e+02 4.512832e+01 4.558416e+01 6.105417e-01
221 2.041620e+02 1.285882e+02 4.512832e+01 4.558416e+01 5.534901e-01
222 1.991369e+02 1.287024e+02 4.512832e+01 4.558416e+01 5.324426e-01
223 1.923040e+02 1.300906e+02 4.512832e+01 4.558416e+01 5.511314e-01
224 1.864242e+02 1.290386e+02 4.512832e+01 4.558416e+01 6.018423e-01
225 1.811798e+02 1.287680e+02 4.512832e+01 4.558416e+01 6.403360e-01
226 1.772473e+02 1.284634e+02 4.512832e+01 4.558416e+01 6.462345e-01
227 1.737003e+02 1.278324e+02 4.512832e+01 4.558416e+01 6.820572e-01
228 1.704100e+02 1.277341e+02 4.512832e+01 4.558416e+01 7.253406e-01
229 1.655031e+02 1.271846e+02 4.512832e+01 4.558416e+01 8.058913e-01
230 1.638433e+02 1.267630e+02 4.512832e+01 4.558416e+01 8.430682e-01
231 1.625147e+02 1.280989e+02 4.512832e+01 4.558416e+01 8.592134e-01
232 1.615996e+02 1.287024e+02 4.512832e+01 4.558416e+01 8.582144e-01
233 1.609342e+02 1.272971e+02 4.512832e+01 4.558416e+01 8.903913e-01
234 1.597429e+02 1.257331e+02 4.512832e+01 4.558416e+01 9.692512e-01
235 1.584186e+02 1.254458e+02 4.512832e+01 4.558416e+01 9.627085e-01
236 1.586135e+02 1.251304e+02 4.512832e+01 4.558416e+01 9.601381e-01
237 1.589258e+02 1.258400e+02 4.512832e+01 4.558416e+01 9.385893e-01
238 1.584317e+02 1.262023e+02 4.512832e+01 4.558416e+01 9.322320e-01
239 1.600416e+02 1.259194e+02 4.512832e+01 4.558416e+01 9.472546e-01
240 1.607181e+02 1.262936e+02 4.512832e+01 4.558416e+01 9.568387e-01
241 1.615974e+02 1.260452e+02 4.512832e+01 4.558416e+01 9.562825e-01
242 1.624761e+02 1.264539e+02 4.512832e+01 4.558416e+01 9.417932e-01
243 1.630960e+02 1.257401e+02 4.512832e+01 4.558416e+01 8.992095e-01
244 1.643280e+02 1.264460e+02 4.512832e+01 4.558416e+01 8.011539e-01
245 1.644465e+02 1.271919e+02 4.512832e+01 4.558416e+01 7.314066e-01
246 1.636975e+02 1.271014e+02 4.512832e+01 4.558416e+01 6.389348e-01
247 1.601345e+02 1.308132e+02 4.512832e+01 4.558416e+01 6.374197e-01
248 1.564555e+02 1.325155e+02 4.512832e+01 4.558416e+01 6.305963e-01
249 1.527612e+02 1.328214e+02 4.512832e+01 4.558416e+01 6.106361e-01
250 1.488297e+02 1.355964e+02 4.512832e+01 4.558416e+01 6.009870e-01
251 1.396523e+02 1.387754e+02 4.512832e+01 4.558416e+01 7.022472e-01
252 1.355871e+02 1.410024e+02 4.512832e+01 4.558416e+01 7.052226e-01
253 1.334920e+02 1.421012e+02 4.512832e+01 4.558416e+01 6.938298e-01
254 1.322846e+02 1.440067e+02 4.512832e+01 4.558416e+01 6.492061e-01
255 1.302193e+02 1.446556e+02 4.512832e+01 4.558416e+01 6.749703e-01
256 1.286722e+02 1.453080e+02 4.512832e+01 4.558416e+01 6.472187e-01
257 1.298458e+02 1.465555e+02 4.512832e+01 4.558416e+01 6.416348e-01
258 1.293884e+02 1.482518e+02 4.512832e+01 4.558416e+01 6.517012e-01
259 1.295287e+02 1.492953e+02 4.512832e+01 4.558416e+01 6.967479e-01
260 1.287428e+02 1.513617e+02 4.512832e+01 4.558416e+01 7.200779e-01
261 1.314291e+02 1.512594e+02 4.512832e+01 4.558416e+01 6.632422e-01
262 1.359969e+02 1.517088e+02 4.512832e+01 4.558416e+01 6.333351e-01
263 1.372530e+02 1.495018e+02 4.512832e+01 4.558416e+01 6.376322e-01
264 1.400223e+02 1.478093e+02 4.512832e+01 4.558416e+01 6.169258e-01
265 1.438956e+02 1.453417e+02 4.512832e+01 4.558416e+01 6.330368e-01
266 1.462307e+02 1.437275e+02 4.512832e+01 4.558416e+01 6.334682e-01
267 1.502344e+02 1.426797e+02 4.512832e+01 4.558416e+01 6.153017e-01
268 1.531376e+02 1.416940e+02 4.512832e+01 4.558416e+01 5.783461e-01
269 1.563857e+02 1.398949e+02 4.512832e+01 4.558416e+01 5.742524e-01
270 1.603999e+02 1.399069e+02 4.512832e+01 4.558416e+01 5.274261e-01
271 1.629773e+02 1.382271e+02 4.512832e+01 4.558416e+01 4.915608e-01
272 1.647494e+02 1.342001e+02 4.512832e+01 4.558416e+01 4.895163e-01
273 1.652681e+02 1.303271e+02 4.512832e+01 4.558416e+01 5.006115e-01
274 1.651190e+02 1.286732e+02 4.512832e+01 4.558416e+01 4.781274e-01
275 1.631151e+02 1.287173e+02 4.512832e+01 4.558416e+01 4.475601e-01
276 1.624983e+02 1.281275e+02 4.512832e+01 4.558416e+01 4.086485e-01
277 1.624068e+02 1.259738e+02 4.512832e+01 4.558416e+01 3.918050e-01
278 1.612016e+02 1.222870e+02 4.512832e+01 4.558416e+01 4.035124e-01
279 1.570470e+02 1.201519e+02 4.512832e+01 4.558416e+01 4.265041e-01
280 1.521638e+02 1.194648e+02 4.512832e+01 4.558416e+01 4.556707e-01
281 1.494989e+02 1.190147e+02 4.512832e+01 4.558416e+01 4.602941e-01
282 1.472283e+02 1.178693e+02 4.512832e+01 4.558416e+01 4.615202e-01
283 1.469391e+02 1.167585e+02 4.512832e+01 4.558416e+01 4.472625e-01
284 1.446054e+02 1.157347e+02 4.512832e+01 4.558416e+01 4.643599e-01
285 1.434050e+02 1.140050e+02 4.512832e+01 4.558416e+01 4.601886e-01
286 1.414653e+02 1.134603e+02 4.512832e+01 4.558416e+01 4.865044e-01
287 1.403348e+02 1.133822e+02 4.512832e+01 4.558416e+01 4.921648e-01
288 1.398614e+02 1.127589e+02 4.512832e+01 4.558416e+01 4.996353e-01
289 1.401459e+02 1.145098e+02 4.512832e+01 4.558416e+01 4.642981e-01
290 1.391281e+02 1.137558e+02 4.512832e+01 4.558416e+01 4.745484e-01
291 1.402068e+02 1.112120e+02 4.512832e+01 4.558416e+01 4.895229e-01
292 1.411133e+02 1.086027e+02 4.512832e+01 4.558416e+01 5.038395e-01
293 1.413006e+02 1.041478e+02 4.512832e+01 4.558416e+01 5.180570e-01
294 1.412757e+02 1.003000e+02 4.512832e+01 4.558416e+01 5.015417e-01
295 1.425652e+02 9.902691e+01 4.512832e+01 4.558416e+01 5.198771e-01
296 1.431872e+02 9.945733e+01 4.512832e+01 4.558416e+01 5.087917e-01
297 1.456265e+02 9.907931e+01 4.512832e+01 4.558416e+01 5.000029e-01
298 1.473140e+02 9.659540e+01 4.512832e+01 4.558416e+01 4.911285e-01
299 1.500899e+02 9.583867e+01 4.512832e+01 4.558416e+01 5.034988e-01
300 1.523514e+02 9.734632e+01 4.512832e+01 4.558416e+01 4.962441e-01
301 1.538640e+02 9.770607e+01 4.512832e+01 4.558416e+01 4.893751e-01
302 1.536229e+02 9.969576e+01 4.512832e+01 4.558416e+01 4.928344e-01
303 1.550203e+02 9.852145e+01 4.512832e+01 4.558416e+01 4.668120e-01
304 1.546103e+02 9.847979e+01 4.512832e+01 4.558416e+01 4.564256e-01
305 1.535812e+02 9.765019e+01 4.512832e+01 4.558416e+01 4.323003e-01
306 1.521464e+02 9.642178e+01 4.512832e+01 4.558416e+01 4.225514e-01
307 1.501155e+02 9.517598e+01 4.512832e+01 4.558416e+01 4.211945e-01
308 1.480797e+02 9.927988e+01 4.512832e+01 4.558416e+01 4.183684e-01
309 1.464848e+02 1.008028e+02 4.512832e+01 4.558416e+01 4.063387e-01
310 1.443839e+02 9.855614e+01 4.512832e+01 4.558416e+01 4.067456e-01
311 1.403125e+02 9.965769e+01 4.512832e+01 4.558416e+01 4.262878e-01
312 1.401122e+02 9.959424e+01 4.512832e+01 4.558416e+01 4.231008e-01
313 1.419179e+02 1.002291e+02 4.512832e+01 4.558416e+01 4.084374e-01
314 1.424425e+02 9.853878e+01 4.512832e+01 4.558416e+01 3.986958e-01
315 1.426500e+02 9.864932e+01 4.512832e+01 4.558416e+01 4.005654e-01
316 1.416846e+02 9.854181e+01 4.512832e+01 4.558416e+01 4.076847e-01
317 1.399245e+02 9.746538e+01 4.512832e+01 4.558416e+01 4.284395e-01
318 1.398958e+02 9.834540e+01 4.512832e+01 4.558416e+01 4.201823e-01
319 1.389828e+02 9.906696e+01 4.512832e+01 4.558416e+01 4.245758e-01
320 1.382270e+02 1.013595e+02 4.512832e+01 4.558416e+01 4.273283e-01
321 1.366964e+02 1.065575e+02 4.512832e+01 4.558416e+01 4.333818e-01
322 1.352392e+02 1.082106e+02 4.512832e+01 4.558416e+01 4.488694e-01
323 1.337277e+02 1.115516e+02 4.512832e+01 4.558416e+01 4.394108e-01
324 1.322200e+02 1.124751e+02 4.512832e+01 4.558416e+01 4.242644e-01
325 1.299014e+02 1.127978e+02 4.512832e+01 4.558416e+01 4.218442e-01
326 1.283318e+02 1.136373e+02 4.512832e+01 4.558416e+01 4.051736e-01
327 1.271602e+02 1.120521e+02 4.512832e+01 4.558416e+01 4.155934e-01
328 1.270086e+02 1.112178e+02 4.512832e+01 4.558416e+01 4.182468e-01
329 1.273288e+02 1.097268e+02 4.512832e+01 4.558416e+01 4.159441e-01
330 1.257078e+02 1.094815e+02 4.512832e+01 4.558416e+01 4.059706e-01
331 1.241924e+02 1.078252e+02 4.512832e+01 4.558416e+01 4.037664e-01
332 1.220647e+02 1.065671e+02 4.512832e+01 4.558416e+01 3.968120e-01
333 1.195738e+02 1.045959e+02 4.512832e+01 4.558416e+01 3.914858e-01
334 1.176832e+02 1.031408e+02 4.512832e+01 4.558416e+01 3.820385e-01
335 1.144809e+02 1.019611e+02 4.512832e+01 4.558416e+01 4.558473e-01
336 1.114654e+02 1.017842e+02 4.512832e+01 4.558416e+01 4.478744e-01
337 1.107953e+02 1.003366e+02 4.512832e+01 4.558416e+01 3.745196e-01
338 1.169862e+02 9.784462e+01 4.512832e+01 4.558416e+01 3.661744e-01
339 1.244952e+02 9.453699e+01 4.512832e+01 4.558416e+01 4.246239e-01
340 1.297533e+02 9.226849e+01 4.512832e+01 4.558416e+01 4.634128e-01
341 1.367139e+02 9.453166e+01 4.512832e+01 4.558416e+01 4.824825e-01
342 1.452455e+02 9.703968e+01 4.512832e+01 4.558416e+01 4.131744e-01
343 1.460418e+02 9.974296e+01 4.512832e+01 4.558416e+01 3.348102e-01
344 1.448880e+02 1.004780e+02 4.512832e+01 4.558416e+01 2.466429e-01
345 1.367732e+02 1.003372e+02 4.512832e+01 4.558416e+01 2.326682e-01
346 1.290465e+02 9.989464e+01 4.512832e+01 4.558416e+01 2.021950e-01
347 1.213736e+02 1.006196e+02 4.512832e+01 4.558416e+01 2.271093e-01
348 1.154484e+02 1.010553e+02 4.512832e+01 4.558416e+01 2.437521e-01
349 1.082690e+02 1.038521e+02 4.512832e+01 4.558416e+01 2.898180e-01
350 1.016365e+02 1.052212e+02 4.512832e+01 4.558416e+01 3.638908e-01
351 9.682065e+01 1.078818e+02 4.512832e+01 4.558416e+01 4.220381e-01
352 9.192309e+01 1.098475e+02 4.512832e+01 4.558416e+01 5.042233e-01
353 8.995089e+01 1.133716e+02 4.512832e+01 4.558416e+01 5.681925e-01
354 8.894407e+01 1.155180e+02 4.512832e+01 4.558416e+01 5.769012e-01
355 8.956374e+01 1.177854e+02 4.512832e+01 4.558416e+01 5.835577e-01
356 9.106690e+01 1.186636e+02 4.512832e+01 4.558416e+01 5.951431e-01
357 9.369274e+01 1.192359e+02 4.512832e+01 4.558416e+01 6.138159e-01
358 9.782523e+01 1.189850e+02 4.512832e+01 4.558416e+01 6.336939e-01
359 1.013988e+02 1.178622e+02 4.512832e+01 4.558416e+01 6.464709e-01
360 1.050730e+02 1.181937e+02 4.512832e+01 4.558416e+01 6.387948e-01
361 1.096155e+02 1.177717e+02 4.512832e+01 4.558416e+01 6.441251e-01
362 1.121164e+02 1.178742e+02 4.512832e+01 4.558416e+01 6.575052e-01
363 1.149095e+02 1.209722e+02 4.512832e+01 4.558416e+01 6.652491e-01
364 1.172603e+02 1.220136e+02 4.512832e+01 4.558416e+01 6.847211e-01
365 1.198692e+02 1.234873e+02 4.512832e+01 4.558416e+01 6.991575e-01
366 1.234824e+02 1.234256e+02 4.512832e+01 4.558416e+01 7.080308e-01
367 1.271290e+02 1.251015e+02 4.512832e+01 4.558416e+01 7.051039e-01
368 1.291363e+02 1.251981e+02 4.512832e+01 4.558416e+01 6.894672e-01
369 1.302722e+02 1.264229e+02 4.512832e+01 4.558416e+01 6.971909e-01
370 1.316866e+02 1.266200e+02 4.512832e+01 4.558416e+01 7.146659e-01
371 1.332322e+02 1.261286e+02 4.512832e+01 4.558416e+01 7.241573e-01
372 1.349549e+02 1.265965e+02 4.512832e+01 4.558416e+01 7.628438e-01
373 1.377990e+02 1.270747e+02 4.512832e+01 4.558416e+01 7.375272e-01
374 1.373787e+02 1.253102e+02 4.512832e+01 4.558416e+01 7.875873e-01
375 1.387985e+02 1.248870e+02 4.512832e+01 4.558416e+01 7.818704e-01
376 1.388900e+02 1.247474e+02 4.512832e+01 4.558416e+01 8.056132e-01
377 1.393269e+02 1.253695e+02 4.512832e+01 4.558416e+01 8.089460e-01
378 1.411926e+02 1.249638e+02 4.512832e+01 4.558416e+01 8.067095e-01
379 1.427137e+02 1.250318e+02 4.512832e+01 4.558416e+01 7.918914e-01
380 1.426600e+02 1.242381e+02 4.512832e+01 4.558416e+01 8.424180e-01
381 1.440563e+02 1.235704e+02 4.512832e+01 4.558416e+01 8.459844e-01
382 1.449672e+02 1.229433e+02 4.512832e+01 4.558416e+01 8.539412e-01
383 1.457721e+02 1.229743e+02 4.512832e+01 4.558416e+01 8.269185e-01
384 1.471533e+02 1.205770e+02 4.512832e+01 4.558416e+01 8.155429e-01
385 1.488668e+02 1.195216e+02 4.512832e+01 4.558416e+01 7.983276e-01
386 1.521019e+02 1.189959e+02 4.512832e+01 4.558416e+01 8.142229e-01
387 1.546830e+02 1.196883e+02 4.512832e+01 4.558416e+01 7.399868e-01
388 1.575390e+02 1.190456e+02 4.512832e+01 4.558416e+01 7.249939e-01
389 1.600371e+02 1.168416e+02 4.512832e+01 4.558416e+01 6.883961e-01
390 1.636928e+02 1.150571e+02 4.512832e+01 4.558416e+01 6.983563e-01
391 1.667963e+02 1.129726e+02 4.512832e+01 4.558416e+01 6.694125e-01
392 1.710724e+02 1.117494e+02 4.512832e+01 4.558416e+01 7.014622e-01
393 1.757961e+02 1.081372e+02 4.512832e+01 4.558416e+01 7.489773e-01
394 1.779892e+02 1.056876e+02 4.512832e+01 4.558416e+01 7.307069e-01
395 1.791823e+02 1.035968e+02 4.512832e+01 4.558416e+01 6.856842e-01
396 1.832969e+02 1.018144e+02 4.512832e+01 4.558416e+01 6.810152e-01
397 1.872240e+02 1.001672e+02 4.512832e+01 4.558416e+01 6.628876e-01
398 1.900644e+02 9.946019e+01 4.512832e+01 4.558416e+01 6.696497e-01
399 1.927115e+02 9.837697e+01 4.512832e+01 4.558416e+01 6.678654e-01
400 1.965515e+02 9.786764e+01 4.512832e+01 4.558416e+01 6.586963e-01
401 1.991489e+02 9.831497e+01 4.512832e+01 4.558416e+01 6.620850e-01
402 2.008623e+02 9.699077e+01 4.512832e+01 4.558416e+01 6.141495e-01
403 2.043062e+02 9.517658e+01 4.512832e+01 4.558416e+01 6.325257e-01
404 2.075507e+02 9.386740e+01 4.512832e+01 4.558416e+01 6.633743e-01
405 2.103680e+02 9.237798e+01 4.512832e+01 4.558416e+01 8.045517e-01
406 2.119627e+02 9.125951e+01 4.512832e+01 4.558416e+01 7.444532e-01
407 2.098197e+02 9.055287e+01 4.512832e+01 4.558416e+01 6.858203e-01
408 2.053451e+02 9.086772e+01 4.512832e+01 4.558416e+01 6.171474e-01
409 2.019857e+02 9.424088e+01 4.512832e+01 4.558416e+01 6.239500e-01
410 1.988941e+02 9.664106e+01 4.512832e+01 4.558416e+01 6.327233e-01
411 1.943187e+02 9.966883e+01 4.512832e+01 4.558416e+01 6.823959e-01
412 1.912330e+02 1.010941e+02 4.512832e+01 4.558416e+01 6.765633e-01
413 1.878207e+02 1.009466e+02 4.512832e+01 4.558416e+01 6.385305e-01
414 1.855452e+02 1.027209e+02 4.512832e+01 4.558416e+01 6.201846e-01
415 1.831808e+02 1.032636e+02 4.512832e+01 4.558416e+01 6.004860e-01
416 1.797438e+02 1.038602e+02 4.512832e+01 4.558416e+01 6.352372e-01
417 1.761993e+02 1.056148e+02 4.512832e+01 4.558416e+01 7.074139e-01
418 1.744640e+02 1.068768e+02 4.512832e+01 4.558416e+01 7.337180e-01
419 1.745751e+02 1.076342e+02 4.512832e+01 4.558416e+01 6.473261e-01
420 1.740275e+02 1.086054e+02 4.512832e+01 4.558416e+01 5.970940e-01
421 1.711146e+02 1.099687e+02 4.512832e+01 4.558416e+01 5.913044e-01
422 1.682500e+02 1.106359e+02 4.512832e+01 4.558416e+01 5.697602e-01
423 1.663226e+02 1.140223e+02 4.512832e+01 4.558416e+01 5.485385e-01
424 1.640905e+02 1.176963e+02 4.512832e+01 4.558416e+01 5.927350e-01
425 1.616976e+02 1.218592e+02 4.512832e+01 4.558416e+01 6.247119e-01
426 1.593871e+02 1.242761e+02 4.512832e+01 4.558416e+01 6.368560e-01
427 1.576738e+02 1.272707e+02 4.512832e+01 4.558416e+01 6.621183e-01
428 1.554467e+02 1.291927e+02 4.512832e+01 4.558416e+01 6.529152e-01
429 1.534637e+02 1.316839e+02 4.512832e+01 4.558416e+01 6.482484e-01
430 1.512145e+02 1.323285e+02 4.512832e+01 4.558416e+01 6.740090e-01
431 1.481870e+02 1.337471e+02 4.512832e+01 4.558416e+01 6.969666e-01
432 1.466708e+02 1.351008e+02 4.512832e+01 4.558416e+01 7.024373e-01
433 1.453403e+02 1.340908e+02 4.512832e+01 4.558416e+01 7.326911e-01
434 1.452913e+02 1.348701e+02 4.512832e+01 4.558416e+01 7.103484e-01
435 1.444571e+02 1.370697e+02 4.512832e+01 4.558416e+01 6.946823e-01
436 1.425970e+02 1.382414e+02 4.512832e+01 4.558416e+01 6.844634e-01
437 1.416557e+02 1.390168e+02 4.512832e+01 4.558416e+01 6.749009e-01
438 1.434076e+02 1.389419e+02 4.512832e+01 4.558416e+01 5.949018e-01
439 1.416238e+02 1.397176e+02 4.512832e+01 4.558416e+01 5.766606e-01
440 1.396054e+02 1.399916e+02 4.512832e+01 4.558416e+01 5.485367e-01
441 1.365895e+02 1.415829e+02 4.512832e+01 4.558416e+01 5.264760e-01
442 1.336534e+02 1.413563e+02 4.512832e+01 4.558416e+01 5.173172e-01
443 1.306968e+02 1.407708e+02 4.512832e+01 4.558416e+01 5.022277e-01
444 1.275135e+02 1.408974e+02 4.512832e+01 4.558416e+01 4.979042e-01
445 1.228236e+02 1.422342e+02 4.512832e+01 4.558416e+01 5.666975e-01
446 1.185820e+02 1.427021e+02 4.512832e+01 4.558416e+01 6.351438e-01
447 1.158561e+02 1.454322e+02 4.512832e+01 4.558416e+01 5.978817e-01
448 1.147665e+02 1.469104e+02 4.512832e+01 4.558416e+01 5.435578e-01
449 1.162102e+02 1.460597e+02 4.512832e+01 4.558416e+01 5.000345e-01
450 1.199022e+02 1.449092e+02 4.512832e+01 4.558416e+01 4.815818e-01
451 1.216590e+02 1.428228e+02 4.512832e+01 4.558416e+01 4.563822e-01
452 1.251768e+02 1.381850e+02 4.512832e+01 4.558416e+01 5.100231e-01
453 1.293334e+02 1.349604e+02 4.512832e+01 4.558416e+01 5.472874e-01
454 1.303394e+02 1.329030e+02 4.512832e+01 4.558416e+01 5.553306e-01
455 1.308756e+02 1.309304e+02 4.512832e+01 4.558416e+01 5.672649e-01
456 1.325174e+02 1.286320e+02 4.512832e+01 4.558416e+01 5.563607e-01
457 1.306334e+02 1.280476e+02 4.512832e+01 4.558416e+01 5.839478e-01
458 1.300317e+02 1.257079e+02 4.512832e+01 4.558416e+01 6.039497e-01
459 1.299514e+02 1.247388e+02 4.512832e+01 4.558416e+01 6.217693e-01
460 1.302224e+02 1.244812e+02 4.512832e+01 4.558416e+01 6.561719e-01
461 1.309981e+02 1.234307e+02 4.512832e+01 4.558416e+01 6.421766e-01
462 1.311707e+02 1.224946e+02 4.512832e+01 4.558416e+01 6.474181e-01
463 1.309815e+02 1.237973e+02 4.512832e+01 4.558416e+01 6.734283e-01
464 1.314076e+02 1.284611e+02 4.512832e+01 4.558416e+01 6.275982e-01
465 1.329641e+02 1.296110e+02 4.512832e+01 4.558416e+01 5.972856e-01
466 1.356268e+02 1.295205e+02 4.512832e+01 4.558416e+01 5.905655e-01
467 1.385488e+02 1.273630e+02 4.512832e+01 4.558416e+01 6.359013e-01
468 1.405748e+02 1.286297e+02 4.512832e+01 4.558416e+01 6.185165e-01
469 1.431945e+02 1.277057e+02 4.512832e+01 4.558416e+01 6.493374e-01
470 1.450832e+02 1.298528e+02 4.512832e+01 4.558416e+01 6.128122e-01
471 1.479768e+02 1.295085e+02 4.512832e+01 4.558416e+01 6.507853e-01
472 1.508718e+02 1.290437e+02 4.512832e+01 4.558416e+01 6.944351e-01
473 1.517296e+02 1.286634e+02 4.512832e+01 4.558416e+01 6.693692e-01
474 1.518888e+02 1.291366e+02 4.512832e+01 4.558416e+01 6.655970e-01
475 1.507441e+02 1.293290e+02 4.512832e+01 4.558416e+01 6.651372e-01
476 1.509948e+02 1.287256e+02 4.512832e+01 4.558416e+01 6.385949e-01
477 1.505448e+02 1.267933e+02 4.512832e+01 4.558416e+01 6.551890e-01
478 1.492698e+02 1.255521e+02 4.512832e+01 4.558416e+01 6.671524e-01
479 1.479091e+02 1.257180e+02 4.512832e+01 4.558416e+01 6.644284e-01
480 1.452366e+02 1.264992e+02 4.512832e+01 4.558416e+01 6.503101e-01
481 1.442060e+02 1.277529e+02 4.512832e+01 4.558416e+01 6.042602e-01
482 1.419171e+02 1.257195e+02 4.512832e+01 4.558416e+01 6.335098e-01
483 1.398486e+02 1.246077e+02 4.512832e+01 4.558416e+01 6.359100e-01
484 1.390928e+02 1.243215e+02 4.512832e+01 4.558416e+01 5.913950e-01
485 1.368565e+02 1.237520e+02 4.512832e+01 4.558416e+01 5.764931e-01
486 1.321267e+02 1.247971e+02 4.512832e+01 4.558416e+01 5.717702e-01
487 1.275423e+02 1.240713e+02 4.512832e+01 4.558416e+01 5.966898e-01
488 1.241654e+02 1.215325e+02 4.512832e+01 4.558416e+01 6.756694e-01
489 1.217030e+02 1.204799e+02 4.512832e+01 4.558416e+01 7.161089e-01
490 1.208141e+02 1.202184e+02 4.512832e+01 4.558416e+01 6.865566e-01
491 1.199215e+02 1.190251e+02 4.512832e+01 4.558416e+01 6.766486e-01
492 1.182892e+02 1.193156e+02 4.512832e+01 4.558416e+01 6.956909e-01
493 1.165228e+02 1.198407e+02 4.512832e+01 4.558416e+01 7.155441e-01
494 1.156909e+02 1.204399e+02 4.512832e+01 4.558416e+01 7.001074e-01
495 1.148046e+02 1.204039e+02 4.512832e+01 4.558416e+01 6.943448e-01
496 1.137361e+02 1.214988e+02 4.512832e+01 4.558416e+01 6.612472e-01
497 1.132007e+02 1.214870e+02 4.512832e+01 4.558416e+01 6.422791e-01
498 1.118879e+02 1.209771e+02 4.512832e+01 4.558416e+01 6.490904e-01
499 1.117228e+02 1.197575e+02 4.512832e+01 4.558416e+01 6.675745e-01
500 1.130152e+02 1.181880e+02 4.512832e+01 4.558416e+01 6.548313e-01
501 1.119141e+02 1.174087e+02 4.512832e+01 4.558416e+01 6.912312e-01
502 1.116704e+02 1.177884e+02 4.512832e+01 4.558416e+01 6.869658e-01
503 1.114818e+02 1.172715e+02 4.512832e+01 4.558416e+01 6.922391e-01
504 1.112668e+02 1.180244e+02 4.512832e+01 4.558416e+01 6.852930e-01
505 1.107577e+02 1.188381e+02 4.512832e+01 4.558416e+01 6.920649e-01
506 1.095362e+02 1.202055e+02 4.512832e+01 4.558416e+01 7.004991e-01
507 1.099904e+02 1.213460e+02 4.512832e+01 4.558416e+01 6.726274e-01
508 1.098252e+02 1.225808e+02 4.512832e+01 4.558416e+01 7.050212e-01
509 1.100490e+02 1.256041e+02 4.512832e+01 4.558416e+01 6.982607e-01
510 1.099524e+02 1.271374e+02 4.512832e+01 4.558416e+01 6.904527e-01
511 1.103433e+02 1.271434e+02 4.512832e+01 4.558416e+01 6.962085e-01
512 1.090511e+02 1.288215e+02 4.512832e+01 4.558416e+01 7.052211e-01
513 1.096671e+02 1.301149e+02 4.512832e+01 4.558416e+01 6.426609e-01
514 1.098091e+02 1.305643e+02 4.512832e+01 4.558416e+01 4.510675e-01
515 1.122671e+02 1.298462e+02 4.512832e+01 4.558416e+01 2.542878e-01
516 1.225831e+02 1.304927e+02 4.512832e+01 4.558416e+01 1.294014e-01
517 1.318759e+02 1.328485e+02 4.512832e+01 4.558416e+01 1.008595e-02
518 1.440637e+02 1.392519e+02 4.512832e+01 4.558416e+01 0.000000e+00
519 1.540421e+02 1.486522e+02 4.512832e+01 4.558416e+01 3.683401e-02
520 1.627044e+02 1.502348e+02 4.512832e+01 4.558416e+01 1.056504e-01
521 1.731319e+02 1.417014e+02 4.512832e+01 4.558416e+01 2.062667e-01
522 1.832052e+02 1.462700e+02 4.512832e+01 4.558416e+01 3.188281e-01
523 1.921740e+02 1.480721e+02 4.512832e+01 4.558416e+01 4.424837e-01
524 1.989398e+02 1.505073e+02 4.512832e+01 4.558416e+01 6.097411e-01
525 2.020532e+02 1.524333e+02 4.512832e+01 4.558416e+01 6.654269e-01
526 2.057210e+02 1.560960e+02 4.512832e+01 4.558416e+01 6.363527e-01
527 2.068786e+02 1.600041e+02 4.512832e+01 4.558416e+01 6.492567e-01
528 2.078470e+02 1.612355e+02 4.512832e+01 4.558416e+01 6.571105e-01
529 2.080573e+02 1.641085e+02 4.512832e+01 4.558416e+01 6.211708e-01
530 2.082343e+02 1.648154e+02 4.512832e+01 4.558416e+01 6.149391e-01
531 2.097874e+02 1.644080e+02 4.512832e+01 4.558416e+01 5.977288e-01
532 2.095026e+02 1.630272e+02 4.512832e+01 4.558416e+01 5.760665e-01
533 2.084733e+02 1.609825e+02 4.512832e+01 4.558416e+01 6.101254e-01
534 2.077403e+02 1.598905e+02 4.512832e+01 4.558416e+01 5.714599e-01
535 2.067225e+02 1.573676e+02 4.512832e+01 4.558416e+01 5.795889e-01
536 2.050548e+02 1.578407e+02 4.512832e+01 4.558416e+01 6.173781e-01
537 2.044382e+02 1.571636e+02 4.512832e+01 4.558416e+01 5.409764e-01
538 2.041114e+02 1.562535e+02 4.512832e+01 4.558416e+01 5.583871e-01
539 2.026256e+02 1.564569e+02 4.512832e+01 4.558416e+01 5.593544e-01
540 2.007314e+02 1.558932e+02 4.512832e+01 4.558416e+01 5.385237e-01
541 2.001036e+02 1.539215e+02 4.512832e+01 4.558416e+01 5.390225e-01
542 1.977261e+02 1.542147e+02 4.512832e+01 4.558416e+01 5.416148e-01
543 1.951117e+02 1.537814e+02 4.512832e+01 4.558416e+01 5.421323e-01
544 1.929691e+02 1.512021e+02 4.512832e+01 4.558416e+01 5.518130e-01
545 1.912296e+02 1.497853e+02 4.512832e+01 4.558416e+01 5.618773e-01
546 1.883313e+02 1.491318e+02 4.512832e+01 4.558416e+01 5.580452e-01
547 1.839938e+02 1.488985e+02 4.512832e+01 4.558416e+01 5.821864e-01
548 1.801727e+02 1.480897e+02 4.512832e+01 4.558416e+01 6.332748e-01
549 1.771468e+02 1.486229e+02 4.512832e+01 4.558416e+01 6.500212e-01
550 1.745112e+02 1.479880e+02 4.512832e+01 4.558416e+01 6.588005e-01
551 1.716715e+02 1.482465e+02 4.512832e+01 4.558416e+01 6.966360e-01
552 1.694801e+02 1.479339e+02 4.512832e+01 4.558416e+01 7.430278e-01
553 1.672336e+02 1.468148e+02 4.512832e+01 4.558416e+01 8.280156e-01
554 1.675354e+02 1.455749e+02 4.512832e+01 4.558416e+01 8.220214e-01
555 1.680472e+02 1.438379e+02 4.512832e+01 4.558416e+01 8.519892e-01
556 1.684497e+02 1.418796e+02 4.512832e+01 4.558416e+01 8.379428e-01
557 1.694779e+02 1.406942e+02 4.512832e+01 4.558416e+01 8.344380e-01
558 1.711633e+02 1.404730e+02 4.512832e+01 4.558416e+01 8.251377e-01
559 1.734263e+02 1.396099e+02 4.512832e+01 4.558416e+01 8.013315e-01
560 1.742586e+02 1.386141e+02 4.512832e+01 4.558416e+01 7.725765e-01
561 1.738257e+02 1.375609e+02 4.512832e+01 4.558416e+01 8.154173e-01
562 1.747318e+02 1.366633e+02 4.512832e+01 4.558416e+01 8.030899e-01
563 1.750414e+02 1.363183e+02 4.512832e+01 4.558416e+01 8.077510e-01
564 1.756429e+02 1.358609e+02 4.512832e+01 4.558416e+01 7.817908e-01
565 1.768418e+02 1.344511e+02 4.512832e+01 4.558416e+01 7.915332e-01
566 1.777962e+02 1.316395e+02 4.512832e+01 4.558416e+01 7.601477e-01
567 1.789014e+02 1.307941e+02 4.512832e+01 4.558416e+01 7.511072e-01
568 1.795698e+02 1.297044e+02 4.512832e+01 4.558416e+01 7.425690e-01
569 1.797769e+02 1.292768e+02 4.512832e+01 4.558416e+01 7.254969e-01
570 1.803143e+02 1.295686e+02 4.512832e+01 4.558416e+01 6.958581e-01
571 1.818816e+02 1.292364e+02 4.512832e+01 4.558416e+01 6.874937e-01
572 1.825034e+02 1.298544e+02 4.512832e+01 4.558416e+01 6.749938e-01
573 1.794405e+02 1.320715e+02 4.512832e+01 4.558416e+01 6.626973e-01
574 1.794838e+02 1.337218e+02 4.512832e+01 4.558416e+01 6.504990e-01
575 1.788274e+02 1.332540e+02 4.512832e+01 4.558416e+01 6.623229e-01
576 1.785075e+02 1.326844e+02 4.512832e+01 4.558416e+01 6.747413e-01
577 1.761583e+02 1.336709e+02 4.512832e+01 4.558416e+01 6.626202e-01
578 1.737768e+02 1.340943e+02 4.512832e+01 4.558416e+01 6.747413e-01
579 1.706680e+02 1.341403e+02 4.512832e+01 4.558416e+01 6.526857e-01
580 1.689228e+02 1.371129e+02 4.512832e+01 4.558416e+01 6.665133e-01
581 1.679335e+02 1.400718e+02 4.512832e+01 4.558416e+01 6.504514e-01
582 1.648163e+02 1.409719e+02 4.512832e+01 4.558416e+01 6.785587e-01
583 1.620573e+02 1.418223e+02 4.512832e+01 4.558416e+01 6.623861e-01
584 1.595732e+02 1.432663e+02 4.512832e+01 4.558416e+01 6.575961e-01
585 1.571400e+02 1.440335e+02 4.512832e+01 4.558416e+01 6.641393e-01
586 1.542695e+02 1.442539e+02 4.512832e+01 4.558416e+01 6.422554e-01
587 1.523448e+02 1.443170e+02 4.512832e+01 4.558416e+01 6.363010e-01
588 1.513199e+02 1.429644e+02 4.512832e+01 4.558416e+01 5.885830e-01
589 1.506239e+02 1.435951e+02 4.512832e+01 4.558416e+01 5.725330e-01
590 1.486313e+02 1.459762e+02 4.512832e+01 4.558416e+01 5.923640e-01
591 1.470160e+02 1.491294e+02 4.512832e+01 4.558416e+01 6.420415e-01
592 1.452597e+02 1.519112e+02 4.512832e+01 4.558416e+01 6.561879e-01
593 1.414755e+02 1.535174e+02 4.512832e+01 4.558416e+01 7.295656e-01
594 1.392393e+02 1.554859e+02 4.512832e+01 4.558416e+01 7.166615e-01
595 1.370478e+02 1.561826e+02 4.512832e+01 4.558416e+01 7.083254e-01
596 1.356013e+02 1.575908e+02 4.512832e+01 4.558416e+01 7.041617e-01
597 1.352421e+02 1.598323e+02 4.512832e+01 4.558416e+01 7.126228e-01
598 1.346623e+02 1.600233e+02 4.512832e+01 4.558416e+01 7.126228e-01
599 1.334437e+02 1.606111e+02 4.512832e+01 4.558416e+01 7.297661e-01
600 1.324684e+02 1.606632e+02 4.512832e+01 4.558416e+01 7.127222e-01
601 1.317327e+02 1.611091e+02 4.512832e+01 4.558416e+01 7.084338e-01
602 1.310266e+02 1.611134e+02 4.512832e+01 4.558416e+01 7.127222e-01
6.207522e-01 1.908310e-01
