261 5.931750e+02 8.149058e+01 4.100000e+01 5.853660e-01 5.692192e-01
262 5.888236e+02 8.487881e+01 4.099997e+01 5.853824e-01 4.759958e-01
263 5.823134e+02 8.854965e+01 4.099992e+01 5.853964e-01 4.484166e-01
264 5.773011e+02 8.981026e+01 4.099983e+01 5.854416e-01 4.321287e-01
265 5.730393e+02 9.089621e+01 4.099981e+01 5.855191e-01 3.192384e-01
266 5.708826e+02 9.049614e+01 4.099974e+01 5.856000e-01 2.472167e-01
267 5.620267e+02 9.076278e+01 4.099978e+01 5.856630e-01 3.175759e-01
268 5.555677e+02 9.254340e+01 4.099974e+01 5.857448e-01 2.980664e-01
269 5.477519e+02 9.454114e+01 4.099973e+01 5.857893e-01 2.055123e-01
270 5.330105e+02 1.017114e+02 4.100009e+01 5.857336e-01 2.876986e-01
271 5.124052e+02 1.059040e+02 4.100030e+01 5.856805e-01 4.230703e-01
272 5.034179e+02 1.054868e+02 4.100030e+01 5.856767e-01 4.873503e-01
273 4.869795e+02 1.042603e+02 4.100030e+01 5.857021e-01 6.391091e-01
274 4.758244e+02 1.060000e+02 4.100034e+01 5.854597e-01 6.768710e-01
275 4.686237e+02 1.095843e+02 4.100044e+01 5.856201e-01 6.152491e-01
276 4.694835e+02 1.103282e+02 4.100046e+01 5.856970e-01 4.885876e-01
277 4.757056e+02 1.104699e+02 4.100038e+01 5.859179e-01 2.616631e-01
278 4.719086e+02 1.094232e+02 4.100042e+01 5.860213e-01 2.173686e-01
279 4.627409e+02 1.065725e+02 4.100049e+01 5.859029e-01 2.206105e-01
280 4.487647e+02 1.045786e+02 4.100082e+01 5.857120e-01 1.138751e-01
281 4.365653e+02 1.054910e+02 4.100126e+01 5.859830e-01 1.575095e-01
282 4.293774e+02 1.093366e+02 4.100070e+01 5.857190e-01 1.599984e-01
283 4.213412e+02 1.109344e+02 4.100080e+01 5.857691e-01 1.415422e-01
284 4.178292e+02 1.132355e+02 4.100047e+01 5.855565e-01 4.820634e-02
285 4.108870e+02 1.113572e+02 4.100050e+01 5.854439e-01 0.000000e+00
286 3.980057e+02 1.097462e+02 4.100001e+01 5.849832e-01 0.000000e+00
287 3.682651e+02 1.103187e+02 4.099979e+01 5.846895e-01 6.715698e-02
288 3.595868e+02 1.129049e+02 4.100033e+01 5.848207e-01 6.664241e-02
289 3.484844e+02 1.158892e+02 4.100017e+01 5.846299e-01 7.025804e-02
290 3.349598e+02 1.175905e+02 4.099936e+01 5.844600e-01 3.304798e-02
291 3.316202e+02 1.212920e+02 4.099767e+01 5.839663e-01 1.741088e-02
292 3.231719e+02 1.310282e+02 4.099755e+01 5.840903e-01 4.016052e-02
293 3.171299e+02 1.408412e+02 4.099825e+01 5.842909e-01 3.842584e-02
294 3.111076e+02 1.463100e+02 4.099633e+01 5.837720e-01 4.236304e-02
295 3.044134e+02 1.441949e+02 4.099585e+01 5.839413e-01 2.158398e-02
296 2.961078e+02 1.420575e+02 4.099544e+01 5.838457e-01 0.000000e+00
297 2.822731e+02 1.405786e+02 4.099556e+01 5.839817e-01 8.234829e-02
298 2.609697e+02 1.419801e+02 4.099486e+01 5.839969e-01 1.988266e-01
299 2.495724e+02 1.444076e+02 4.099532e+01 5.842125e-01 2.331399e-01
300 2.494460e+02 1.455963e+02 4.099490e+01 5.841611e-01 2.100962e-01
301 2.464805e+02 1.512126e+02 4.099421e+01 5.840608e-01 3.218279e-01
302 2.457055e+02 1.580540e+02 4.099397e+01 5.839514e-01 4.780065e-01
303 2.300086e+02 1.657890e+02 4.099310e+01 5.837805e-01 5.448764e-01
304 2.250797e+02 1.697638e+02 4.099236e+01 5.835607e-01 5.308249e-01
305 2.215492e+02 1.696422e+02 4.099226e+01 5.837024e-01 4.527207e-01
306 2.200763e+02 1.793861e+02 4.099251e+01 5.840893e-01 2.611259e-01
307 2.180644e+02 1.797574e+02 4.099261e+01 5.842164e-01 2.394995e-01
308 2.177526e+02 1.787242e+02 4.099344e+01 5.843571e-01 2.257029e-01
309 2.178097e+02 1.786252e+02 4.099365e+01 5.843676e-01 1.989281e-01
310 2.171962e+02 1.770758e+02 4.099352e+01 5.843437e-01 1.904856e-01
311 2.174925e+02 1.748195e+02 4.099340e+01 5.843325e-01 1.959718e-01
312 2.180136e+02 1.740799e+02 4.099347e+01 5.842648e-01 1.613038e-01
313 2.201989e+02 1.759947e+02 4.099385e+01 5.841095e-01 1.152987e-01
314 2.227128e+02 1.751617e+02 4.099374e+01 5.840848e-01 1.221614e-01
315 2.274981e+02 1.730227e+02 4.099339e+01 5.841292e-01 1.632971e-01
316 2.316856e+02 1.741810e+02 4.099302e+01 5.840084e-01 1.655829e-01
317 2.380109e+02 1.769503e+02 4.099349e+01 5.836759e-01 1.986545e-01
318 2.412978e+02 1.787202e+02 4.099371e+01 5.836098e-01 1.684615e-01
319 2.459636e+02 1.804042e+02 4.099295e+01 5.838879e-01 1.003916e-01
320 2.492512e+02 1.805248e+02 4.099290e+01 5.836168e-01 1.010036e-01
321 2.572780e+02 1.817437e+02 4.099295e+01 5.833154e-01 1.628628e-01
322 2.599673e+02 1.817057e+02 4.099390e+01 5.827451e-01 1.548230e-01
323 2.638349e+02 1.812993e+02 4.099334e+01 5.827385e-01 1.398496e-01
324 2.664890e+02 1.794290e+02 4.099263e+01 5.828759e-01 1.157096e-01
325 2.700488e+02 1.783301e+02 4.098955e+01 5.839330e-01 3.681380e-02
326 2.753264e+02 1.732652e+02 4.098913e+01 5.835547e-01 2.749317e-02
327 2.815359e+02 1.758900e+02 4.098731e+01 5.840792e-01 4.804011e-02
328 2.895513e+02 1.769070e+02 4.098955e+01 5.832514e-01 6.430319e-02
329 2.997525e+02 1.753922e+02 4.098936e+01 5.830503e-01 7.919788e-02
330 3.064358e+02 1.757891e+02 4.098979e+01 5.824865e-01 2.808447e-02
331 3.144711e+02 1.754441e+02 4.099080e+01 5.818974e-01 3.508063e-02
332 3.218023e+02 1.790579e+02 4.099285e+01 5.810380e-01 4.224464e-02
333 3.278185e+02 1.851428e+02 4.099107e+01 5.816655e-01 4.313422e-02
334 3.343157e+02 1.869127e+02 4.099257e+01 5.808951e-01 4.422763e-02
335 3.472000e+02 1.856386e+02 4.099266e+01 5.806223e-01 5.650068e-02
336 3.588708e+02 1.848114e+02 4.099331e+01 5.802765e-01 5.341099e-02
337 3.699566e+02 1.883322e+02 4.099690e+01 5.787656e-01 6.826953e-02
338 3.756606e+02 1.910586e+02 4.099841e+01 5.780578e-01 2.007780e-02
339 3.749781e+02 1.952403e+02 4.099860e+01 5.778082e-01 0.000000e+00
340 3.820727e+02 2.123006e+02 4.099706e+01 5.785520e-01 0.000000e+00
341 3.874758e+02 2.176660e+02 4.099920e+01 5.771558e-01 0.000000e+00
342 4.049036e+02 2.235118e+02 4.099952e+01 5.769936e-01 0.000000e+00
343 4.259320e+02 2.330511e+02 4.099988e+01 5.766855e-01 9.427926e-02
344 4.337442e+02 2.374235e+02 4.099946e+01 5.767859e-01 7.975649e-02
345 4.434689e+02 2.247979e+02 4.100028e+01 5.763678e-01 4.175689e-02
346 4.615627e+02 2.230971e+02 4.100039e+01 5.763395e-01 0.000000e+00
347 4.797718e+02 2.251135e+02 4.099911e+01 5.767384e-01 0.000000e+00
348 4.894275e+02 2.358958e+02 4.099913e+01 5.766433e-01 3.943226e-03
349 4.981818e+02 2.456851e+02 4.099921e+01 5.765774e-01 4.052662e-02
350 4.994745e+02 2.622417e+02 4.099927e+01 5.764184e-01 6.359628e-03
351 5.034231e+02 2.706826e+02 4.099930e+01 5.763085e-01 0.000000e+00
352 5.228323e+02 2.724425e+02 4.099931e+01 5.759845e-01 1.729715e-02
353 5.287860e+02 2.736437e+02 4.099937e+01 5.757523e-01 1.594759e-03
354 5.479757e+02 2.776209e+02 4.099946e+01 5.755886e-01 1.342596e-02
355 5.566416e+02 2.913398e+02 4.099949e+01 5.755069e-01 0.000000e+00
356 5.676765e+02 3.081829e+02 4.099958e+01 5.753627e-01 7.802640e-03
357 5.855601e+02 3.247247e+02 4.099945e+01 5.751913e-01 1.843811e-01
1.651641e-01 1.716830e-01
