197 3.745932e+02 2.728226e+02 6.800000e+01 4.200000e+01 9.312963e-01
198 3.722384e+02 2.682890e+02 6.800000e+01 4.200000e+01 7.482702e-01
199 3.712466e+02 2.654359e+02 6.800000e+01 4.200000e+01 6.282721e-01
200 3.735123e+02 2.628548e+02 6.800000e+01 4.200000e+01 5.554344e-01
201 3.781622e+02 2.622683e+02 6.800000e+01 4.200000e+01 5.257412e-01
202 3.822927e+02 2.605539e+02 6.800000e+01 4.200000e+01 5.002312e-01
203 3.907239e+02 2.621806e+02 6.800000e+01 4.200000e+01 5.071572e-01
204 3.983733e+02 2.644662e+02 6.800000e+01 4.200000e+01 5.147060e-01
205 4.032891e+02 2.629165e+02 6.800000e+01 4.200000e+01 4.772407e-01
206 4.076263e+02 2.617298e+02 6.800000e+01 4.200000e+01 4.411764e-01
207 4.095887e+02 2.592592e+02 6.800000e+01 4.200000e+01 3.732491e-01
208 4.110436e+02 2.576904e+02 6.800000e+01 4.200000e+01 3.413868e-01
209 4.131501e+02 2.554333e+02 6.800000e+01 4.200000e+01 3.060224e-01
210 4.153113e+02 2.557505e+02 6.800000e+01 4.200000e+01 2.899160e-01
211 4.177467e+02 2.569184e+02 6.800000e+01 4.200000e+01 2.619049e-01
212 4.186889e+02 2.539917e+02 6.800000e+01 4.200000e+01 2.500000e-01
213 4.189801e+02 2.538843e+02 6.800000e+01 4.200000e+01 2.310926e-01
214 4.175333e+02 2.492667e+02 6.800000e+01 4.200000e+01 2.240897e-01
215 4.161309e+02 2.468619e+02 6.800000e+01 4.200000e+01 1.827732e-01
216 4.149713e+02 2.451604e+02 6.800000e+01 4.200000e+01 1.827732e-01
217 4.175982e+02 2.436748e+02 6.800000e+01 4.200000e+01 1.764706e-01
218 4.177709e+02 2.429185e+02 6.800000e+01 4.200000e+01 1.764706e-01
219 4.185890e+02 2.403239e+02 6.800000e+01 4.200000e+01 1.547619e-01
220 4.177863e+02 2.400684e+02 6.800000e+01 4.200000e+01 1.400560e-01
221 4.193768e+02 2.397624e+02 6.800000e+01 4.200000e+01 1.344539e-01
222 4.181231e+02 2.389779e+02 6.800000e+01 4.200000e+01 1.260504e-01
223 4.193663e+02 2.402261e+02 6.800000e+01 4.200000e+01 1.260504e-01
224 4.183071e+02 2.391006e+02 6.800000e+01 4.200000e+01 1.225490e-01
225 4.183170e+02 2.389433e+02 6.800000e+01 4.200000e+01 1.323531e-01
226 4.188158e+02 2.384850e+02 6.800000e+01 4.200000e+01 1.228990e-01
227 4.194266e+02 2.386968e+02 6.800000e+01 4.200000e+01 1.372549e-01
228 4.197724e+02 2.385099e+02 6.800000e+01 4.200000e+01 1.421570e-01
229 4.184994e+02 2.374493e+02 6.800000e+01 4.200000e+01 1.519608e-01
230 4.173319e+02 2.372043e+02 6.800000e+01 4.200000e+01 1.519608e-01
231 4.188055e+02 2.376367e+02 6.800000e+01 4.200000e+01 1.456583e-01
232 4.172348e+02 2.371166e+02 6.800000e+01 4.200000e+01 1.502099e-01
233 4.148143e+02 2.368877e+02 6.800000e+01 4.200000e+01 1.547619e-01
234 4.128012e+02 2.367566e+02 6.800000e+01 4.200000e+01 1.547619e-01
235 4.136661e+02 2.389051e+02 6.800000e+01 4.200000e+01 1.471785e-01
236 4.127324e+02 2.395662e+02 6.800000e+01 4.200000e+01 1.332210e-01
237 4.107797e+02 2.390078e+02 6.800000e+01 4.200000e+01 1.143711e-01
238 4.064395e+02 2.394214e+02 6.800000e+01 4.200000e+01 1.242038e-01
239 4.036431e+02 2.405459e+02 6.800000e+01 4.200000e+01 1.191468e-01
240 3.998556e+02 2.423814e+02 6.800000e+01 4.200000e+01 1.182539e-01
241 3.961145e+02 2.431577e+02 6.800000e+01 4.200000e+01 1.213677e-01
242 3.914441e+02 2.430644e+02 6.800000e+01 4.200000e+01 1.497838e-01
243 3.874346e+02 2.450825e+02 6.800000e+01 4.200000e+01 1.596339e-01
244 3.832068e+02 2.459006e+02 6.800000e+01 4.200000e+01 1.377866e-01
245 3.815549e+02 2.469333e+02 6.800000e+01 4.200000e+01 1.405258e-01
246 3.797614e+02 2.466277e+02 6.800000e+01 4.200000e+01 1.438596e-01
247 3.785311e+02 2.462414e+02 6.800000e+01 4.200000e+01 1.448270e-01
248 3.770768e+02 2.462114e+02 6.800000e+01 4.200000e+01 1.383325e-01
249 3.759496e+02 2.460869e+02 6.800000e+01 4.200000e+01 1.458878e-01
250 3.744892e+02 2.440317e+02 6.800000e+01 4.200000e+01 1.388797e-01
251 3.745744e+02 2.436774e+02 6.800000e+01 4.200000e+01 1.293883e-01
252 3.730344e+02 2.443376e+02 6.800000e+01 4.200000e+01 1.227429e-01
253 3.722879e+02 2.428764e+02 6.800000e+01 4.200000e+01 1.170368e-01
254 3.714628e+02 2.430946e+02 6.800000e+01 4.200000e+01 9.735913e-02
255 3.694493e+02 2.423779e+02 6.800000e+01 4.200000e+01 8.443964e-02
256 3.586717e+02 2.438516e+02 6.800000e+01 4.200000e+01 1.107381e-01
257 3.470286e+02 2.437327e+02 6.800000e+01 4.200000e+01 1.409761e-01
258 3.390984e+02 2.428606e+02 6.800000e+01 4.200000e+01 1.588656e-01
259 3.326030e+02 2.408584e+02 6.800000e+01 4.200000e+01 1.784167e-01
260 3.294191e+02 2.415736e+02 6.800000e+01 4.200000e+01 1.346469e-01
261 3.261104e+02 2.433288e+02 6.800000e+01 4.200000e+01 1.318118e-01
262 3.217328e+02 2.444492e+02 6.800000e+01 4.200000e+01 1.287607e-01
263 3.175438e+02 2.463753e+02 6.800000e+01 4.200000e+01 1.149810e-01
264 3.135728e+02 2.480645e+02 6.800000e+01 4.200000e+01 1.001333e-01
265 3.085757e+02 2.477416e+02 6.800000e+01 4.200000e+01 5.200143e-02
266 3.020091e+02 2.460988e+02 6.800000e+01 4.200000e+01 4.092481e-02
267 2.936585e+02 2.455254e+02 6.800000e+01 4.200000e+01 5.069354e-02
268 2.888195e+02 2.471959e+02 6.800000e+01 4.200000e+01 3.029632e-02
269 2.804590e+02 2.497161e+02 6.800000e+01 4.200000e+01 2.910202e-02
270 2.722993e+02 2.512287e+02 6.800000e+01 4.200000e+01 2.304250e-02
271 2.637147e+02 2.518558e+02 6.800000e+01 4.200000e+01 2.590824e-02
272 2.572504e+02 2.533642e+02 6.800000e+01 4.200000e+01 9.188852e-03
273 2.493341e+02 2.513726e+02 6.800000e+01 4.200000e+01 3.497544e-03
274 2.409619e+02 2.518897e+02 6.800000e+01 4.200000e+01 0.000000e+00
275 2.316234e+02 2.531921e+02 6.800000e+01 4.200000e+01 0.000000e+00
276 2.231415e+02 2.502488e+02 6.800000e+01 4.200000e+01 0.000000e+00
277 2.130163e+02 2.492190e+02 6.800000e+01 4.200000e+01 0.000000e+00
278 2.035783e+02 2.494844e+02 6.800000e+01 4.200000e+01 0.000000e+00
279 1.988009e+02 2.518926e+02 6.800000e+01 4.200000e+01 0.000000e+00
280 1.937802e+02 2.523862e+02 6.800000e+01 4.200000e+01 0.000000e+00
281 1.850601e+02 2.524991e+02 6.800000e+01 4.200000e+01 0.000000e+00
282 1.872070e+02 2.529474e+02 6.800000e+01 4.200000e+01 0.000000e+00
283 1.875184e+02 2.536142e+02 6.800000e+01 4.200000e+01 0.000000e+00
284 1.811229e+02 2.520232e+02 6.800000e+01 4.200000e+01 0.000000e+00
285 1.785107e+02 2.532886e+02 6.800000e+01 4.200000e+01 0.000000e+00
286 1.763486e+02 2.528929e+02 6.800000e+01 4.200000e+01 0.000000e+00
287 1.766462e+02 2.532636e+02 6.800000e+01 4.200000e+01 0.000000e+00
288 1.767738e+02 2.529167e+02 6.800000e+01 4.200000e+01 0.000000e+00
289 1.762346e+02 2.530141e+02 6.800000e+01 4.200000e+01 0.000000e+00
290 1.693474e+02 2.519510e+02 6.800000e+01 4.200000e+01 0.000000e+00
291 1.704648e+02 2.521367e+02 6.800000e+01 4.200000e+01 0.000000e+00
1.606925e-01 1.716601e-01
