iter 1
294 3.288324e+02 2.567792e+02 2.300000e+01 1.500000e+01 7.716544e-01
295 3.304332e+02 2.594391e+02 2.300000e+01 1.500000e+01 8.127252e-01
296 3.317505e+02 2.598861e+02 2.300000e+01 1.500000e+01 7.291815e-01
297 3.312496e+02 2.604537e+02 2.300000e+01 1.500000e+01 6.545683e-01
298 3.333691e+02 2.614709e+02 2.300000e+01 1.500000e+01 6.579014e-01
299 3.319527e+02 2.616427e+02 2.300000e+01 1.500000e+01 5.754858e-01
300 3.333031e+02 2.594395e+02 2.300000e+01 1.500000e+01 5.724554e-01
301 3.345137e+02 2.609039e+02 2.300000e+01 1.500000e+01 5.420474e-01
302 3.372212e+02 2.612863e+02 2.300000e+01 1.500000e+01 5.473196e-01
303 3.374457e+02 2.633121e+02 2.300000e+01 1.500000e+01 5.287672e-01
304 3.383339e+02 2.641681e+02 2.300000e+01 1.500000e+01 5.008356e-01
305 3.391660e+02 2.649251e+02 2.300000e+01 1.500000e+01 4.801439e-01
306 3.414905e+02 2.633891e+02 2.300000e+01 1.500000e+01 4.951739e-01
307 3.416297e+02 2.639010e+02 2.300000e+01 1.500000e+01 4.262339e-01
308 3.444256e+02 2.656148e+02 2.300000e+01 1.500000e+01 4.301578e-01
309 3.465138e+02 2.671658e+02 2.300000e+01 1.500000e+01 4.195112e-01
310 3.473541e+02 2.680121e+02 2.300000e+01 1.500000e+01 3.776035e-01
311 3.502587e+02 2.681223e+02 2.300000e+01 1.500000e+01 3.947370e-01
312 3.480854e+02 2.683699e+02 2.300000e+01 1.500000e+01 3.013481e-01
313 3.492403e+02 2.688741e+02 2.300000e+01 1.500000e+01 2.880042e-01
314 3.523661e+02 2.694213e+02 2.300000e+01 1.500000e+01 3.043604e-01
315 3.540872e+02 2.700796e+02 2.300000e+01 1.500000e+01 3.194445e-01
316 3.554325e+02 2.727814e+02 2.300000e+01 1.500000e+01 2.933672e-01
317 3.583926e+02 2.738472e+02 2.300000e+01 1.500000e+01 2.674421e-01
318 3.564073e+02 2.729110e+02 2.300000e+01 1.500000e+01 2.766639e-01
319 3.578597e+02 2.772846e+02 2.300000e+01 1.500000e+01 2.367881e-01
320 3.535815e+02 2.782323e+02 2.300000e+01 1.500000e+01 2.229901e-01
321 3.544335e+02 2.793586e+02 2.300000e+01 1.500000e+01 1.989619e-01
322 3.538786e+02 2.834514e+02 2.300000e+01 1.500000e+01 1.879084e-01
323 3.550527e+02 2.859144e+02 2.300000e+01 1.500000e+01 1.695333e-01
324 3.567838e+02 2.869750e+02 2.300000e+01 1.500000e+01 1.624295e-01
325 3.547162e+02 2.881534e+02 2.300000e+01 1.500000e+01 1.382212e-01
326 3.564582e+02 2.913479e+02 2.300000e+01 1.500000e+01 1.234348e-01
327 3.521028e+02 2.944643e+02 2.300000e+01 1.500000e+01 1.029632e-01
328 3.540468e+02 2.975180e+02 2.300000e+01 1.500000e+01 1.005537e-01
329 3.517013e+02 3.014499e+02 2.300000e+01 1.500000e+01 7.798371e-02
330 3.507377e+02 3.019936e+02 2.300000e+01 1.500000e+01 6.470371e-02
331 3.503915e+02 3.061080e+02 2.300000e+01 1.500000e+01 5.477930e-02
332 3.447040e+02 3.075748e+02 2.300000e+01 1.500000e+01 4.186894e-02
333 3.380784e+02 3.136203e+02 2.300000e+01 1.500000e+01 3.522564e-02
334 3.293115e+02 3.223305e+02 2.300000e+01 1.500000e+01 2.789232e-02
335 3.152659e+02 3.293058e+02 2.300000e+01 1.500000e+01 1.627052e-02
336 2.968422e+02 3.292438e+02 2.300000e+01 1.500000e+01 1.191957e-02
337 2.831484e+02 3.221208e+02 2.300000e+01 1.500000e+01 8.401522e-03
338 2.813334e+02 3.350651e+02 2.300000e+01 1.500000e+01 7.160655e-03
339 2.793502e+02 3.512319e+02 2.300000e+01 1.500000e+01 6.508212e-03
340 2.771208e+02 3.718197e+02 2.300000e+01 1.500000e+01 6.559811e-03
341 2.806986e+02 3.923103e+02 2.300000e+01 1.500000e+01 8.931333e-03
342 2.865728e+02 3.969510e+02 2.300000e+01 1.500000e+01 1.248552e-02
iter 1: 2.855430e-01 2.331954e-01
iter 2
294 3.310566e+02 2.582020e+02 2.300000e+01 1.500000e+01 9.444716e-01
295 3.310403e+02 2.581115e+02 2.300000e+01 1.500000e+01 8.609500e-01
296 3.312943e+02 2.597071e+02 2.300000e+01 1.500000e+01 7.145594e-01
297 3.319264e+02 2.585238e+02 2.300000e+01 1.500000e+01 6.975454e-01
298 3.317025e+02 2.608228e+02 2.300000e+01 1.500000e+01 6.286201e-01
299 3.326169e+02 2.609560e+02 2.300000e+01 1.500000e+01 5.956561e-01
300 3.333312e+02 2.595080e+02 2.300000e+01 1.500000e+01 5.732476e-01
301 3.358501e+02 2.611082e+02 2.300000e+01 1.500000e+01 5.791685e-01
302 3.372640e+02 2.613287e+02 2.300000e+01 1.500000e+01 5.483733e-01
303 3.395110e+02 2.622673e+02 2.300000e+01 1.500000e+01 5.821810e-01
304 3.376659e+02 2.639136e+02 2.300000e+01 1.500000e+01 4.843825e-01
305 3.385241e+02 2.649675e+02 2.300000e+01 1.500000e+01 4.648604e-01
306 3.402420e+02 2.631865e+02 2.300000e+01 1.500000e+01 4.664059e-01
307 3.411218e+02 2.648794e+02 2.300000e+01 1.500000e+01 4.157388e-01
308 3.439100e+02 2.651642e+02 2.300000e+01 1.500000e+01 4.202674e-01
309 3.449315e+02 2.658764e+02 2.300000e+01 1.500000e+01 3.900272e-01
310 3.475793e+02 2.675855e+02 2.300000e+01 1.500000e+01 3.814069e-01
311 3.510011e+02 2.691776e+02 2.300000e+01 1.500000e+01 3.947370e-01
312 3.497566e+02 2.689741e+02 2.300000e+01 1.500000e+01 3.277363e-01
313 3.495606e+02 2.692910e+02 2.300000e+01 1.500000e+01 2.930618e-01
314 3.523796e+02 2.699658e+02 2.300000e+01 1.500000e+01 3.045527e-01
315 3.548423e+02 2.706226e+02 2.300000e+01 1.500000e+01 3.194445e-01
316 3.557868e+02 2.721077e+02 2.300000e+01 1.500000e+01 2.933672e-01
317 3.611687e+02 2.734171e+02 2.300000e+01 1.500000e+01 2.674421e-01
318 3.576362e+02 2.745995e+02 2.300000e+01 1.500000e+01 2.766639e-01
319 3.611068e+02 2.781319e+02 2.300000e+01 1.500000e+01 2.367881e-01
320 3.565364e+02 2.793915e+02 2.300000e+01 1.500000e+01 2.271232e-01
321 3.538391e+02 2.795384e+02 2.300000e+01 1.500000e+01 1.975700e-01
322 3.557481e+02 2.828659e+02 2.300000e+01 1.500000e+01 1.879084e-01
323 3.558060e+02 2.835952e+02 2.300000e+01 1.500000e+01 1.695333e-01
324 3.563457e+02 2.852547e+02 2.300000e+01 1.500000e+01 1.624295e-01
325 3.540570e+02 2.893168e+02 2.300000e+01 1.500000e+01 1.382212e-01
326 3.551729e+02 2.911792e+02 2.300000e+01 1.500000e+01 1.234348e-01
327 3.521079e+02 2.944339e+02 2.300000e+01 1.500000e+01 1.029873e-01
328 3.532503e+02 2.980227e+02 2.300000e+01 1.500000e+01 1.005537e-01
329 3.525279e+02 3.007324e+02 2.300000e+01 1.500000e+01 7.798371e-02
330 3.515011e+02 3.010897e+02 2.300000e+01 1.500000e+01 6.470371e-02
331 3.494346e+02 3.061825e+02 2.300000e+01 1.500000e+01 5.477930e-02
332 3.461071e+02 3.079301e+02 2.300000e+01 1.500000e+01 4.186894e-02
333 3.373340e+02 3.130390e+02 2.300000e+01 1.500000e+01 3.522564e-02
334 3.280936e+02 3.212134e+02 2.300000e+01 1.500000e+01 2.789232e-02
335 3.152565e+02 3.273808e+02 2.300000e+01 1.500000e+01 1.627052e-02
336 3.023503e+02 3.270071e+02 2.300000e+01 1.500000e+01 1.191957e-02
337 2.876940e+02 3.251202e+02 2.300000e+01 1.500000e+01 8.401522e-03
338 2.926045e+02 3.342336e+02 2.300000e+01 1.500000e+01 7.160655e-03
339 2.775620e+02 3.518357e+02 2.300000e+01 1.500000e+01 6.508212e-03
340 2.732629e+02 3.733111e+02 2.300000e+01 1.500000e+01 6.559811e-03
341 2.783295e+02 3.973575e+02 2.300000e+01 1.500000e+01 8.931333e-03
342 2.815649e+02 3.881905e+02 2.300000e+01 1.500000e+01 9.314649e-03
iter 2: 2.907946e-01 2.451128e-01
iter 3
294 3.288615e+02 2.592545e+02 2.300000e+01 1.500000e+01 8.916305e-01
295 3.312186e+02 2.586335e+02 2.300000e+01 1.500000e+01 8.679149e-01
296 3.323232e+02 2.600830e+02 2.300000e+01 1.500000e+01 7.330997e-01
297 3.319384e+02 2.592588e+02 2.300000e+01 1.500000e+01 6.979473e-01
298 3.330081e+02 2.601885e+02 2.300000e+01 1.500000e+01 6.682638e-01
299 3.320823e+02 2.602080e+02 2.300000e+01 1.500000e+01 5.794224e-01
300 3.321306e+02 2.605949e+02 2.300000e+01 1.500000e+01 5.393965e-01
301 3.349879e+02 2.598577e+02 2.300000e+01 1.500000e+01 5.552179e-01
302 3.364610e+02 2.617122e+02 2.300000e+01 1.500000e+01 5.285949e-01
303 3.391383e+02 2.629546e+02 2.300000e+01 1.500000e+01 5.725422e-01
304 3.391558e+02 2.621464e+02 2.300000e+01 1.500000e+01 5.210800e-01
305 3.393968e+02 2.658944e+02 2.300000e+01 1.500000e+01 4.856392e-01
306 3.402499e+02 2.643076e+02 2.300000e+01 1.500000e+01 4.665883e-01
307 3.408805e+02 2.645701e+02 2.300000e+01 1.500000e+01 4.107546e-01
308 3.440697e+02 2.663589e+02 2.300000e+01 1.500000e+01 4.233315e-01
309 3.452297e+02 2.663380e+02 2.300000e+01 1.500000e+01 3.955851e-01
310 3.474703e+02 2.670228e+02 2.300000e+01 1.500000e+01 3.795663e-01
311 3.519165e+02 2.689332e+02 2.300000e+01 1.500000e+01 3.947370e-01
312 3.496269e+02 2.673836e+02 2.300000e+01 1.500000e+01 3.256882e-01
313 3.481454e+02 2.689915e+02 2.300000e+01 1.500000e+01 2.707167e-01
314 3.517909e+02 2.684942e+02 2.300000e+01 1.500000e+01 2.961666e-01
315 3.545895e+02 2.714683e+02 2.300000e+01 1.500000e+01 3.194445e-01
316 3.550885e+02 2.728137e+02 2.300000e+01 1.500000e+01 2.933672e-01
317 3.616973e+02 2.730422e+02 2.300000e+01 1.500000e+01 2.674421e-01
318 3.614928e+02 2.729918e+02 2.300000e+01 1.500000e+01 2.766639e-01
319 3.594899e+02 2.765119e+02 2.300000e+01 1.500000e+01 2.367881e-01
320 3.555240e+02 2.770697e+02 2.300000e+01 1.500000e+01 2.271232e-01
321 3.561997e+02 2.783777e+02 2.300000e+01 1.500000e+01 1.989619e-01
322 3.541692e+02 2.826777e+02 2.300000e+01 1.500000e+01 1.879084e-01
323 3.544375e+02 2.843876e+02 2.300000e+01 1.500000e+01 1.695333e-01
324 3.569112e+02 2.845982e+02 2.300000e+01 1.500000e+01 1.624295e-01
325 3.542703e+02 2.885843e+02 2.300000e+01 1.500000e+01 1.382212e-01
326 3.545713e+02 2.911738e+02 2.300000e+01 1.500000e+01 1.234348e-01
327 3.525900e+02 2.952059e+02 2.300000e+01 1.500000e+01 1.052330e-01
328 3.539029e+02 2.973500e+02 2.300000e+01 1.500000e+01 1.005537e-01
329 3.530708e+02 3.003511e+02 2.300000e+01 1.500000e+01 7.798371e-02
330 3.509936e+02 3.002817e+02 2.300000e+01 1.500000e+01 6.470371e-02
331 3.499049e+02 3.080180e+02 2.300000e+01 1.500000e+01 5.477930e-02
332 3.442052e+02 3.093882e+02 2.300000e+01 1.500000e+01 4.186894e-02
333 3.357897e+02 3.138530e+02 2.300000e+01 1.500000e+01 3.522564e-02
334 3.280357e+02 3.216087e+02 2.300000e+01 1.500000e+01 2.789232e-02
335 3.146908e+02 3.278283e+02 2.300000e+01 1.500000e+01 1.627052e-02
336 3.012591e+02 3.260526e+02 2.300000e+01 1.500000e+01 1.191957e-02
337 2.919632e+02 3.235023e+02 2.300000e+01 1.500000e+01 8.401522e-03
338 2.976924e+02 3.364318e+02 2.300000e+01 1.500000e+01 7.160655e-03
339 2.886224e+02 3.513342e+02 2.300000e+01 1.500000e+01 6.508212e-03
340 2.830056e+02 3.722929e+02 2.300000e+01 1.500000e+01 6.559811e-03
341 2.995826e+02 3.892839e+02 2.300000e+01 1.500000e+01 8.931333e-03
342 2.893466e+02 3.924437e+02 2.300000e+01 1.500000e+01 1.248552e-02
iter 3: 2.896261e-01 2.430683e-01
iter 4
294 3.276566e+02 2.570490e+02 2.300000e+01 1.500000e+01 7.434745e-01
295 3.289783e+02 2.580032e+02 2.300000e+01 1.500000e+01 7.804022e-01
296 3.325584e+02 2.589153e+02 2.300000e+01 1.500000e+01 7.371793e-01
297 3.299097e+02 2.594867e+02 2.300000e+01 1.500000e+01 6.303247e-01
298 3.323914e+02 2.611706e+02 2.300000e+01 1.500000e+01 6.421465e-01
299 3.314620e+02 2.609887e+02 2.300000e+01 1.500000e+01 5.605875e-01
300 3.329108e+02 2.599437e+02 2.300000e+01 1.500000e+01 5.613959e-01
301 3.366380e+02 2.608433e+02 2.300000e+01 1.500000e+01 6.010550e-01
302 3.370188e+02 2.615815e+02 2.300000e+01 1.500000e+01 5.423346e-01
303 3.387015e+02 2.628512e+02 2.300000e+01 1.500000e+01 5.612459e-01
304 3.383315e+02 2.636249e+02 2.300000e+01 1.500000e+01 5.007757e-01
305 3.406620e+02 2.641807e+02 2.300000e+01 1.500000e+01 5.157614e-01
306 3.404481e+02 2.632019e+02 2.300000e+01 1.500000e+01 4.711539e-01
307 3.415478e+02 2.650403e+02 2.300000e+01 1.500000e+01 4.245416e-01
308 3.426846e+02 2.655837e+02 2.300000e+01 1.500000e+01 3.967638e-01
309 3.452747e+02 2.660383e+02 2.300000e+01 1.500000e+01 3.964226e-01
310 3.469196e+02 2.670436e+02 2.300000e+01 1.500000e+01 3.702628e-01
311 3.511732e+02 2.697787e+02 2.300000e+01 1.500000e+01 3.947370e-01
312 3.498734e+02 2.685162e+02 2.300000e+01 1.500000e+01 3.295799e-01
313 3.492286e+02 2.687760e+02 2.300000e+01 1.500000e+01 2.878193e-01
314 3.526898e+02 2.708683e+02 2.300000e+01 1.500000e+01 3.089708e-01
315 3.547343e+02 2.713247e+02 2.300000e+01 1.500000e+01 3.194445e-01
316 3.558828e+02 2.729822e+02 2.300000e+01 1.500000e+01 2.933672e-01
317 3.617471e+02 2.727446e+02 2.300000e+01 1.500000e+01 2.674421e-01
318 3.600357e+02 2.741671e+02 2.300000e+01 1.500000e+01 2.766639e-01
319 3.608586e+02 2.760561e+02 2.300000e+01 1.500000e+01 2.367881e-01
320 3.550352e+02 2.790677e+02 2.300000e+01 1.500000e+01 2.271232e-01
321 3.531412e+02 2.811634e+02 2.300000e+01 1.500000e+01 1.915329e-01
322 3.550465e+02 2.838466e+02 2.300000e+01 1.500000e+01 1.879084e-01
323 3.551212e+02 2.843622e+02 2.300000e+01 1.500000e+01 1.695333e-01
324 3.570873e+02 2.860096e+02 2.300000e+01 1.500000e+01 1.624295e-01
325 3.555726e+02 2.879136e+02 2.300000e+01 1.500000e+01 1.382212e-01
326 3.556656e+02 2.900672e+02 2.300000e+01 1.500000e+01 1.234348e-01
327 3.527151e+02 2.948865e+02 2.300000e+01 1.500000e+01 1.058159e-01
328 3.547106e+02 2.983813e+02 2.300000e+01 1.500000e+01 1.005537e-01
329 3.520161e+02 3.001920e+02 2.300000e+01 1.500000e+01 7.798371e-02
330 3.499464e+02 3.001704e+02 2.300000e+01 1.500000e+01 6.470371e-02
331 3.498169e+02 3.047886e+02 2.300000e+01 1.500000e+01 5.477930e-02
332 3.451191e+02 3.097666e+02 2.300000e+01 1.500000e+01 4.186894e-02
333 3.390468e+02 3.164277e+02 2.300000e+01 1.500000e+01 3.522564e-02
334 3.288862e+02 3.257988e+02 2.300000e+01 1.500000e+01 2.789232e-02
335 3.143815e+02 3.312885e+02 2.300000e+01 1.500000e+01 1.627052e-02
336 2.958700e+02 3.314932e+02 2.300000e+01 1.500000e+01 1.191957e-02
337 2.840025e+02 3.222105e+02 2.300000e+01 1.500000e+01 8.401522e-03
338 2.904743e+02 3.353268e+02 2.300000e+01 1.500000e+01 7.160655e-03
339 2.913495e+02 3.515162e+02 2.300000e+01 1.500000e+01 6.508212e-03
340 2.971741e+02 3.689818e+02 2.300000e+01 1.500000e+01 6.559811e-03
341 3.136897e+02 3.744751e+02 2.300000e+01 1.500000e+01 8.931333e-03
342 3.119877e+02 3.490060e+02 2.300000e+01 1.500000e+01 0.000000e+00
iter 4: 2.841918e-01 2.310119e-01
iter 5
294 3.299488e+02 2.607609e+02 2.300000e+01 1.500000e+01 8.422658e-01
295 3.313977e+02 2.583197e+02 2.300000e+01 1.500000e+01 8.749102e-01
296 3.311202e+02 2.588694e+02 2.300000e+01 1.500000e+01 7.089819e-01
297 3.309717e+02 2.595501e+02 2.300000e+01 1.500000e+01 6.657249e-01
298 3.325194e+02 2.599893e+02 2.300000e+01 1.500000e+01 6.534242e-01
299 3.323480e+02 2.602953e+02 2.300000e+01 1.500000e+01 5.874915e-01
300 3.341631e+02 2.607141e+02 2.300000e+01 1.500000e+01 5.967057e-01
301 3.360344e+02 2.605992e+02 2.300000e+01 1.500000e+01 5.842878e-01
302 3.369717e+02 2.626625e+02 2.300000e+01 1.500000e+01 5.411751e-01
303 3.374728e+02 2.642485e+02 2.300000e+01 1.500000e+01 5.206961e-01
304 3.380402e+02 2.630950e+02 2.300000e+01 1.500000e+01 4.936008e-01
305 3.408599e+02 2.646111e+02 2.300000e+01 1.500000e+01 5.204735e-01
306 3.396753e+02 2.629201e+02 2.300000e+01 1.500000e+01 4.533481e-01
307 3.405566e+02 2.646235e+02 2.300000e+01 1.500000e+01 4.040614e-01
308 3.432979e+02 2.651791e+02 2.300000e+01 1.500000e+01 4.085269e-01
309 3.458736e+02 2.666020e+02 2.300000e+01 1.500000e+01 4.075817e-01
310 3.465943e+02 2.671182e+02 2.300000e+01 1.500000e+01 3.647688e-01
311 3.508429e+02 2.697922e+02 2.300000e+01 1.500000e+01 3.947370e-01
312 3.480429e+02 2.691098e+02 2.300000e+01 1.500000e+01 3.006765e-01
313 3.495151e+02 2.681591e+02 2.300000e+01 1.500000e+01 2.923431e-01
314 3.521586e+02 2.679707e+02 2.300000e+01 1.500000e+01 3.014049e-01
315 3.538653e+02 2.710336e+02 2.300000e+01 1.500000e+01 3.175731e-01
316 3.543779e+02 2.730115e+02 2.300000e+01 1.500000e+01 2.933672e-01
317 3.643828e+02 2.732610e+02 2.300000e+01 1.500000e+01 2.674421e-01
318 3.608481e+02 2.751314e+02 2.300000e+01 1.500000e+01 2.766639e-01
319 3.644227e+02 2.771957e+02 2.300000e+01 1.500000e+01 2.367881e-01
320 3.568675e+02 2.775580e+02 2.300000e+01 1.500000e+01 2.271232e-01
321 3.546779e+02 2.794890e+02 2.300000e+01 1.500000e+01 1.989619e-01
322 3.545774e+02 2.830385e+02 2.300000e+01 1.500000e+01 1.879084e-01
323 3.546380e+02 2.847184e+02 2.300000e+01 1.500000e+01 1.695333e-01
324 3.576099e+02 2.861539e+02 2.300000e+01 1.500000e+01 1.624295e-01
325 3.527965e+02 2.888510e+02 2.300000e+01 1.500000e+01 1.369985e-01
326 3.544494e+02 2.903533e+02 2.300000e+01 1.500000e+01 1.234348e-01
327 3.532554e+02 2.955822e+02 2.300000e+01 1.500000e+01 1.071428e-01
328 3.535515e+02 2.978183e+02 2.300000e+01 1.500000e+01 1.005537e-01
329 3.518261e+02 3.007950e+02 2.300000e+01 1.500000e+01 7.798371e-02
330 3.518671e+02 3.014565e+02 2.300000e+01 1.500000e+01 6.470371e-02
331 3.498336e+02 3.066179e+02 2.300000e+01 1.500000e+01 5.477930e-02
332 3.446979e+02 3.082167e+02 2.300000e+01 1.500000e+01 4.186894e-02
333 3.372110e+02 3.137538e+02 2.300000e+01 1.500000e+01 3.522564e-02
334 3.279624e+02 3.237977e+02 2.300000e+01 1.500000e+01 2.789232e-02
335 3.151620e+02 3.276929e+02 2.300000e+01 1.500000e+01 1.627052e-02
336 3.007414e+02 3.227372e+02 2.300000e+01 1.500000e+01 1.191957e-02
337 2.870407e+02 3.231721e+02 2.300000e+01 1.500000e+01 8.401522e-03
338 2.810297e+02 3.337667e+02 2.300000e+01 1.500000e+01 7.160655e-03
339 2.966027e+02 3.449817e+02 2.300000e+01 1.500000e+01 6.508212e-03
340 3.035232e+02 3.627922e+02 2.300000e+01 1.500000e+01 6.559811e-03
341 3.134720e+02 3.703281e+02 2.300000e+01 1.500000e+01 8.931333e-03
342 3.110352e+02 3.495245e+02 2.300000e+01 1.500000e+01 0.000000e+00
iter 5: 2.875778e-01 2.398916e-01
iter 6
294 3.292306e+02 2.588207e+02 2.300000e+01 1.500000e+01 9.120346e-01
295 3.298755e+02 2.601129e+02 2.300000e+01 1.500000e+01 7.549517e-01
296 3.321944e+02 2.600540e+02 2.300000e+01 1.500000e+01 7.345261e-01
297 3.302021e+02 2.602200e+02 2.300000e+01 1.500000e+01 6.306823e-01
298 3.319099e+02 2.616498e+02 2.300000e+01 1.500000e+01 6.074090e-01
299 3.317269e+02 2.596189e+02 2.300000e+01 1.500000e+01 5.686303e-01
300 3.323328e+02 2.605633e+02 2.300000e+01 1.500000e+01 5.450976e-01
301 3.370749e+02 2.599929e+02 2.300000e+01 1.500000e+01 6.131910e-01
302 3.382724e+02 2.615164e+02 2.300000e+01 1.500000e+01 5.665025e-01
303 3.387868e+02 2.630986e+02 2.300000e+01 1.500000e+01 5.634524e-01
304 3.391001e+02 2.624096e+02 2.300000e+01 1.500000e+01 5.197067e-01
305 3.401264e+02 2.647599e+02 2.300000e+01 1.500000e+01 5.030099e-01
306 3.418127e+02 2.637363e+02 2.300000e+01 1.500000e+01 5.025969e-01
307 3.415065e+02 2.648339e+02 2.300000e+01 1.500000e+01 4.236879e-01
308 3.431415e+02 2.650259e+02 2.300000e+01 1.500000e+01 4.055269e-01
309 3.456302e+02 2.657296e+02 2.300000e+01 1.500000e+01 4.030477e-01
310 3.465833e+02 2.683918e+02 2.300000e+01 1.500000e+01 3.645822e-01
311 3.512445e+02 2.682001e+02 2.300000e+01 1.500000e+01 3.947370e-01
312 3.482993e+02 2.691997e+02 2.300000e+01 1.500000e+01 3.047255e-01
313 3.496247e+02 2.696671e+02 2.300000e+01 1.500000e+01 2.940740e-01
314 3.513897e+02 2.686927e+02 2.300000e+01 1.500000e+01 2.904515e-01
315 3.534807e+02 2.697720e+02 2.300000e+01 1.500000e+01 3.122324e-01
316 3.558526e+02 2.734709e+02 2.300000e+01 1.500000e+01 2.933672e-01
317 3.572524e+02 2.743057e+02 2.300000e+01 1.500000e+01 2.674421e-01
318 3.560925e+02 2.728521e+02 2.300000e+01 1.500000e+01 2.766639e-01
319 3.580302e+02 2.758052e+02 2.300000e+01 1.500000e+01 2.367881e-01
320 3.563545e+02 2.784537e+02 2.300000e+01 1.500000e+01 2.271232e-01
321 3.548824e+02 2.798127e+02 2.300000e+01 1.500000e+01 1.989619e-01
322 3.541455e+02 2.839033e+02 2.300000e+01 1.500000e+01 1.879084e-01
323 3.541947e+02 2.848309e+02 2.300000e+01 1.500000e+01 1.695333e-01
324 3.557985e+02 2.854117e+02 2.300000e+01 1.500000e+01 1.624295e-01
325 3.539586e+02 2.896430e+02 2.300000e+01 1.500000e+01 1.382212e-01
326 3.553714e+02 2.909171e+02 2.300000e+01 1.500000e+01 1.234348e-01
327 3.526535e+02 2.949910e+02 2.300000e+01 1.500000e+01 1.055286e-01
328 3.543943e+02 2.977761e+02 2.300000e+01 1.500000e+01 1.005537e-01
329 3.526240e+02 3.006457e+02 2.300000e+01 1.500000e+01 7.798371e-02
330 3.508507e+02 3.012112e+02 2.300000e+01 1.500000e+01 6.470371e-02
331 3.507841e+02 3.050943e+02 2.300000e+01 1.500000e+01 5.477930e-02
332 3.448623e+02 3.077976e+02 2.300000e+01 1.500000e+01 4.186894e-02
333 3.363212e+02 3.134703e+02 2.300000e+01 1.500000e+01 3.522564e-02
334 3.289521e+02 3.231652e+02 2.300000e+01 1.500000e+01 2.789232e-02
335 3.153742e+02 3.282406e+02 2.300000e+01 1.500000e+01 1.627052e-02
336 3.010404e+02 3.261104e+02 2.300000e+01 1.500000e+01 1.191957e-02
337 2.870966e+02 3.217981e+02 2.300000e+01 1.500000e+01 8.401522e-03
338 2.923381e+02 3.345507e+02 2.300000e+01 1.500000e+01 7.160655e-03
339 2.912071e+02 3.510642e+02 2.300000e+01 1.500000e+01 6.508212e-03
340 2.802230e+02 3.684848e+02 2.300000e+01 1.500000e+01 6.559811e-03
341 3.136704e+02 3.646814e+02 2.300000e+01 1.500000e+01 6.359964e-03
342 3.229535e+02 3.521551e+02 2.300000e+01 1.500000e+01 0.000000e+00
iter 6: 2.871111e-01 2.382251e-01
iter 7
294 3.306012e+02 2.629190e+02 2.300000e+01 1.500000e+01 7.259236e-01
295 3.307516e+02 2.588737e+02 2.300000e+01 1.500000e+01 8.496697e-01
296 3.316993e+02 2.599580e+02 2.300000e+01 1.500000e+01 7.275426e-01
297 3.320895e+02 2.583811e+02 2.300000e+01 1.500000e+01 7.029836e-01
298 3.331733e+02 2.608099e+02 2.300000e+01 1.500000e+01 6.732786e-01
299 3.319397e+02 2.610806e+02 2.300000e+01 1.500000e+01 5.750915e-01
300 3.331855e+02 2.596943e+02 2.300000e+01 1.500000e+01 5.691407e-01
301 3.360736e+02 2.602235e+02 2.300000e+01 1.500000e+01 5.853786e-01
302 3.372238e+02 2.619835e+02 2.300000e+01 1.500000e+01 5.473833e-01
303 3.394987e+02 2.634209e+02 2.300000e+01 1.500000e+01 5.818619e-01
304 3.386528e+02 2.628097e+02 2.300000e+01 1.500000e+01 5.086908e-01
305 3.405913e+02 2.654916e+02 2.300000e+01 1.500000e+01 5.140782e-01
306 3.402439e+02 2.643639e+02 2.300000e+01 1.500000e+01 4.664504e-01
307 3.426782e+02 2.647257e+02 2.300000e+01 1.500000e+01 4.478959e-01
308 3.439757e+02 2.661751e+02 2.300000e+01 1.500000e+01 4.215277e-01
309 3.457192e+02 2.670416e+02 2.300000e+01 1.500000e+01 4.047048e-01
310 3.465729e+02 2.669920e+02 2.300000e+01 1.500000e+01 3.644067e-01
311 3.493018e+02 2.676263e+02 2.300000e+01 1.500000e+01 3.827541e-01
312 3.474699e+02 2.699190e+02 2.300000e+01 1.500000e+01 2.916302e-01
313 3.499412e+02 2.699974e+02 2.300000e+01 1.500000e+01 2.990716e-01
314 3.538846e+02 2.695502e+02 2.300000e+01 1.500000e+01 3.259909e-01
315 3.558207e+02 2.708851e+02 2.300000e+01 1.500000e+01 3.194445e-01
316 3.553775e+02 2.740615e+02 2.300000e+01 1.500000e+01 2.933672e-01
317 3.585838e+02 2.743207e+02 2.300000e+01 1.500000e+01 2.674421e-01
318 3.580018e+02 2.733192e+02 2.300000e+01 1.500000e+01 2.766639e-01
319 3.582263e+02 2.776227e+02 2.300000e+01 1.500000e+01 2.367881e-01
320 3.551993e+02 2.783178e+02 2.300000e+01 1.500000e+01 2.271232e-01
321 3.557306e+02 2.804265e+02 2.300000e+01 1.500000e+01 1.989619e-01
322 3.544262e+02 2.824508e+02 2.300000e+01 1.500000e+01 1.879084e-01
323 3.548590e+02 2.854523e+02 2.300000e+01 1.500000e+01 1.695333e-01
324 3.582656e+02 2.872805e+02 2.300000e+01 1.500000e+01 1.624295e-01
325 3.542128e+02 2.893553e+02 2.300000e+01 1.500000e+01 1.382212e-01
326 3.544052e+02 2.918680e+02 2.300000e+01 1.500000e+01 1.234348e-01
327 3.532636e+02 2.945186e+02 2.300000e+01 1.500000e+01 1.071428e-01
328 3.540389e+02 2.978531e+02 2.300000e+01 1.500000e+01 1.005537e-01
329 3.525363e+02 3.010312e+02 2.300000e+01 1.500000e+01 7.798371e-02
330 3.510539e+02 3.009919e+02 2.300000e+01 1.500000e+01 6.470371e-02
331 3.499117e+02 3.062959e+02 2.300000e+01 1.500000e+01 5.477930e-02
332 3.458533e+02 3.073502e+02 2.300000e+01 1.500000e+01 4.186894e-02
333 3.364595e+02 3.142476e+02 2.300000e+01 1.500000e+01 3.522564e-02
334 3.276469e+02 3.244350e+02 2.300000e+01 1.500000e+01 2.789232e-02
335 3.132884e+02 3.253800e+02 2.300000e+01 1.500000e+01 1.627052e-02
336 2.987972e+02 3.256966e+02 2.300000e+01 1.500000e+01 1.191957e-02
337 2.833480e+02 3.237714e+02 2.300000e+01 1.500000e+01 8.401522e-03
338 2.863167e+02 3.352822e+02 2.300000e+01 1.500000e+01 7.160655e-03
339 2.906982e+02 3.506861e+02 2.300000e+01 1.500000e+01 6.508212e-03
340 2.776838e+02 3.701369e+02 2.300000e+01 1.500000e+01 6.559811e-03
341 2.774835e+02 3.923046e+02 2.300000e+01 1.500000e+01 8.931333e-03
342 2.841893e+02 3.953771e+02 2.300000e+01 1.500000e+01 1.248552e-02
iter 7: 2.888808e-01 2.374395e-01
iter 8
294 3.268134e+02 2.596120e+02 2.300000e+01 1.500000e+01 7.845995e-01
295 3.285186e+02 2.583399e+02 2.300000e+01 1.500000e+01 7.624468e-01
296 3.312374e+02 2.592422e+02 2.300000e+01 1.500000e+01 7.127366e-01
297 3.306697e+02 2.595343e+02 2.300000e+01 1.500000e+01 6.556577e-01
298 3.320380e+02 2.594616e+02 2.300000e+01 1.500000e+01 6.388046e-01
299 3.324388e+02 2.607772e+02 2.300000e+01 1.500000e+01 5.902487e-01
300 3.333347e+02 2.604723e+02 2.300000e+01 1.500000e+01 5.733483e-01
301 3.369532e+02 2.606187e+02 2.300000e+01 1.500000e+01 6.098117e-01
302 3.367065e+02 2.621599e+02 2.300000e+01 1.500000e+01 5.346439e-01
303 3.376688e+02 2.629104e+02 2.300000e+01 1.500000e+01 5.345379e-01
304 3.380036e+02 2.633813e+02 2.300000e+01 1.500000e+01 4.926995e-01
305 3.396892e+02 2.639191e+02 2.300000e+01 1.500000e+01 4.925994e-01
306 3.399643e+02 2.636019e+02 2.300000e+01 1.500000e+01 4.600068e-01
307 3.409750e+02 2.647476e+02 2.300000e+01 1.500000e+01 4.127056e-01
308 3.436589e+02 2.650524e+02 2.300000e+01 1.500000e+01 4.154523e-01
309 3.460934e+02 2.664913e+02 2.300000e+01 1.500000e+01 4.116790e-01
310 3.457850e+02 2.677934e+02 2.300000e+01 1.500000e+01 3.510974e-01
311 3.501523e+02 2.681791e+02 2.300000e+01 1.500000e+01 3.947370e-01
312 3.488041e+02 2.686591e+02 2.300000e+01 1.500000e+01 3.126968e-01
313 3.502789e+02 2.692176e+02 2.300000e+01 1.500000e+01 3.044029e-01
314 3.517755e+02 2.700090e+02 2.300000e+01 1.500000e+01 2.959473e-01
315 3.553333e+02 2.711322e+02 2.300000e+01 1.500000e+01 3.194445e-01
316 3.563607e+02 2.724140e+02 2.300000e+01 1.500000e+01 2.933672e-01
317 3.557261e+02 2.734007e+02 2.300000e+01 1.500000e+01 2.674421e-01
318 3.568288e+02 2.725484e+02 2.300000e+01 1.500000e+01 2.766639e-01
319 3.601609e+02 2.767691e+02 2.300000e+01 1.500000e+01 2.367881e-01
320 3.569933e+02 2.787094e+02 2.300000e+01 1.500000e+01 2.271232e-01
321 3.552645e+02 2.787461e+02 2.300000e+01 1.500000e+01 1.989619e-01
322 3.543351e+02 2.835028e+02 2.300000e+01 1.500000e+01 1.879084e-01
323 3.550690e+02 2.851374e+02 2.300000e+01 1.500000e+01 1.695333e-01
324 3.562223e+02 2.849537e+02 2.300000e+01 1.500000e+01 1.624295e-01
325 3.545183e+02 2.880070e+02 2.300000e+01 1.500000e+01 1.382212e-01
326 3.544895e+02 2.914245e+02 2.300000e+01 1.500000e+01 1.234348e-01
327 3.520291e+02 2.933040e+02 2.300000e+01 1.500000e+01 1.026203e-01
328 3.519787e+02 2.973883e+02 2.300000e+01 1.500000e+01 1.004605e-01
329 3.531002e+02 3.007883e+02 2.300000e+01 1.500000e+01 7.798371e-02
330 3.507473e+02 3.022505e+02 2.300000e+01 1.500000e+01 6.470371e-02
331 3.500126e+02 3.051389e+02 2.300000e+01 1.500000e+01 5.477930e-02
332 3.443546e+02 3.084237e+02 2.300000e+01 1.500000e+01 4.186894e-02
333 3.378510e+02 3.147968e+02 2.300000e+01 1.500000e+01 3.522564e-02
334 3.278916e+02 3.225791e+02 2.300000e+01 1.500000e+01 2.789232e-02
335 3.144725e+02 3.264338e+02 2.300000e+01 1.500000e+01 1.627052e-02
336 3.028688e+02 3.228866e+02 2.300000e+01 1.500000e+01 1.191957e-02
337 2.875570e+02 3.222845e+02 2.300000e+01 1.500000e+01 8.401522e-03
338 2.931645e+02 3.350769e+02 2.300000e+01 1.500000e+01 7.160655e-03
339 2.793762e+02 3.512097e+02 2.300000e+01 1.500000e+01 6.508212e-03
340 2.672050e+02 3.693183e+02 2.300000e+01 1.500000e+01 6.559811e-03
341 2.782923e+02 3.897984e+02 2.300000e+01 1.500000e+01 8.931333e-03
342 2.845820e+02 3.954135e+02 2.300000e+01 1.500000e+01 1.248552e-02
iter 8: 2.842030e-01 2.311851e-01
iter 9
294 3.314805e+02 2.610391e+02 2.300000e+01 1.500000e+01 8.460092e-01
295 3.314810e+02 2.588503e+02 2.300000e+01 1.500000e+01 8.781654e-01
296 3.310916e+02 2.595994e+02 2.300000e+01 1.500000e+01 7.080636e-01
297 3.317385e+02 2.600689e+02 2.300000e+01 1.500000e+01 6.881111e-01
298 3.328724e+02 2.616086e+02 2.300000e+01 1.500000e+01 6.371962e-01
299 3.314015e+02 2.610828e+02 2.300000e+01 1.500000e+01 5.587515e-01
300 3.319747e+02 2.611532e+02 2.300000e+01 1.500000e+01 5.350024e-01
301 3.351105e+02 2.612856e+02 2.300000e+01 1.500000e+01 5.586236e-01
302 3.366985e+02 2.616398e+02 2.300000e+01 1.500000e+01 5.344452e-01
303 3.390000e+02 2.629623e+02 2.300000e+01 1.500000e+01 5.689653e-01
304 3.381574e+02 2.635164e+02 2.300000e+01 1.500000e+01 4.964886e-01
305 3.403470e+02 2.645615e+02 2.300000e+01 1.500000e+01 5.082611e-01
306 3.406977e+02 2.641282e+02 2.300000e+01 1.500000e+01 4.769058e-01
307 3.423543e+02 2.652420e+02 2.300000e+01 1.500000e+01 4.412051e-01
308 3.431218e+02 2.656662e+02 2.300000e+01 1.500000e+01 4.051491e-01
309 3.454249e+02 2.669845e+02 2.300000e+01 1.500000e+01 3.992208e-01
310 3.461765e+02 2.678391e+02 2.300000e+01 1.500000e+01 3.577102e-01
311 3.510263e+02 2.685454e+02 2.300000e+01 1.500000e+01 3.947370e-01
312 3.490412e+02 2.689855e+02 2.300000e+01 1.500000e+01 3.164402e-01
313 3.506023e+02 2.707156e+02 2.300000e+01 1.500000e+01 3.095106e-01
314 3.532483e+02 2.702142e+02 2.300000e+01 1.500000e+01 3.169275e-01
315 3.555008e+02 2.705235e+02 2.300000e+01 1.500000e+01 3.194445e-01
316 3.564217e+02 2.725728e+02 2.300000e+01 1.500000e+01 2.933672e-01
317 3.641548e+02 2.741200e+02 2.300000e+01 1.500000e+01 2.674421e-01
318 3.609996e+02 2.740712e+02 2.300000e+01 1.500000e+01 2.766639e-01
319 3.620432e+02 2.762034e+02 2.300000e+01 1.500000e+01 2.367881e-01
320 3.553698e+02 2.781672e+02 2.300000e+01 1.500000e+01 2.271232e-01
321 3.544106e+02 2.807883e+02 2.300000e+01 1.500000e+01 1.989619e-01
322 3.542462e+02 2.835174e+02 2.300000e+01 1.500000e+01 1.879084e-01
323 3.544167e+02 2.840793e+02 2.300000e+01 1.500000e+01 1.695333e-01
324 3.560463e+02 2.856003e+02 2.300000e+01 1.500000e+01 1.624295e-01
325 3.550088e+02 2.881221e+02 2.300000e+01 1.500000e+01 1.382212e-01
326 3.557344e+02 2.903628e+02 2.300000e+01 1.500000e+01 1.234348e-01
327 3.522313e+02 2.943572e+02 2.300000e+01 1.500000e+01 1.035621e-01
328 3.531495e+02 2.960795e+02 2.300000e+01 1.500000e+01 1.005537e-01
329 3.524701e+02 3.019527e+02 2.300000e+01 1.500000e+01 7.798371e-02
330 3.516326e+02 3.023742e+02 2.300000e+01 1.500000e+01 6.470371e-02
331 3.501145e+02 3.060970e+02 2.300000e+01 1.500000e+01 5.477930e-02
332 3.458909e+02 3.097473e+02 2.300000e+01 1.500000e+01 4.186894e-02
333 3.385291e+02 3.151587e+02 2.300000e+01 1.500000e+01 3.522564e-02
334 3.285763e+02 3.245520e+02 2.300000e+01 1.500000e+01 2.789232e-02
335 3.170809e+02 3.317868e+02 2.300000e+01 1.500000e+01 1.627052e-02
336 2.948906e+02 3.299828e+02 2.300000e+01 1.500000e+01 1.191957e-02
337 2.845260e+02 3.237353e+02 2.300000e+01 1.500000e+01 8.401522e-03
338 2.784861e+02 3.340854e+02 2.300000e+01 1.500000e+01 7.160655e-03
339 2.879774e+02 3.510719e+02 2.300000e+01 1.500000e+01 6.508212e-03
340 2.751869e+02 3.731337e+02 2.300000e+01 1.500000e+01 6.559811e-03
341 2.838596e+02 3.919898e+02 2.300000e+01 1.500000e+01 8.931333e-03
342 2.870879e+02 3.942423e+02 2.300000e+01 1.500000e+01 1.248552e-02
iter 9: 2.882044e-01 2.388371e-01
iter 10
294 3.297315e+02 2.591258e+02 2.300000e+01 1.500000e+01 9.369277e-01
295 3.310240e+02 2.590015e+02 2.300000e+01 1.500000e+01 8.602248e-01
296 3.310416e+02 2.605271e+02 2.300000e+01 1.500000e+01 6.816358e-01
297 3.310784e+02 2.608476e+02 2.300000e+01 1.500000e+01 6.314630e-01
298 3.327638e+02 2.604245e+02 2.300000e+01 1.500000e+01 6.608450e-01
299 3.322149e+02 2.605398e+02 2.300000e+01 1.500000e+01 5.834492e-01
300 3.336550e+02 2.597828e+02 2.300000e+01 1.500000e+01 5.823791e-01
301 3.356165e+02 2.609181e+02 2.300000e+01 1.500000e+01 5.726815e-01
302 3.367627e+02 2.608556e+02 2.300000e+01 1.500000e+01 5.360265e-01
303 3.387398e+02 2.632482e+02 2.300000e+01 1.500000e+01 5.622369e-01
304 3.390626e+02 2.629132e+02 2.300000e+01 1.500000e+01 5.187845e-01
305 3.408945e+02 2.644214e+02 2.300000e+01 1.500000e+01 5.212967e-01
306 3.400961e+02 2.634391e+02 2.300000e+01 1.500000e+01 4.630450e-01
307 3.410977e+02 2.647907e+02 2.300000e+01 1.500000e+01 4.152412e-01
308 3.427430e+02 2.652573e+02 2.300000e+01 1.500000e+01 3.978840e-01
309 3.462574e+02 2.676129e+02 2.300000e+01 1.500000e+01 4.147343e-01
310 3.470538e+02 2.669382e+02 2.300000e+01 1.500000e+01 3.725310e-01
311 3.497114e+02 2.696682e+02 2.300000e+01 1.500000e+01 3.897831e-01
312 3.489890e+02 2.696565e+02 2.300000e+01 1.500000e+01 3.156162e-01
313 3.497703e+02 2.695512e+02 2.300000e+01 1.500000e+01 2.963731e-01
314 3.523660e+02 2.696049e+02 2.300000e+01 1.500000e+01 3.043595e-01
315 3.556047e+02 2.713196e+02 2.300000e+01 1.500000e+01 3.194445e-01
316 3.569764e+02 2.730376e+02 2.300000e+01 1.500000e+01 2.933672e-01
317 3.643511e+02 2.737373e+02 2.300000e+01 1.500000e+01 2.674421e-01
318 3.593782e+02 2.726768e+02 2.300000e+01 1.500000e+01 2.766639e-01
319 3.620979e+02 2.766042e+02 2.300000e+01 1.500000e+01 2.367881e-01
320 3.570731e+02 2.791734e+02 2.300000e+01 1.500000e+01 2.271232e-01
321 3.542691e+02 2.783679e+02 2.300000e+01 1.500000e+01 1.989619e-01
322 3.549926e+02 2.823999e+02 2.300000e+01 1.500000e+01 1.879084e-01
323 3.558009e+02 2.847690e+02 2.300000e+01 1.500000e+01 1.695333e-01
324 3.570403e+02 2.865350e+02 2.300000e+01 1.500000e+01 1.624295e-01
325 3.550515e+02 2.884249e+02 2.300000e+01 1.500000e+01 1.382212e-01
326 3.564688e+02 2.903689e+02 2.300000e+01 1.500000e+01 1.234348e-01
327 3.516384e+02 2.949802e+02 2.300000e+01 1.500000e+01 1.008001e-01
328 3.525385e+02 2.976509e+02 2.300000e+01 1.500000e+01 1.005537e-01
329 3.523956e+02 3.010223e+02 2.300000e+01 1.500000e+01 7.798371e-02
330 3.513732e+02 3.012627e+02 2.300000e+01 1.500000e+01 6.470371e-02
331 3.502014e+02 3.058094e+02 2.300000e+01 1.500000e+01 5.477930e-02
332 3.443843e+02 3.080657e+02 2.300000e+01 1.500000e+01 4.186894e-02
333 3.370223e+02 3.138927e+02 2.300000e+01 1.500000e+01 3.522564e-02
334 3.288001e+02 3.240702e+02 2.300000e+01 1.500000e+01 2.789232e-02
335 3.142505e+02 3.304547e+02 2.300000e+01 1.500000e+01 1.627052e-02
336 3.013663e+02 3.290808e+02 2.300000e+01 1.500000e+01 1.191957e-02
337 2.904354e+02 3.233390e+02 2.300000e+01 1.500000e+01 8.401522e-03
338 2.960921e+02 3.351883e+02 2.300000e+01 1.500000e+01 7.160655e-03
339 2.909930e+02 3.506755e+02 2.300000e+01 1.500000e+01 6.508212e-03
340 2.909423e+02 3.696287e+02 2.300000e+01 1.500000e+01 6.559811e-03
341 3.067872e+02 3.795126e+02 2.300000e+01 1.500000e+01 8.931333e-03
342 3.310743e+02 3.522946e+02 2.300000e+01 1.500000e+01 0.000000e+00
iter 10: 2.895591e-01 2.430899e-01
iter 11
294 3.294929e+02 2.605691e+02 2.300000e+01 1.500000e+01 8.367234e-01
295 3.283420e+02 2.582910e+02 2.300000e+01 1.500000e+01 7.555484e-01
296 3.320083e+02 2.584038e+02 2.300000e+01 1.500000e+01 7.371793e-01
297 3.310133e+02 2.596801e+02 2.300000e+01 1.500000e+01 6.671115e-01
298 3.348168e+02 2.613153e+02 2.300000e+01 1.500000e+01 6.837028e-01
299 3.331929e+02 2.607115e+02 2.300000e+01 1.500000e+01 6.131447e-01
300 3.333492e+02 2.616576e+02 2.300000e+01 1.500000e+01 5.737556e-01
301 3.364997e+02 2.607447e+02 2.300000e+01 1.500000e+01 5.972137e-01
302 3.369096e+02 2.608226e+02 2.300000e+01 1.500000e+01 5.396445e-01
303 3.388075e+02 2.637476e+02 2.300000e+01 1.500000e+01 5.639872e-01
304 3.398818e+02 2.626637e+02 2.300000e+01 1.500000e+01 5.389598e-01
305 3.401721e+02 2.651744e+02 2.300000e+01 1.500000e+01 5.040973e-01
306 3.404937e+02 2.637002e+02 2.300000e+01 1.500000e+01 4.722065e-01
307 3.422434e+02 2.649369e+02 2.300000e+01 1.500000e+01 4.389128e-01
308 3.423401e+02 2.650094e+02 2.300000e+01 1.500000e+01 3.901547e-01
309 3.463024e+02 2.676410e+02 2.300000e+01 1.500000e+01 4.155732e-01
310 3.463903e+02 2.676915e+02 2.300000e+01 1.500000e+01 3.613217e-01
311 3.504068e+02 2.686434e+02 2.300000e+01 1.500000e+01 3.947370e-01
312 3.496238e+02 2.668862e+02 2.300000e+01 1.500000e+01 3.256381e-01
313 3.486187e+02 2.681445e+02 2.300000e+01 1.500000e+01 2.781897e-01
314 3.523867e+02 2.707683e+02 2.300000e+01 1.500000e+01 3.046531e-01
315 3.540992e+02 2.708096e+02 2.300000e+01 1.500000e+01 3.194445e-01
316 3.547933e+02 2.722976e+02 2.300000e+01 1.500000e+01 2.933672e-01
317 3.612763e+02 2.728520e+02 2.300000e+01 1.500000e+01 2.674421e-01
318 3.589428e+02 2.729614e+02 2.300000e+01 1.500000e+01 2.766639e-01
319 3.622176e+02 2.774425e+02 2.300000e+01 1.500000e+01 2.367881e-01
320 3.578414e+02 2.785368e+02 2.300000e+01 1.500000e+01 2.271232e-01
321 3.548961e+02 2.793417e+02 2.300000e+01 1.500000e+01 1.989619e-01
322 3.542998e+02 2.831882e+02 2.300000e+01 1.500000e+01 1.879084e-01
323 3.549332e+02 2.854410e+02 2.300000e+01 1.500000e+01 1.695333e-01
324 3.564190e+02 2.851004e+02 2.300000e+01 1.500000e+01 1.624295e-01
325 3.537441e+02 2.895177e+02 2.300000e+01 1.500000e+01 1.382212e-01
326 3.538779e+02 2.918892e+02 2.300000e+01 1.500000e+01 1.227794e-01
327 3.528712e+02 2.948650e+02 2.300000e+01 1.500000e+01 1.065427e-01
328 3.543608e+02 2.973487e+02 2.300000e+01 1.500000e+01 1.005537e-01
329 3.528104e+02 3.004392e+02 2.300000e+01 1.500000e+01 7.798371e-02
330 3.516519e+02 3.015086e+02 2.300000e+01 1.500000e+01 6.470371e-02
331 3.492772e+02 3.053863e+02 2.300000e+01 1.500000e+01 5.477930e-02
332 3.435834e+02 3.077213e+02 2.300000e+01 1.500000e+01 4.186894e-02
333 3.369548e+02 3.117449e+02 2.300000e+01 1.500000e+01 3.522564e-02
334 3.269387e+02 3.235822e+02 2.300000e+01 1.500000e+01 2.789232e-02
335 3.152539e+02 3.301220e+02 2.300000e+01 1.500000e+01 1.627052e-02
336 2.975465e+02 3.298820e+02 2.300000e+01 1.500000e+01 1.191957e-02
337 2.837436e+02 3.239252e+02 2.300000e+01 1.500000e+01 8.401522e-03
338 2.593102e+02 3.324601e+02 2.300000e+01 1.500000e+01 7.160655e-03
339 2.678830e+02 3.513890e+02 2.300000e+01 1.500000e+01 6.508212e-03
340 2.601804e+02 3.704942e+02 2.300000e+01 1.500000e+01 6.559811e-03
341 2.579609e+02 3.929504e+02 2.300000e+01 1.500000e+01 8.931333e-03
342 2.806826e+02 4.056404e+02 2.300000e+01 1.500000e+01 1.248552e-02
iter 11: 2.894062e-01 2.385790e-01
iter 12
294 3.285988e+02 2.584735e+02 2.300000e+01 1.500000e+01 8.641665e-01
295 3.295167e+02 2.589206e+02 2.300000e+01 1.500000e+01 8.014326e-01
296 3.305119e+02 2.587269e+02 2.300000e+01 1.500000e+01 6.894837e-01
297 3.313880e+02 2.595544e+02 2.300000e+01 1.500000e+01 6.796012e-01
298 3.326760e+02 2.597124e+02 2.300000e+01 1.500000e+01 6.581790e-01
299 3.325451e+02 2.613837e+02 2.300000e+01 1.500000e+01 5.934747e-01
300 3.322397e+02 2.616347e+02 2.300000e+01 1.500000e+01 5.424729e-01
301 3.355989e+02 2.613341e+02 2.300000e+01 1.500000e+01 5.721923e-01
302 3.367585e+02 2.615784e+02 2.300000e+01 1.500000e+01 5.359241e-01
303 3.381686e+02 2.638362e+02 2.300000e+01 1.500000e+01 5.474635e-01
304 3.399651e+02 2.619910e+02 2.300000e+01 1.500000e+01 5.410117e-01
305 3.402815e+02 2.646657e+02 2.300000e+01 1.500000e+01 5.067025e-01
306 3.397453e+02 2.639516e+02 2.300000e+01 1.500000e+01 4.549607e-01
307 3.424708e+02 2.635126e+02 2.300000e+01 1.500000e+01 4.436112e-01
308 3.437046e+02 2.658084e+02 2.300000e+01 1.500000e+01 4.163293e-01
309 3.457440e+02 2.672667e+02 2.300000e+01 1.500000e+01 4.051682e-01
310 3.460169e+02 2.673520e+02 2.300000e+01 1.500000e+01 3.550155e-01
311 3.499170e+02 2.686576e+02 2.300000e+01 1.500000e+01 3.933127e-01
312 3.488816e+02 2.681424e+02 2.300000e+01 1.500000e+01 3.139195e-01
313 3.500900e+02 2.701868e+02 2.300000e+01 1.500000e+01 3.014208e-01
314 3.528864e+02 2.696297e+02 2.300000e+01 1.500000e+01 3.117713e-01
315 3.551073e+02 2.714555e+02 2.300000e+01 1.500000e+01 3.194445e-01
316 3.549464e+02 2.736785e+02 2.300000e+01 1.500000e+01 2.933672e-01
317 3.577293e+02 2.734586e+02 2.300000e+01 1.500000e+01 2.674421e-01
318 3.576159e+02 2.717451e+02 2.300000e+01 1.500000e+01 2.766639e-01
319 3.603262e+02 2.769096e+02 2.300000e+01 1.500000e+01 2.367881e-01
320 3.554056e+02 2.780044e+02 2.300000e+01 1.500000e+01 2.271232e-01
321 3.535751e+02 2.786583e+02 2.300000e+01 1.500000e+01 1.952863e-01
322 3.539781e+02 2.826339e+02 2.300000e+01 1.500000e+01 1.879084e-01
323 3.558540e+02 2.846939e+02 2.300000e+01 1.500000e+01 1.695333e-01
324 3.572006e+02 2.863578e+02 2.300000e+01 1.500000e+01 1.624295e-01
325 3.542001e+02 2.892572e+02 2.300000e+01 1.500000e+01 1.382212e-01
326 3.544358e+02 2.911366e+02 2.300000e+01 1.500000e+01 1.234348e-01
327 3.520403e+02 2.938741e+02 2.300000e+01 1.500000e+01 1.026723e-01
328 3.526653e+02 2.970107e+02 2.300000e+01 1.500000e+01 1.005537e-01
329 3.531129e+02 3.008045e+02 2.300000e+01 1.500000e+01 7.798371e-02
330 3.506920e+02 3.017279e+02 2.300000e+01 1.500000e+01 6.470371e-02
331 3.502015e+02 3.051527e+02 2.300000e+01 1.500000e+01 5.477930e-02
332 3.449559e+02 3.083228e+02 2.300000e+01 1.500000e+01 4.186894e-02
333 3.373651e+02 3.158643e+02 2.300000e+01 1.500000e+01 3.522564e-02
334 3.281402e+02 3.238829e+02 2.300000e+01 1.500000e+01 2.789232e-02
335 3.149474e+02 3.271545e+02 2.300000e+01 1.500000e+01 1.627052e-02
336 2.999351e+02 3.207287e+02 2.300000e+01 1.500000e+01 1.191957e-02
337 2.833227e+02 3.237189e+02 2.300000e+01 1.500000e+01 8.401522e-03
338 2.892381e+02 3.350431e+02 2.300000e+01 1.500000e+01 7.160655e-03
339 2.868161e+02 3.486344e+02 2.300000e+01 1.500000e+01 6.508212e-03
340 2.890067e+02 3.676744e+02 2.300000e+01 1.500000e+01 6.559811e-03
341 2.982846e+02 3.915754e+02 2.300000e+01 1.500000e+01 8.931333e-03
342 2.885052e+02 3.942619e+02 2.300000e+01 1.500000e+01 1.248552e-02
iter 12: 2.879423e-01 2.373773e-01
iter 13
294 3.331890e+02 2.576733e+02 2.300000e+01 1.500000e+01 8.247978e-01
295 3.313490e+02 2.585352e+02 2.300000e+01 1.500000e+01 8.730085e-01
296 3.320657e+02 2.604686e+02 2.300000e+01 1.500000e+01 7.141521e-01
297 3.309012e+02 2.596861e+02 2.300000e+01 1.500000e+01 6.633739e-01
298 3.314979e+02 2.611311e+02 2.300000e+01 1.500000e+01 6.169666e-01
299 3.313150e+02 2.609228e+02 2.300000e+01 1.500000e+01 5.561244e-01
300 3.313971e+02 2.611149e+02 2.300000e+01 1.500000e+01 5.187148e-01
301 3.350330e+02 2.602648e+02 2.300000e+01 1.500000e+01 5.564720e-01
302 3.363327e+02 2.618750e+02 2.300000e+01 1.500000e+01 5.254364e-01
303 3.396503e+02 2.619900e+02 2.300000e+01 1.500000e+01 5.857835e-01
304 3.393444e+02 2.628089e+02 2.300000e+01 1.500000e+01 5.257251e-01
305 3.413762e+02 2.653302e+02 2.300000e+01 1.500000e+01 5.327670e-01
306 3.411004e+02 2.636300e+02 2.300000e+01 1.500000e+01 4.861837e-01
307 3.419491e+02 2.648077e+02 2.300000e+01 1.500000e+01 4.328318e-01
308 3.436126e+02 2.658457e+02 2.300000e+01 1.500000e+01 4.145639e-01
309 3.454072e+02 2.677395e+02 2.300000e+01 1.500000e+01 3.988921e-01
310 3.475909e+02 2.678034e+02 2.300000e+01 1.500000e+01 3.816022e-01
311 3.503718e+02 2.689816e+02 2.300000e+01 1.500000e+01 3.947370e-01
312 3.485904e+02 2.691681e+02 2.300000e+01 1.500000e+01 3.093221e-01
313 3.506982e+02 2.702154e+02 2.300000e+01 1.500000e+01 3.110237e-01
314 3.528696e+02 2.706983e+02 2.300000e+01 1.500000e+01 3.115323e-01
315 3.538671e+02 2.709043e+02 2.300000e+01 1.500000e+01 3.175990e-01
316 3.551810e+02 2.717828e+02 2.300000e+01 1.500000e+01 2.933672e-01
317 3.625128e+02 2.741706e+02 2.300000e+01 1.500000e+01 2.674421e-01
318 3.617880e+02 2.749129e+02 2.300000e+01 1.500000e+01 2.766639e-01
319 3.613926e+02 2.773364e+02 2.300000e+01 1.500000e+01 2.367881e-01
320 3.559360e+02 2.788783e+02 2.300000e+01 1.500000e+01 2.271232e-01
321 3.541074e+02 2.808204e+02 2.300000e+01 1.500000e+01 1.989619e-01
322 3.563334e+02 2.832718e+02 2.300000e+01 1.500000e+01 1.879084e-01
323 3.547686e+02 2.838934e+02 2.300000e+01 1.500000e+01 1.695333e-01
324 3.583481e+02 2.858242e+02 2.300000e+01 1.500000e+01 1.624295e-01
325 3.571932e+02 2.880769e+02 2.300000e+01 1.500000e+01 1.382212e-01
326 3.578483e+02 2.914284e+02 2.300000e+01 1.500000e+01 1.234348e-01
327 3.528724e+02 2.943765e+02 2.300000e+01 1.500000e+01 1.065484e-01
328 3.528079e+02 2.981179e+02 2.300000e+01 1.500000e+01 1.005537e-01
329 3.528306e+02 3.008053e+02 2.300000e+01 1.500000e+01 7.798371e-02
330 3.514448e+02 3.002484e+02 2.300000e+01 1.500000e+01 6.470371e-02
331 3.506552e+02 3.045901e+02 2.300000e+01 1.500000e+01 5.477930e-02
332 3.454214e+02 3.079561e+02 2.300000e+01 1.500000e+01 4.186894e-02
333 3.366854e+02 3.146725e+02 2.300000e+01 1.500000e+01 3.522564e-02
334 3.289150e+02 3.238502e+02 2.300000e+01 1.500000e+01 2.789232e-02
335 3.135061e+02 3.246697e+02 2.300000e+01 1.500000e+01 1.627052e-02
336 2.992120e+02 3.242128e+02 2.300000e+01 1.500000e+01 1.191957e-02
337 2.827209e+02 3.221287e+02 2.300000e+01 1.500000e+01 8.401522e-03
338 2.821366e+02 3.352964e+02 2.300000e+01 1.500000e+01 7.160655e-03
339 2.793920e+02 3.507975e+02 2.300000e+01 1.500000e+01 6.508212e-03
340 2.760591e+02 3.693540e+02 2.300000e+01 1.500000e+01 6.559811e-03
341 3.001053e+02 3.821420e+02 2.300000e+01 1.500000e+01 8.931333e-03
342 3.031577e+02 3.599363e+02 2.300000e+01 1.500000e+01 0.000000e+00
iter 13: 2.879345e-01 2.377627e-01
iter 14
294 3.293985e+02 2.582551e+02 2.300000e+01 1.500000e+01 8.841659e-01
295 3.298878e+02 2.571371e+02 2.300000e+01 1.500000e+01 7.689910e-01
296 3.316935e+02 2.599315e+02 2.300000e+01 1.500000e+01 7.273546e-01
297 3.304756e+02 2.598732e+02 2.300000e+01 1.500000e+01 6.491875e-01
298 3.328677e+02 2.600151e+02 2.300000e+01 1.500000e+01 6.639990e-01
299 3.313015e+02 2.599942e+02 2.300000e+01 1.500000e+01 5.557148e-01
300 3.336051e+02 2.599821e+02 2.300000e+01 1.500000e+01 5.809718e-01
301 3.360006e+02 2.602335e+02 2.300000e+01 1.500000e+01 5.833509e-01
302 3.366426e+02 2.620453e+02 2.300000e+01 1.500000e+01 5.330691e-01
303 3.389138e+02 2.628366e+02 2.300000e+01 1.500000e+01 5.667375e-01
304 3.384992e+02 2.634867e+02 2.300000e+01 1.500000e+01 5.049063e-01
305 3.399919e+02 2.648140e+02 2.300000e+01 1.500000e+01 4.998064e-01
306 3.410709e+02 2.625433e+02 2.300000e+01 1.500000e+01 4.855058e-01
307 3.417391e+02 2.644344e+02 2.300000e+01 1.500000e+01 4.284939e-01
308 3.435799e+02 2.658441e+02 2.300000e+01 1.500000e+01 4.139372e-01
309 3.458152e+02 2.666437e+02 2.300000e+01 1.500000e+01 4.064951e-01
310 3.464845e+02 2.676078e+02 2.300000e+01 1.500000e+01 3.629142e-01
311 3.515715e+02 2.695057e+02 2.300000e+01 1.500000e+01 3.947370e-01
312 3.499977e+02 2.690588e+02 2.300000e+01 1.500000e+01 3.315428e-01
313 3.505460e+02 2.699320e+02 2.300000e+01 1.500000e+01 3.086211e-01
314 3.529735e+02 2.684136e+02 2.300000e+01 1.500000e+01 3.130120e-01
315 3.549988e+02 2.703225e+02 2.300000e+01 1.500000e+01 3.194445e-01
316 3.563293e+02 2.724562e+02 2.300000e+01 1.500000e+01 2.933672e-01
317 3.615101e+02 2.736703e+02 2.300000e+01 1.500000e+01 2.674421e-01
318 3.593890e+02 2.732915e+02 2.300000e+01 1.500000e+01 2.766639e-01
319 3.625547e+02 2.768929e+02 2.300000e+01 1.500000e+01 2.367881e-01
320 3.569760e+02 2.790384e+02 2.300000e+01 1.500000e+01 2.271232e-01
321 3.546125e+02 2.801033e+02 2.300000e+01 1.500000e+01 1.989619e-01
322 3.549564e+02 2.823905e+02 2.300000e+01 1.500000e+01 1.879084e-01
323 3.552835e+02 2.834760e+02 2.300000e+01 1.500000e+01 1.695333e-01
324 3.573223e+02 2.852714e+02 2.300000e+01 1.500000e+01 1.624295e-01
325 3.549474e+02 2.881859e+02 2.300000e+01 1.500000e+01 1.382212e-01
326 3.564420e+02 2.909669e+02 2.300000e+01 1.500000e+01 1.234348e-01
327 3.535838e+02 2.943076e+02 2.300000e+01 1.500000e+01 1.071428e-01
328 3.529714e+02 2.983091e+02 2.300000e+01 1.500000e+01 1.005537e-01
329 3.521276e+02 2.997264e+02 2.300000e+01 1.500000e+01 7.798371e-02
330 3.513750e+02 3.013581e+02 2.300000e+01 1.500000e+01 6.470371e-02
331 3.503934e+02 3.051500e+02 2.300000e+01 1.500000e+01 5.477930e-02
332 3.447404e+02 3.091899e+02 2.300000e+01 1.500000e+01 4.186894e-02
333 3.370898e+02 3.142444e+02 2.300000e+01 1.500000e+01 3.522564e-02
334 3.286829e+02 3.244353e+02 2.300000e+01 1.500000e+01 2.789232e-02
335 3.141055e+02 3.286317e+02 2.300000e+01 1.500000e+01 1.627052e-02
336 3.007364e+02 3.239681e+02 2.300000e+01 1.500000e+01 1.191957e-02
337 2.847804e+02 3.234564e+02 2.300000e+01 1.500000e+01 8.401522e-03
338 2.865701e+02 3.350746e+02 2.300000e+01 1.500000e+01 7.160655e-03
339 2.902553e+02 3.528031e+02 2.300000e+01 1.500000e+01 6.508212e-03
340 2.850339e+02 3.704803e+02 2.300000e+01 1.500000e+01 6.559811e-03
341 3.088944e+02 3.783593e+02 2.300000e+01 1.500000e+01 8.931333e-03
342 3.092463e+02 3.498624e+02 2.300000e+01 1.500000e+01 0.000000e+00
iter 14: 2.885864e-01 2.379540e-01
iter 15
294 3.298939e+02 2.597283e+02 2.300000e+01 1.500000e+01 9.056918e-01
295 3.296033e+02 2.592827e+02 2.300000e+01 1.500000e+01 7.896514e-01
296 3.309235e+02 2.602614e+02 2.300000e+01 1.500000e+01 6.904330e-01
297 3.320061e+02 2.604142e+02 2.300000e+01 1.500000e+01 6.808697e-01
298 3.328580e+02 2.611254e+02 2.300000e+01 1.500000e+01 6.581579e-01
299 3.325642e+02 2.609103e+02 2.300000e+01 1.500000e+01 5.940556e-01
300 3.331929e+02 2.607569e+02 2.300000e+01 1.500000e+01 5.693478e-01
301 3.352900e+02 2.598249e+02 2.300000e+01 1.500000e+01 5.636117e-01
302 3.363944e+02 2.616463e+02 2.300000e+01 1.500000e+01 5.269550e-01
303 3.396076e+02 2.632407e+02 2.300000e+01 1.500000e+01 5.846784e-01
304 3.391068e+02 2.626694e+02 2.300000e+01 1.500000e+01 5.198721e-01
305 3.412071e+02 2.650323e+02 2.300000e+01 1.500000e+01 5.287408e-01
306 3.407929e+02 2.636148e+02 2.300000e+01 1.500000e+01 4.790996e-01
307 3.407180e+02 2.652047e+02 2.300000e+01 1.500000e+01 4.073965e-01
308 3.431392e+02 2.657604e+02 2.300000e+01 1.500000e+01 4.054837e-01
309 3.451233e+02 2.655289e+02 2.300000e+01 1.500000e+01 3.936021e-01
310 3.463880e+02 2.669201e+02 2.300000e+01 1.500000e+01 3.612843e-01
311 3.480968e+02 2.695811e+02 2.300000e+01 1.500000e+01 3.620729e-01
312 3.487242e+02 2.687859e+02 2.300000e+01 1.500000e+01 3.114345e-01
313 3.502099e+02 2.693250e+02 2.300000e+01 1.500000e+01 3.033137e-01
314 3.518573e+02 2.706960e+02 2.300000e+01 1.500000e+01 2.971123e-01
315 3.555622e+02 2.693025e+02 2.300000e+01 1.500000e+01 3.194445e-01
316 3.561317e+02 2.729738e+02 2.300000e+01 1.500000e+01 2.933672e-01
317 3.596593e+02 2.741010e+02 2.300000e+01 1.500000e+01 2.674421e-01
318 3.576420e+02 2.737888e+02 2.300000e+01 1.500000e+01 2.766639e-01
319 3.592837e+02 2.771726e+02 2.300000e+01 1.500000e+01 2.367881e-01
320 3.555467e+02 2.776312e+02 2.300000e+01 1.500000e+01 2.271232e-01
321 3.539832e+02 2.789601e+02 2.300000e+01 1.500000e+01 1.988165e-01
322 3.534897e+02 2.829508e+02 2.300000e+01 1.500000e+01 1.879084e-01
323 3.546993e+02 2.839083e+02 2.300000e+01 1.500000e+01 1.695333e-01
324 3.579480e+02 2.862425e+02 2.300000e+01 1.500000e+01 1.624295e-01
325 3.550871e+02 2.904180e+02 2.300000e+01 1.500000e+01 1.382212e-01
326 3.553436e+02 2.907536e+02 2.300000e+01 1.500000e+01 1.234348e-01
327 3.525889e+02 2.941907e+02 2.300000e+01 1.500000e+01 1.052276e-01
328 3.532632e+02 2.970712e+02 2.300000e+01 1.500000e+01 1.005537e-01
329 3.522940e+02 3.000328e+02 2.300000e+01 1.500000e+01 7.798371e-02
330 3.508684e+02 3.001779e+02 2.300000e+01 1.500000e+01 6.470371e-02
331 3.489306e+02 3.050364e+02 2.300000e+01 1.500000e+01 5.477930e-02
332 3.445162e+02 3.068614e+02 2.300000e+01 1.500000e+01 4.186894e-02
333 3.366410e+02 3.135270e+02 2.300000e+01 1.500000e+01 3.522564e-02
334 3.280438e+02 3.234578e+02 2.300000e+01 1.500000e+01 2.789232e-02
335 3.139859e+02 3.306335e+02 2.300000e+01 1.500000e+01 1.627052e-02
336 2.977641e+02 3.280748e+02 2.300000e+01 1.500000e+01 1.191957e-02
337 2.846057e+02 3.237864e+02 2.300000e+01 1.500000e+01 8.401522e-03
338 2.892498e+02 3.349205e+02 2.300000e+01 1.500000e+01 7.160655e-03
339 2.843695e+02 3.522626e+02 2.300000e+01 1.500000e+01 6.508212e-03
340 2.634950e+02 3.692749e+02 2.300000e+01 1.500000e+01 6.559811e-03
341 2.945292e+02 3.831583e+02 2.300000e+01 1.500000e+01 8.931333e-03
342 2.904712e+02 3.896768e+02 2.300000e+01 1.500000e+01 1.055179e-02
iter 15: 2.881342e-01 2.396519e-01
iter 16
294 3.290026e+02 2.598218e+02 2.300000e+01 1.500000e+01 8.631291e-01
295 3.295921e+02 2.592183e+02 2.300000e+01 1.500000e+01 7.926756e-01
296 3.322068e+02 2.601080e+02 2.300000e+01 1.500000e+01 7.318730e-01
297 3.329820e+02 2.608508e+02 2.300000e+01 1.500000e+01 6.911706e-01
298 3.320336e+02 2.615710e+02 2.300000e+01 1.500000e+01 6.143602e-01
299 3.308984e+02 2.617003e+02 2.300000e+01 1.500000e+01 5.434734e-01
300 3.319620e+02 2.604591e+02 2.300000e+01 1.500000e+01 5.346441e-01
301 3.358869e+02 2.611586e+02 2.300000e+01 1.500000e+01 5.801919e-01
302 3.365411e+02 2.618076e+02 2.300000e+01 1.500000e+01 5.305679e-01
303 3.395893e+02 2.632465e+02 2.300000e+01 1.500000e+01 5.842057e-01
304 3.377803e+02 2.628286e+02 2.300000e+01 1.500000e+01 4.871991e-01
305 3.398617e+02 2.644614e+02 2.300000e+01 1.500000e+01 4.967068e-01
306 3.399608e+02 2.640874e+02 2.300000e+01 1.500000e+01 4.599258e-01
307 3.416378e+02 2.644294e+02 2.300000e+01 1.500000e+01 4.263998e-01
308 3.422889e+02 2.662288e+02 2.300000e+01 1.500000e+01 3.891725e-01
309 3.466791e+02 2.675212e+02 2.300000e+01 1.500000e+01 4.225915e-01
310 3.471215e+02 2.668262e+02 2.300000e+01 1.500000e+01 3.736730e-01
311 3.500185e+02 2.685251e+02 2.300000e+01 1.500000e+01 3.947370e-01
312 3.493509e+02 2.678374e+02 2.300000e+01 1.500000e+01 3.213292e-01
313 3.499527e+02 2.684554e+02 2.300000e+01 1.500000e+01 2.992533e-01
314 3.523095e+02 2.695530e+02 2.300000e+01 1.500000e+01 3.035543e-01
315 3.552315e+02 2.709092e+02 2.300000e+01 1.500000e+01 3.194445e-01
316 3.568423e+02 2.730679e+02 2.300000e+01 1.500000e+01 2.933672e-01
317 3.615857e+02 2.743998e+02 2.300000e+01 1.500000e+01 2.674421e-01
318 3.576251e+02 2.736751e+02 2.300000e+01 1.500000e+01 2.766639e-01
319 3.590317e+02 2.762516e+02 2.300000e+01 1.500000e+01 2.367881e-01
320 3.561068e+02 2.783432e+02 2.300000e+01 1.500000e+01 2.271232e-01
321 3.545304e+02 2.794224e+02 2.300000e+01 1.500000e+01 1.989619e-01
322 3.543822e+02 2.845294e+02 2.300000e+01 1.500000e+01 1.879084e-01
323 3.559166e+02 2.843531e+02 2.300000e+01 1.500000e+01 1.695333e-01
324 3.580303e+02 2.847874e+02 2.300000e+01 1.500000e+01 1.624295e-01
325 3.545145e+02 2.880508e+02 2.300000e+01 1.500000e+01 1.382212e-01
326 3.558870e+02 2.890023e+02 2.300000e+01 1.500000e+01 1.234348e-01
327 3.531904e+02 2.948386e+02 2.300000e+01 1.500000e+01 1.071428e-01
328 3.534022e+02 2.974666e+02 2.300000e+01 1.500000e+01 1.005537e-01
329 3.531050e+02 3.007295e+02 2.300000e+01 1.500000e+01 7.798371e-02
330 3.520058e+02 3.017702e+02 2.300000e+01 1.500000e+01 6.470371e-02
331 3.494052e+02 3.049242e+02 2.300000e+01 1.500000e+01 5.477930e-02
332 3.449378e+02 3.074586e+02 2.300000e+01 1.500000e+01 4.186894e-02
333 3.367972e+02 3.144019e+02 2.300000e+01 1.500000e+01 3.522564e-02
334 3.278310e+02 3.230727e+02 2.300000e+01 1.500000e+01 2.789232e-02
335 3.206181e+02 3.273225e+02 2.300000e+01 1.500000e+01 1.627052e-02
336 3.014437e+02 3.224444e+02 2.300000e+01 1.500000e+01 1.191957e-02
337 2.844347e+02 3.235839e+02 2.300000e+01 1.500000e+01 8.401522e-03
338 2.937443e+02 3.352938e+02 2.300000e+01 1.500000e+01 7.160655e-03
339 2.873493e+02 3.512637e+02 2.300000e+01 1.500000e+01 6.508212e-03
340 2.943611e+02 3.688974e+02 2.300000e+01 1.500000e+01 6.559811e-03
341 3.140484e+02 3.703619e+02 2.300000e+01 1.500000e+01 8.931333e-03
342 3.140035e+02 3.500826e+02 2.300000e+01 1.500000e+01 0.000000e+00
iter 16: 2.860827e-01 2.360305e-01
iter 17
294 3.310887e+02 2.589503e+02 2.300000e+01 1.500000e+01 9.928455e-01
295 3.297145e+02 2.587552e+02 2.300000e+01 1.500000e+01 8.091580e-01
296 3.315463e+02 2.600448e+02 2.300000e+01 1.500000e+01 7.204822e-01
297 3.310052e+02 2.603017e+02 2.300000e+01 1.500000e+01 6.534270e-01
298 3.335094e+02 2.596884e+02 2.300000e+01 1.500000e+01 6.834844e-01
299 3.320647e+02 2.595806e+02 2.300000e+01 1.500000e+01 5.788880e-01
300 3.332152e+02 2.600188e+02 2.300000e+01 1.500000e+01 5.699793e-01
301 3.346846e+02 2.601533e+02 2.300000e+01 1.500000e+01 5.467944e-01
302 3.358481e+02 2.615576e+02 2.300000e+01 1.500000e+01 5.134992e-01
303 3.386759e+02 2.629117e+02 2.300000e+01 1.500000e+01 5.605830e-01
304 3.380468e+02 2.610905e+02 2.300000e+01 1.500000e+01 4.937634e-01
305 3.413226e+02 2.654824e+02 2.300000e+01 1.500000e+01 5.314897e-01
306 3.400960e+02 2.649692e+02 2.300000e+01 1.500000e+01 4.630406e-01
307 3.408403e+02 2.645675e+02 2.300000e+01 1.500000e+01 4.099231e-01
308 3.442862e+02 2.659538e+02 2.300000e+01 1.500000e+01 4.274853e-01
309 3.457817e+02 2.670756e+02 2.300000e+01 1.500000e+01 4.058703e-01
310 3.469628e+02 2.656488e+02 2.300000e+01 1.500000e+01 3.709931e-01
311 3.494650e+02 2.689429e+02 2.300000e+01 1.500000e+01 3.855554e-01
312 3.486842e+02 2.693472e+02 2.300000e+01 1.500000e+01 3.108036e-01
313 3.512749e+02 2.698278e+02 2.300000e+01 1.500000e+01 3.201297e-01
314 3.531815e+02 2.697285e+02 2.300000e+01 1.500000e+01 3.159750e-01
315 3.557760e+02 2.696808e+02 2.300000e+01 1.500000e+01 3.194445e-01
316 3.554319e+02 2.728260e+02 2.300000e+01 1.500000e+01 2.933672e-01
317 3.638059e+02 2.730693e+02 2.300000e+01 1.500000e+01 2.674421e-01
318 3.635338e+02 2.723023e+02 2.300000e+01 1.500000e+01 2.766639e-01
319 3.631807e+02 2.792632e+02 2.300000e+01 1.500000e+01 2.367881e-01
320 3.580389e+02 2.791005e+02 2.300000e+01 1.500000e+01 2.271232e-01
321 3.552070e+02 2.801447e+02 2.300000e+01 1.500000e+01 1.989619e-01
322 3.554523e+02 2.820320e+02 2.300000e+01 1.500000e+01 1.879084e-01
323 3.545253e+02 2.852011e+02 2.300000e+01 1.500000e+01 1.695333e-01
324 3.581788e+02 2.872430e+02 2.300000e+01 1.500000e+01 1.624295e-01
325 3.548276e+02 2.890390e+02 2.300000e+01 1.500000e+01 1.382212e-01
326 3.562624e+02 2.902647e+02 2.300000e+01 1.500000e+01 1.234348e-01
327 3.521909e+02 2.956379e+02 2.300000e+01 1.500000e+01 1.033736e-01
328 3.533827e+02 2.967988e+02 2.300000e+01 1.500000e+01 1.005537e-01
329 3.520766e+02 3.015511e+02 2.300000e+01 1.500000e+01 7.798371e-02
330 3.516836e+02 3.017415e+02 2.300000e+01 1.500000e+01 6.470371e-02
331 3.499831e+02 3.044597e+02 2.300000e+01 1.500000e+01 5.477930e-02
332 3.445700e+02 3.076132e+02 2.300000e+01 1.500000e+01 4.186894e-02
333 3.375973e+02 3.133514e+02 2.300000e+01 1.500000e+01 3.522564e-02
334 3.269979e+02 3.228180e+02 2.300000e+01 1.500000e+01 2.789232e-02
335 3.133692e+02 3.259274e+02 2.300000e+01 1.500000e+01 1.627052e-02
336 2.995737e+02 3.246073e+02 2.300000e+01 1.500000e+01 1.191957e-02
337 2.845097e+02 3.222946e+02 2.300000e+01 1.500000e+01 8.401522e-03
338 2.898211e+02 3.363664e+02 2.300000e+01 1.500000e+01 7.160655e-03
339 2.870230e+02 3.514204e+02 2.300000e+01 1.500000e+01 6.508212e-03
340 2.767564e+02 3.720562e+02 2.300000e+01 1.500000e+01 6.559811e-03
341 2.829758e+02 3.888870e+02 2.300000e+01 1.500000e+01 8.931333e-03
342 2.871549e+02 3.885361e+02 2.300000e+01 1.500000e+01 9.602284e-03
iter 17: 2.907597e-01 2.447952e-01
iter 18
294 3.303594e+02 2.548374e+02 2.300000e+01 1.500000e+01 7.023673e-01
295 3.305176e+02 2.572442e+02 2.300000e+01 1.500000e+01 7.981774e-01
296 3.330522e+02 2.593026e+02 2.300000e+01 1.500000e+01 7.371793e-01
297 3.310691e+02 2.621227e+02 2.300000e+01 1.500000e+01 5.743009e-01
298 3.325938e+02 2.609857e+02 2.300000e+01 1.500000e+01 6.556830e-01
299 3.324338e+02 2.611427e+02 2.300000e+01 1.500000e+01 5.900942e-01
300 3.324330e+02 2.604724e+02 2.300000e+01 1.500000e+01 5.479240e-01
301 3.357966e+02 2.600552e+02 2.300000e+01 1.500000e+01 5.776837e-01
302 3.358400e+02 2.622572e+02 2.300000e+01 1.500000e+01 5.133003e-01
303 3.377731e+02 2.628944e+02 2.300000e+01 1.500000e+01 5.372348e-01
304 3.381704e+02 2.635337e+02 2.300000e+01 1.500000e+01 4.968079e-01
305 3.407424e+02 2.648578e+02 2.300000e+01 1.500000e+01 5.176756e-01
306 3.424608e+02 2.639309e+02 2.300000e+01 1.500000e+01 5.175309e-01
307 3.419894e+02 2.632122e+02 2.300000e+01 1.500000e+01 4.336649e-01
308 3.432128e+02 2.656764e+02 2.300000e+01 1.500000e+01 4.068953e-01
309 3.454540e+02 2.677790e+02 2.300000e+01 1.500000e+01 3.997636e-01
310 3.467935e+02 2.672953e+02 2.300000e+01 1.500000e+01 3.681339e-01
311 3.491999e+02 2.681650e+02 2.300000e+01 1.500000e+01 3.810048e-01
312 3.499975e+02 2.688283e+02 2.300000e+01 1.500000e+01 3.315390e-01
313 3.503825e+02 2.699173e+02 2.300000e+01 1.500000e+01 3.060388e-01
314 3.517663e+02 2.714199e+02 2.300000e+01 1.500000e+01 2.958162e-01
315 3.546074e+02 2.696049e+02 2.300000e+01 1.500000e+01 3.194445e-01
316 3.542350e+02 2.717743e+02 2.300000e+01 1.500000e+01 2.933672e-01
317 3.577745e+02 2.744005e+02 2.300000e+01 1.500000e+01 2.674421e-01
318 3.594810e+02 2.740820e+02 2.300000e+01 1.500000e+01 2.766639e-01
319 3.602028e+02 2.781716e+02 2.300000e+01 1.500000e+01 2.367881e-01
320 3.561905e+02 2.781694e+02 2.300000e+01 1.500000e+01 2.271232e-01
321 3.540008e+02 2.801724e+02 2.300000e+01 1.500000e+01 1.989619e-01
322 3.543941e+02 2.825835e+02 2.300000e+01 1.500000e+01 1.879084e-01
323 3.548193e+02 2.833781e+02 2.300000e+01 1.500000e+01 1.695333e-01
324 3.567033e+02 2.860118e+02 2.300000e+01 1.500000e+01 1.624295e-01
325 3.557140e+02 2.892440e+02 2.300000e+01 1.500000e+01 1.382212e-01
326 3.560630e+02 2.909599e+02 2.300000e+01 1.500000e+01 1.234348e-01
327 3.529081e+02 2.946104e+02 2.300000e+01 1.500000e+01 1.067145e-01
328 3.534690e+02 2.970007e+02 2.300000e+01 1.500000e+01 1.005537e-01
329 3.535361e+02 3.003059e+02 2.300000e+01 1.500000e+01 7.798371e-02
330 3.508502e+02 3.018319e+02 2.300000e+01 1.500000e+01 6.470371e-02
331 3.500947e+02 3.057712e+02 2.300000e+01 1.500000e+01 5.477930e-02
332 3.449846e+02 3.081668e+02 2.300000e+01 1.500000e+01 4.186894e-02
333 3.368446e+02 3.150871e+02 2.300000e+01 1.500000e+01 3.522564e-02
334 3.289852e+02 3.220302e+02 2.300000e+01 1.500000e+01 2.789232e-02
335 3.120844e+02 3.258763e+02 2.300000e+01 1.500000e+01 1.627052e-02
336 2.979354e+02 3.275133e+02 2.300000e+01 1.500000e+01 1.191957e-02
337 2.858968e+02 3.241360e+02 2.300000e+01 1.500000e+01 8.401522e-03
338 2.799085e+02 3.344389e+02 2.300000e+01 1.500000e+01 7.160655e-03
339 2.904332e+02 3.530475e+02 2.300000e+01 1.500000e+01 6.508212e-03
340 2.798975e+02 3.717428e+02 2.300000e+01 1.500000e+01 6.559811e-03
341 3.146528e+02 3.664265e+02 2.300000e+01 1.500000e+01 7.399017e-03
342 3.176503e+02 3.513169e+02 2.300000e+01 1.500000e+01 0.000000e+00
iter 18: 2.829403e-01 2.285885e-01
iter 19
294 3.307304e+02 2.613309e+02 2.300000e+01 1.500000e+01 8.347051e-01
295 3.310037e+02 2.583556e+02 2.300000e+01 1.500000e+01 8.595188e-01
296 3.314091e+02 2.603014e+02 2.300000e+01 1.500000e+01 7.038075e-01
297 3.313429e+02 2.601320e+02 2.300000e+01 1.500000e+01 6.721296e-01
298 3.322876e+02 2.605031e+02 2.300000e+01 1.500000e+01 6.463837e-01
299 3.321602e+02 2.602668e+02 2.300000e+01 1.500000e+01 5.817878e-01
300 3.353194e+02 2.613487e+02 2.300000e+01 1.500000e+01 6.293071e-01
301 3.353706e+02 2.607798e+02 2.300000e+01 1.500000e+01 5.658501e-01
302 3.369557e+02 2.614084e+02 2.300000e+01 1.500000e+01 5.407814e-01
303 3.392425e+02 2.636895e+02 2.300000e+01 1.500000e+01 5.752372e-01
304 3.373335e+02 2.629862e+02 2.300000e+01 1.500000e+01 4.761953e-01
305 3.403991e+02 2.637637e+02 2.300000e+01 1.500000e+01 5.095026e-01
306 3.414285e+02 2.637965e+02 2.300000e+01 1.500000e+01 4.937455e-01
307 3.415741e+02 2.647262e+02 2.300000e+01 1.500000e+01 4.250837e-01
308 3.431886e+02 2.659538e+02 2.300000e+01 1.500000e+01 4.064299e-01
309 3.447916e+02 2.665903e+02 2.300000e+01 1.500000e+01 3.874210e-01
310 3.463222e+02 2.684131e+02 2.300000e+01 1.500000e+01 3.601718e-01
311 3.503511e+02 2.696732e+02 2.300000e+01 1.500000e+01 3.947370e-01
312 3.484952e+02 2.683656e+02 2.300000e+01 1.500000e+01 3.078183e-01
313 3.493572e+02 2.691028e+02 2.300000e+01 1.500000e+01 2.898498e-01
314 3.526811e+02 2.685197e+02 2.300000e+01 1.500000e+01 3.088478e-01
315 3.565783e+02 2.726007e+02 2.300000e+01 1.500000e+01 3.194445e-01
316 3.572609e+02 2.736369e+02 2.300000e+01 1.500000e+01 2.933672e-01
317 3.657354e+02 2.737225e+02 2.300000e+01 1.500000e+01 2.674421e-01
318 3.650090e+02 2.738904e+02 2.300000e+01 1.500000e+01 2.766639e-01
319 3.685818e+02 2.764019e+02 2.300000e+01 1.500000e+01 2.367881e-01
320 3.603286e+02 2.796185e+02 2.300000e+01 1.500000e+01 2.271232e-01
321 3.541447e+02 2.798942e+02 2.300000e+01 1.500000e+01 1.989619e-01
322 3.543907e+02 2.839496e+02 2.300000e+01 1.500000e+01 1.879084e-01
323 3.549100e+02 2.846551e+02 2.300000e+01 1.500000e+01 1.695333e-01
324 3.556423e+02 2.863024e+02 2.300000e+01 1.500000e+01 1.624295e-01
325 3.545419e+02 2.893456e+02 2.300000e+01 1.500000e+01 1.382212e-01
326 3.549202e+02 2.910617e+02 2.300000e+01 1.500000e+01 1.234348e-01
327 3.520903e+02 2.932716e+02 2.300000e+01 1.500000e+01 1.029052e-01
328 3.530840e+02 2.966303e+02 2.300000e+01 1.500000e+01 1.005537e-01
329 3.537348e+02 3.011443e+02 2.300000e+01 1.500000e+01 7.798371e-02
330 3.523144e+02 3.023570e+02 2.300000e+01 1.500000e+01 6.470371e-02
331 3.498953e+02 3.057212e+02 2.300000e+01 1.500000e+01 5.477930e-02
332 3.438733e+02 3.089629e+02 2.300000e+01 1.500000e+01 4.186894e-02
333 3.368007e+02 3.141495e+02 2.300000e+01 1.500000e+01 3.522564e-02
334 3.278278e+02 3.202471e+02 2.300000e+01 1.500000e+01 2.789232e-02
335 3.137368e+02 3.245260e+02 2.300000e+01 1.500000e+01 1.627052e-02
336 3.056611e+02 3.215952e+02 2.300000e+01 1.500000e+01 1.191957e-02
337 2.892598e+02 3.235584e+02 2.300000e+01 1.500000e+01 8.401522e-03
338 2.916829e+02 3.339650e+02 2.300000e+01 1.500000e+01 7.160655e-03
339 2.847047e+02 3.488279e+02 2.300000e+01 1.500000e+01 6.508212e-03
340 2.774510e+02 3.688829e+02 2.300000e+01 1.500000e+01 6.559811e-03
341 2.950511e+02 3.827195e+02 2.300000e+01 1.500000e+01 8.931333e-03
342 2.887360e+02 3.910032e+02 2.300000e+01 1.500000e+01 1.165582e-02
iter 19: 2.888561e-01 2.400073e-01
iter 20
294 3.285183e+02 2.614367e+02 2.300000e+01 1.500000e+01 7.471814e-01
295 3.303330e+02 2.590212e+02 2.300000e+01 1.500000e+01 8.321436e-01
296 3.318174e+02 2.595258e+02 2.300000e+01 1.500000e+01 7.313269e-01
297 3.309874e+02 2.604054e+02 2.300000e+01 1.500000e+01 6.482436e-01
298 3.328692e+02 2.609025e+02 2.300000e+01 1.500000e+01 6.640448e-01
299 3.317024e+02 2.621830e+02 2.300000e+01 1.500000e+01 5.609589e-01
300 3.326177e+02 2.604348e+02 2.300000e+01 1.500000e+01 5.531310e-01
301 3.356280e+02 2.613566e+02 2.300000e+01 1.500000e+01 5.730010e-01
302 3.352932e+02 2.606920e+02 2.300000e+01 1.500000e+01 4.998323e-01
303 3.376920e+02 2.634007e+02 2.300000e+01 1.500000e+01 5.351375e-01
304 3.387424e+02 2.631794e+02 2.300000e+01 1.500000e+01 5.108957e-01
305 3.405020e+02 2.656731e+02 2.300000e+01 1.500000e+01 5.119527e-01
306 3.412620e+02 2.635246e+02 2.300000e+01 1.500000e+01 4.899080e-01
307 3.414206e+02 2.636959e+02 2.300000e+01 1.500000e+01 4.219123e-01
308 3.436532e+02 2.645908e+02 2.300000e+01 1.500000e+01 4.153433e-01
309 3.467273e+02 2.674136e+02 2.300000e+01 1.500000e+01 4.234896e-01
310 3.456421e+02 2.678213e+02 2.300000e+01 1.500000e+01 3.486835e-01
311 3.510254e+02 2.692212e+02 2.300000e+01 1.500000e+01 3.947370e-01
312 3.483079e+02 2.690948e+02 2.300000e+01 1.500000e+01 3.048607e-01
313 3.485441e+02 2.687660e+02 2.300000e+01 1.500000e+01 2.770123e-01
314 3.520638e+02 2.692040e+02 2.300000e+01 1.500000e+01 3.000536e-01
315 3.538964e+02 2.722554e+02 2.300000e+01 1.500000e+01 3.180062e-01
316 3.556980e+02 2.729223e+02 2.300000e+01 1.500000e+01 2.933672e-01
317 3.615318e+02 2.734836e+02 2.300000e+01 1.500000e+01 2.674421e-01
318 3.574369e+02 2.731284e+02 2.300000e+01 1.500000e+01 2.766639e-01
319 3.575128e+02 2.771740e+02 2.300000e+01 1.500000e+01 2.367881e-01
320 3.560815e+02 2.789246e+02 2.300000e+01 1.500000e+01 2.271232e-01
321 3.553673e+02 2.801716e+02 2.300000e+01 1.500000e+01 1.989619e-01
322 3.533189e+02 2.827253e+02 2.300000e+01 1.500000e+01 1.879084e-01
323 3.548096e+02 2.841904e+02 2.300000e+01 1.500000e+01 1.695333e-01
324 3.561173e+02 2.866273e+02 2.300000e+01 1.500000e+01 1.624295e-01
325 3.547745e+02 2.881579e+02 2.300000e+01 1.500000e+01 1.382212e-01
326 3.527734e+02 2.917743e+02 2.300000e+01 1.500000e+01 1.168518e-01
327 3.525000e+02 2.946945e+02 2.300000e+01 1.500000e+01 1.048138e-01
328 3.519288e+02 2.973076e+02 2.300000e+01 1.500000e+01 1.002426e-01
329 3.528105e+02 3.008143e+02 2.300000e+01 1.500000e+01 7.798371e-02
330 3.510442e+02 3.013782e+02 2.300000e+01 1.500000e+01 6.470371e-02
331 3.500638e+02 3.066010e+02 2.300000e+01 1.500000e+01 5.477930e-02
332 3.453910e+02 3.094324e+02 2.300000e+01 1.500000e+01 4.186894e-02
333 3.376275e+02 3.146653e+02 2.300000e+01 1.500000e+01 3.522564e-02
334 3.284002e+02 3.215914e+02 2.300000e+01 1.500000e+01 2.789232e-02
335 3.138746e+02 3.273793e+02 2.300000e+01 1.500000e+01 1.627052e-02
336 2.984271e+02 3.293288e+02 2.300000e+01 1.500000e+01 1.191957e-02
337 2.859687e+02 3.236376e+02 2.300000e+01 1.500000e+01 8.401522e-03
338 2.923533e+02 3.366550e+02 2.300000e+01 1.500000e+01 7.160655e-03
339 2.867008e+02 3.521632e+02 2.300000e+01 1.500000e+01 6.508212e-03
340 2.895998e+02 3.706538e+02 2.300000e+01 1.500000e+01 6.559811e-03
341 3.047954e+02 3.868676e+02 2.300000e+01 1.500000e+01 8.931333e-03
342 2.890946e+02 3.935127e+02 2.300000e+01 1.500000e+01 1.248552e-02
iter 20: 2.841407e-01 2.325795e-01
