294 3.291078e+02 2.582899e+02 2.300000e+01 1.500000e+01 8.742862e-01
295 3.296512e+02 2.575881e+02 2.300000e+01 1.500000e+01 7.845350e-01
296 3.312548e+02 2.585190e+02 2.300000e+01 1.500000e+01 7.132954e-01
297 3.311389e+02 2.602352e+02 2.300000e+01 1.500000e+01 6.607687e-01
298 3.324356e+02 2.602290e+02 2.300000e+01 1.500000e+01 6.508792e-01
299 3.321302e+02 2.608832e+02 2.300000e+01 1.500000e+01 5.808753e-01
300 3.325242e+02 2.607994e+02 2.300000e+01 1.500000e+01 5.504951e-01
301 3.351154e+02 2.604887e+02 2.300000e+01 1.500000e+01 5.587605e-01
302 3.360059e+02 2.611071e+02 2.300000e+01 1.500000e+01 5.173867e-01
303 3.380007e+02 2.624525e+02 2.300000e+01 1.500000e+01 5.431212e-01
304 3.383038e+02 2.636173e+02 2.300000e+01 1.500000e+01 5.000934e-01
305 3.392921e+02 2.644656e+02 2.300000e+01 1.500000e+01 4.831458e-01
306 3.402179e+02 2.641474e+02 2.300000e+01 1.500000e+01 4.658500e-01
307 3.407163e+02 2.651594e+02 2.300000e+01 1.500000e+01 4.073611e-01
308 3.424870e+02 2.653088e+02 2.300000e+01 1.500000e+01 3.929724e-01
309 3.449770e+02 2.669546e+02 2.300000e+01 1.500000e+01 3.908748e-01
310 3.461629e+02 2.676613e+02 2.300000e+01 1.500000e+01 3.574820e-01
311 3.491890e+02 2.692826e+02 2.300000e+01 1.500000e+01 3.808180e-01
312 3.486986e+02 2.683721e+02 2.300000e+01 1.500000e+01 3.110311e-01
313 3.489227e+02 2.685876e+02 2.300000e+01 1.500000e+01 2.829904e-01
314 3.509611e+02 2.695351e+02 2.300000e+01 1.500000e+01 2.843455e-01
315 3.527168e+02 2.712036e+02 2.300000e+01 1.500000e+01 3.016218e-01
316 3.538561e+02 2.726717e+02 2.300000e+01 1.500000e+01 2.915312e-01
317 3.542459e+02 2.736470e+02 2.300000e+01 1.500000e+01 2.586730e-01
318 3.543465e+02 2.738475e+02 2.300000e+01 1.500000e+01 2.567744e-01
319 3.551621e+02 2.761226e+02 2.300000e+01 1.500000e+01 2.367881e-01
320 3.541229e+02 2.781103e+02 2.300000e+01 1.500000e+01 2.271232e-01
321 3.534503e+02 2.791104e+02 2.300000e+01 1.500000e+01 1.942065e-01
322 3.541118e+02 2.826129e+02 2.300000e+01 1.500000e+01 1.879084e-01
323 3.546851e+02 2.840233e+02 2.300000e+01 1.500000e+01 1.695333e-01
324 3.548210e+02 2.852443e+02 2.300000e+01 1.500000e+01 1.624295e-01
325 3.542826e+02 2.882399e+02 2.300000e+01 1.500000e+01 1.382212e-01
326 3.540744e+02 2.906960e+02 2.300000e+01 1.500000e+01 1.234348e-01
327 3.526680e+02 2.936697e+02 2.300000e+01 1.500000e+01 1.055963e-01
328 3.531068e+02 2.970336e+02 2.300000e+01 1.500000e+01 1.005537e-01
329 3.525654e+02 3.003702e+02 2.300000e+01 1.500000e+01 7.798371e-02
330 3.514948e+02 3.016892e+02 2.300000e+01 1.500000e+01 6.470371e-02
331 3.495896e+02 3.039621e+02 2.300000e+01 1.500000e+01 5.477930e-02
332 3.455441e+02 3.063043e+02 2.300000e+01 1.500000e+01 4.186894e-02
333 3.391841e+02 3.082863e+02 2.300000e+01 1.500000e+01 3.522564e-02
334 3.302721e+02 3.160834e+02 2.300000e+01 1.500000e+01 2.789232e-02
335 3.282564e+02 3.117691e+02 2.300000e+01 1.500000e+01 1.627052e-02
336 3.129263e+02 3.049173e+02 2.300000e+01 1.500000e+01 1.191957e-02
337 3.097676e+02 3.174710e+02 2.300000e+01 1.500000e+01 8.401522e-03
338 3.085268e+02 3.271159e+02 2.300000e+01 1.500000e+01 7.160655e-03
339 3.037240e+02 3.369790e+02 2.300000e+01 1.500000e+01 6.508212e-03
340 3.140798e+02 3.315550e+02 2.300000e+01 1.500000e+01 3.303970e-03
341 3.224369e+02 3.324851e+02 2.300000e+01 1.500000e+01 0.000000e+00
342 3.252989e+02 3.458530e+02 2.300000e+01 1.500000e+01 0.000000e+00
2.816690e-01 2.346842e-01
