iter 1
294 3.316206e+02 2.596456e+02 2.300000e+01 1.500000e+01 9.311400e-01
295 3.308402e+02 2.581163e+02 2.300000e+01 1.500000e+01 8.531321e-01
296 3.319600e+02 2.599481e+02 2.300000e+01 1.500000e+01 7.358966e-01
297 3.317802e+02 2.595104e+02 2.300000e+01 1.500000e+01 6.926721e-01
298 3.332246e+02 2.603557e+02 2.300000e+01 1.500000e+01 6.748372e-01
299 3.323650e+02 2.607626e+02 2.300000e+01 1.500000e+01 5.880078e-01
300 3.329475e+02 2.603916e+02 2.300000e+01 1.500000e+01 5.624286e-01
301 3.352334e+02 2.606200e+02 2.300000e+01 1.500000e+01 5.620375e-01
302 3.358634e+02 2.616418e+02 2.300000e+01 1.500000e+01 5.138764e-01
303 3.383816e+02 2.644272e+02 2.300000e+01 1.500000e+01 5.372234e-01
304 3.385976e+02 2.633625e+02 2.300000e+01 1.500000e+01 5.073310e-01
305 3.403519e+02 2.651232e+02 2.300000e+01 1.500000e+01 5.083777e-01
306 3.413097e+02 2.638952e+02 2.300000e+01 1.500000e+01 4.910084e-01
307 3.421216e+02 2.652365e+02 2.300000e+01 1.500000e+01 4.363960e-01
308 3.440420e+02 2.658293e+02 2.300000e+01 1.500000e+01 4.227994e-01
309 3.453810e+02 2.665901e+02 2.300000e+01 1.500000e+01 3.984046e-01
310 3.472692e+02 2.675723e+02 2.300000e+01 1.500000e+01 3.761693e-01
311 3.502327e+02 2.684186e+02 2.300000e+01 1.500000e+01 3.947370e-01
312 3.491396e+02 2.681972e+02 2.300000e+01 1.500000e+01 3.179930e-01
313 3.494260e+02 2.684647e+02 2.300000e+01 1.500000e+01 2.909361e-01
314 3.522922e+02 2.695666e+02 2.300000e+01 1.500000e+01 3.033077e-01
315 3.554244e+02 2.707491e+02 2.300000e+01 1.500000e+01 3.194445e-01
316 3.563065e+02 2.722773e+02 2.300000e+01 1.500000e+01 2.933672e-01
317 3.613797e+02 2.730206e+02 2.300000e+01 1.500000e+01 2.674421e-01
318 3.588776e+02 2.728057e+02 2.300000e+01 1.500000e+01 2.766639e-01
319 3.602703e+02 2.767062e+02 2.300000e+01 1.500000e+01 2.367881e-01
320 3.556903e+02 2.775526e+02 2.300000e+01 1.500000e+01 2.271232e-01
321 3.537122e+02 2.802353e+02 2.300000e+01 1.500000e+01 1.964722e-01
322 3.534088e+02 2.831884e+02 2.300000e+01 1.500000e+01 1.879084e-01
323 3.551854e+02 2.845552e+02 2.300000e+01 1.500000e+01 1.695333e-01
324 3.560563e+02 2.863924e+02 2.300000e+01 1.500000e+01 1.624295e-01
325 3.556816e+02 2.877687e+02 2.300000e+01 1.500000e+01 1.382212e-01
326 3.556662e+02 2.916249e+02 2.300000e+01 1.500000e+01 1.234348e-01
327 3.541139e+02 2.939659e+02 2.300000e+01 1.500000e+01 1.071428e-01
328 3.532714e+02 2.963482e+02 2.300000e+01 1.500000e+01 1.005537e-01
329 3.529714e+02 3.005648e+02 2.300000e+01 1.500000e+01 7.798371e-02
330 3.518340e+02 3.012639e+02 2.300000e+01 1.500000e+01 6.470371e-02
331 3.496853e+02 3.055420e+02 2.300000e+01 1.500000e+01 5.477930e-02
332 3.445572e+02 3.084828e+02 2.300000e+01 1.500000e+01 4.186894e-02
333 3.366781e+02 3.147219e+02 2.300000e+01 1.500000e+01 3.522564e-02
334 3.273114e+02 3.234443e+02 2.300000e+01 1.500000e+01 2.789232e-02
335 3.140062e+02 3.274672e+02 2.300000e+01 1.500000e+01 1.627052e-02
336 3.021746e+02 3.210503e+02 2.300000e+01 1.500000e+01 1.191957e-02
337 2.844032e+02 3.233090e+02 2.300000e+01 1.500000e+01 8.401522e-03
338 2.898379e+02 3.352634e+02 2.300000e+01 1.500000e+01 7.160655e-03
339 2.899981e+02 3.507180e+02 2.300000e+01 1.500000e+01 6.508212e-03
340 2.791878e+02 3.695367e+02 2.300000e+01 1.500000e+01 6.559811e-03
341 3.006412e+02 3.656524e+02 2.300000e+01 1.500000e+01 6.938114e-03
342 3.153692e+02 3.502501e+02 2.300000e+01 1.500000e+01 0.000000e+00
iter 1: 2.912541e-01 2.454507e-01
iter 2
294 3.290714e+02 2.576904e+02 2.300000e+01 1.500000e+01 8.361615e-01
295 3.306299e+02 2.583283e+02 2.300000e+01 1.500000e+01 8.449173e-01
296 3.313971e+02 2.596597e+02 2.300000e+01 1.500000e+01 7.178540e-01
297 3.320698e+02 2.600134e+02 2.300000e+01 1.500000e+01 7.016985e-01
298 3.335113e+02 2.600437e+02 2.300000e+01 1.500000e+01 6.835432e-01
299 3.325932e+02 2.609622e+02 2.300000e+01 1.500000e+01 5.949355e-01
300 3.331316e+02 2.604777e+02 2.300000e+01 1.500000e+01 5.676203e-01
301 3.364449e+02 2.608161e+02 2.300000e+01 1.500000e+01 5.956915e-01
302 3.371964e+02 2.615977e+02 2.300000e+01 1.500000e+01 5.467085e-01
303 3.382804e+02 2.634812e+02 2.300000e+01 1.500000e+01 5.503547e-01
304 3.382286e+02 2.635092e+02 2.300000e+01 1.500000e+01 4.982406e-01
305 3.396580e+02 2.652354e+02 2.300000e+01 1.500000e+01 4.918581e-01
306 3.408867e+02 2.635485e+02 2.300000e+01 1.500000e+01 4.812602e-01
307 3.426194e+02 2.642622e+02 2.300000e+01 1.500000e+01 4.466812e-01
308 3.435186e+02 2.650669e+02 2.300000e+01 1.500000e+01 4.127601e-01
309 3.467316e+02 2.661046e+02 2.300000e+01 1.500000e+01 4.235702e-01
310 3.468652e+02 2.679349e+02 2.300000e+01 1.500000e+01 3.693447e-01
311 3.494256e+02 2.688547e+02 2.300000e+01 1.500000e+01 3.848787e-01
312 3.484171e+02 2.681347e+02 2.300000e+01 1.500000e+01 3.065860e-01
313 3.498300e+02 2.691952e+02 2.300000e+01 1.500000e+01 2.973155e-01
314 3.516057e+02 2.699732e+02 2.300000e+01 1.500000e+01 2.935288e-01
315 3.538545e+02 2.707207e+02 2.300000e+01 1.500000e+01 3.174236e-01
316 3.546243e+02 2.725486e+02 2.300000e+01 1.500000e+01 2.933672e-01
317 3.573692e+02 2.733566e+02 2.300000e+01 1.500000e+01 2.674421e-01
318 3.571539e+02 2.729387e+02 2.300000e+01 1.500000e+01 2.766639e-01
319 3.581364e+02 2.768474e+02 2.300000e+01 1.500000e+01 2.367881e-01
320 3.552875e+02 2.779671e+02 2.300000e+01 1.500000e+01 2.271232e-01
321 3.543006e+02 2.792794e+02 2.300000e+01 1.500000e+01 1.989619e-01
322 3.540728e+02 2.832246e+02 2.300000e+01 1.500000e+01 1.879084e-01
323 3.549732e+02 2.842973e+02 2.300000e+01 1.500000e+01 1.695333e-01
324 3.568167e+02 2.852095e+02 2.300000e+01 1.500000e+01 1.624295e-01
325 3.555778e+02 2.882120e+02 2.300000e+01 1.500000e+01 1.382212e-01
326 3.557771e+02 2.913399e+02 2.300000e+01 1.500000e+01 1.234348e-01
327 3.535486e+02 2.935933e+02 2.300000e+01 1.500000e+01 1.071428e-01
328 3.533066e+02 2.969480e+02 2.300000e+01 1.500000e+01 1.005537e-01
329 3.522008e+02 3.003891e+02 2.300000e+01 1.500000e+01 7.798371e-02
330 3.519675e+02 3.007585e+02 2.300000e+01 1.500000e+01 6.470371e-02
331 3.502798e+02 3.069148e+02 2.300000e+01 1.500000e+01 5.477930e-02
332 3.448234e+02 3.088775e+02 2.300000e+01 1.500000e+01 4.186894e-02
333 3.370836e+02 3.150895e+02 2.300000e+01 1.500000e+01 3.522564e-02
334 3.282096e+02 3.228279e+02 2.300000e+01 1.500000e+01 2.789232e-02
335 3.134708e+02 3.280828e+02 2.300000e+01 1.500000e+01 1.627052e-02
336 2.992233e+02 3.281762e+02 2.300000e+01 1.500000e+01 1.191957e-02
337 2.846733e+02 3.236088e+02 2.300000e+01 1.500000e+01 8.401522e-03
338 2.806053e+02 3.339500e+02 2.300000e+01 1.500000e+01 7.160655e-03
339 2.766871e+02 3.510681e+02 2.300000e+01 1.500000e+01 6.508212e-03
340 2.794726e+02 3.689288e+02 2.300000e+01 1.500000e+01 6.559811e-03
341 3.039062e+02 3.790930e+02 2.300000e+01 1.500000e+01 8.931333e-03
342 3.025415e+02 3.550855e+02 2.300000e+01 1.500000e+01 0.000000e+00
iter 2: 2.902185e-01 2.417643e-01
iter 3
294 3.297788e+02 2.582597e+02 2.300000e+01 1.500000e+01 9.001705e-01
295 3.283009e+02 2.589118e+02 2.300000e+01 1.500000e+01 7.539414e-01
296 3.310352e+02 2.592797e+02 2.300000e+01 1.500000e+01 7.062556e-01
297 3.311366e+02 2.594017e+02 2.300000e+01 1.500000e+01 6.712191e-01
298 3.334125e+02 2.600446e+02 2.300000e+01 1.500000e+01 6.805426e-01
299 3.326728e+02 2.606630e+02 2.300000e+01 1.500000e+01 5.973529e-01
300 3.331389e+02 2.611637e+02 2.300000e+01 1.500000e+01 5.678265e-01
301 3.356033e+02 2.606884e+02 2.300000e+01 1.500000e+01 5.723144e-01
302 3.359577e+02 2.617482e+02 2.300000e+01 1.500000e+01 5.161997e-01
303 3.384288e+02 2.631624e+02 2.300000e+01 1.500000e+01 5.541942e-01
304 3.383996e+02 2.627855e+02 2.300000e+01 1.500000e+01 5.024530e-01
305 3.401756e+02 2.642706e+02 2.300000e+01 1.500000e+01 5.041820e-01
306 3.412681e+02 2.637429e+02 2.300000e+01 1.500000e+01 4.900485e-01
307 3.422181e+02 2.641483e+02 2.300000e+01 1.500000e+01 4.383895e-01
308 3.442605e+02 2.653236e+02 2.300000e+01 1.500000e+01 4.269911e-01
309 3.469010e+02 2.671731e+02 2.300000e+01 1.500000e+01 4.267258e-01
310 3.473602e+02 2.672909e+02 2.300000e+01 1.500000e+01 3.777067e-01
311 3.495444e+02 2.686818e+02 2.300000e+01 1.500000e+01 3.869171e-01
312 3.488837e+02 2.684297e+02 2.300000e+01 1.500000e+01 3.139525e-01
313 3.496785e+02 2.692051e+02 2.300000e+01 1.500000e+01 2.949231e-01
314 3.529336e+02 2.688208e+02 2.300000e+01 1.500000e+01 3.124437e-01
315 3.552477e+02 2.709718e+02 2.300000e+01 1.500000e+01 3.194445e-01
316 3.559878e+02 2.727161e+02 2.300000e+01 1.500000e+01 2.933672e-01
317 3.637426e+02 2.752711e+02 2.300000e+01 1.500000e+01 2.674421e-01
318 3.635576e+02 2.731515e+02 2.300000e+01 1.500000e+01 2.766639e-01
319 3.629548e+02 2.780906e+02 2.300000e+01 1.500000e+01 2.367881e-01
320 3.576543e+02 2.786512e+02 2.300000e+01 1.500000e+01 2.271232e-01
321 3.545493e+02 2.793923e+02 2.300000e+01 1.500000e+01 1.989619e-01
322 3.540998e+02 2.833348e+02 2.300000e+01 1.500000e+01 1.879084e-01
323 3.555343e+02 2.853022e+02 2.300000e+01 1.500000e+01 1.695333e-01
324 3.564911e+02 2.853128e+02 2.300000e+01 1.500000e+01 1.624295e-01
325 3.533135e+02 2.897423e+02 2.300000e+01 1.500000e+01 1.382212e-01
326 3.555235e+02 2.915207e+02 2.300000e+01 1.500000e+01 1.234348e-01
327 3.530048e+02 2.943658e+02 2.300000e+01 1.500000e+01 1.071428e-01
328 3.533303e+02 2.972202e+02 2.300000e+01 1.500000e+01 1.005537e-01
329 3.527950e+02 3.007877e+02 2.300000e+01 1.500000e+01 7.798371e-02
330 3.512254e+02 3.025732e+02 2.300000e+01 1.500000e+01 6.470371e-02
331 3.492643e+02 3.061119e+02 2.300000e+01 1.500000e+01 5.477930e-02
332 3.455117e+02 3.087840e+02 2.300000e+01 1.500000e+01 4.186894e-02
333 3.377848e+02 3.143030e+02 2.300000e+01 1.500000e+01 3.522564e-02
334 3.273741e+02 3.235429e+02 2.300000e+01 1.500000e+01 2.789232e-02
335 3.148477e+02 3.317809e+02 2.300000e+01 1.500000e+01 1.627052e-02
336 2.966670e+02 3.307922e+02 2.300000e+01 1.500000e+01 1.191957e-02
337 2.848259e+02 3.243916e+02 2.300000e+01 1.500000e+01 8.401522e-03
338 2.864419e+02 3.348981e+02 2.300000e+01 1.500000e+01 7.160655e-03
339 2.829430e+02 3.497849e+02 2.300000e+01 1.500000e+01 6.508212e-03
340 2.785665e+02 3.629603e+02 2.300000e+01 1.500000e+01 6.559811e-03
341 3.108641e+02 3.660783e+02 2.300000e+01 1.500000e+01 7.191694e-03
342 3.085635e+02 3.484542e+02 2.300000e+01 1.500000e+01 0.000000e+00
iter 3: 2.891884e-01 2.390528e-01
iter 4
294 3.287671e+02 2.591808e+02 2.300000e+01 1.500000e+01 8.920343e-01
295 3.289665e+02 2.590895e+02 2.300000e+01 1.500000e+01 7.752874e-01
296 3.313211e+02 2.598118e+02 2.300000e+01 1.500000e+01 7.154211e-01
297 3.314035e+02 2.591513e+02 2.300000e+01 1.500000e+01 6.801154e-01
298 3.326289e+02 2.604710e+02 2.300000e+01 1.500000e+01 6.567475e-01
299 3.316690e+02 2.605910e+02 2.300000e+01 1.500000e+01 5.668722e-01
300 3.319860e+02 2.604425e+02 2.300000e+01 1.500000e+01 5.353207e-01
301 3.358936e+02 2.595088e+02 2.300000e+01 1.500000e+01 5.803790e-01
302 3.370516e+02 2.607805e+02 2.300000e+01 1.500000e+01 5.431438e-01
303 3.389117e+02 2.638332e+02 2.300000e+01 1.500000e+01 5.666829e-01
304 3.388604e+02 2.630335e+02 2.300000e+01 1.500000e+01 5.138030e-01
305 3.403618e+02 2.648909e+02 2.300000e+01 1.500000e+01 5.086132e-01
306 3.401263e+02 2.641323e+02 2.300000e+01 1.500000e+01 4.637402e-01
307 3.419278e+02 2.644869e+02 2.300000e+01 1.500000e+01 4.323921e-01
308 3.434042e+02 2.650954e+02 2.300000e+01 1.500000e+01 4.105657e-01
309 3.461496e+02 2.669677e+02 2.300000e+01 1.500000e+01 4.127248e-01
310 3.462469e+02 2.677806e+02 2.300000e+01 1.500000e+01 3.589000e-01
311 3.504822e+02 2.683614e+02 2.300000e+01 1.500000e+01 3.947370e-01
312 3.488159e+02 2.685609e+02 2.300000e+01 1.500000e+01 3.128831e-01
313 3.500052e+02 2.686359e+02 2.300000e+01 1.500000e+01 3.000819e-01
314 3.530342e+02 2.703760e+02 2.300000e+01 1.500000e+01 3.138772e-01
315 3.552827e+02 2.709279e+02 2.300000e+01 1.500000e+01 3.194445e-01
316 3.560931e+02 2.731942e+02 2.300000e+01 1.500000e+01 2.933672e-01
317 3.612277e+02 2.738873e+02 2.300000e+01 1.500000e+01 2.674421e-01
318 3.599483e+02 2.724892e+02 2.300000e+01 1.500000e+01 2.766639e-01
319 3.610456e+02 2.769170e+02 2.300000e+01 1.500000e+01 2.367881e-01
320 3.567367e+02 2.782049e+02 2.300000e+01 1.500000e+01 2.271232e-01
321 3.551524e+02 2.796626e+02 2.300000e+01 1.500000e+01 1.989619e-01
322 3.541193e+02 2.831270e+02 2.300000e+01 1.500000e+01 1.879084e-01
323 3.557667e+02 2.856871e+02 2.300000e+01 1.500000e+01 1.695333e-01
324 3.561304e+02 2.863469e+02 2.300000e+01 1.500000e+01 1.624295e-01
325 3.542849e+02 2.878401e+02 2.300000e+01 1.500000e+01 1.382212e-01
326 3.545540e+02 2.918699e+02 2.300000e+01 1.500000e+01 1.234348e-01
327 3.522834e+02 2.949034e+02 2.300000e+01 1.500000e+01 1.038046e-01
328 3.527879e+02 2.974516e+02 2.300000e+01 1.500000e+01 1.005537e-01
329 3.524600e+02 3.009601e+02 2.300000e+01 1.500000e+01 7.798371e-02
330 3.510964e+02 3.016630e+02 2.300000e+01 1.500000e+01 6.470371e-02
331 3.501384e+02 3.056235e+02 2.300000e+01 1.500000e+01 5.477930e-02
332 3.450271e+02 3.097333e+02 2.300000e+01 1.500000e+01 4.186894e-02
333 3.372717e+02 3.151959e+02 2.300000e+01 1.500000e+01 3.522564e-02
334 3.286032e+02 3.227812e+02 2.300000e+01 1.500000e+01 2.789232e-02
335 3.150090e+02 3.297913e+02 2.300000e+01 1.500000e+01 1.627052e-02
336 2.974501e+02 3.262139e+02 2.300000e+01 1.500000e+01 1.191957e-02
337 2.850497e+02 3.234532e+02 2.300000e+01 1.500000e+01 8.401522e-03
338 2.875745e+02 3.347810e+02 2.300000e+01 1.500000e+01 7.160655e-03
339 2.818193e+02 3.512384e+02 2.300000e+01 1.500000e+01 6.508212e-03
340 2.766752e+02 3.697910e+02 2.300000e+01 1.500000e+01 6.559811e-03
341 3.202849e+02 3.605928e+02 2.300000e+01 1.500000e+01 3.925517e-03
342 3.278487e+02 3.524442e+02 2.300000e+01 1.500000e+01 0.000000e+00
iter 4: 2.878204e-01 2.384320e-01
iter 5
294 3.307366e+02 2.588032e+02 2.300000e+01 1.500000e+01 9.755791e-01
295 3.301399e+02 2.584310e+02 2.300000e+01 1.500000e+01 8.257763e-01
296 3.314985e+02 2.590439e+02 2.300000e+01 1.500000e+01 7.211043e-01
297 3.317313e+02 2.594816e+02 2.300000e+01 1.500000e+01 6.910431e-01
298 3.330790e+02 2.597040e+02 2.300000e+01 1.500000e+01 6.704159e-01
299 3.313455e+02 2.614318e+02 2.300000e+01 1.500000e+01 5.570501e-01
300 3.319200e+02 2.601366e+02 2.300000e+01 1.500000e+01 5.334583e-01
301 3.360915e+02 2.603479e+02 2.300000e+01 1.500000e+01 5.858749e-01
302 3.355346e+02 2.612593e+02 2.300000e+01 1.500000e+01 5.057793e-01
303 3.386451e+02 2.635948e+02 2.300000e+01 1.500000e+01 5.597876e-01
304 3.382115e+02 2.633099e+02 2.300000e+01 1.500000e+01 4.978204e-01
305 3.398961e+02 2.652438e+02 2.300000e+01 1.500000e+01 4.975265e-01
306 3.405271e+02 2.640293e+02 2.300000e+01 1.500000e+01 4.729741e-01
307 3.419199e+02 2.647645e+02 2.300000e+01 1.500000e+01 4.322287e-01
308 3.440024e+02 2.658678e+02 2.300000e+01 1.500000e+01 4.220403e-01
309 3.463835e+02 2.669764e+02 2.300000e+01 1.500000e+01 4.170837e-01
310 3.467031e+02 2.669901e+02 2.300000e+01 1.500000e+01 3.666071e-01
311 3.502305e+02 2.689062e+02 2.300000e+01 1.500000e+01 3.947370e-01
312 3.483822e+02 2.679676e+02 2.300000e+01 1.500000e+01 3.060343e-01
313 3.493705e+02 2.687490e+02 2.300000e+01 1.500000e+01 2.900598e-01
314 3.525837e+02 2.701812e+02 2.300000e+01 1.500000e+01 3.074595e-01
315 3.553170e+02 2.706074e+02 2.300000e+01 1.500000e+01 3.194445e-01
316 3.554628e+02 2.732632e+02 2.300000e+01 1.500000e+01 2.933672e-01
317 3.586500e+02 2.741321e+02 2.300000e+01 1.500000e+01 2.674421e-01
318 3.585691e+02 2.737269e+02 2.300000e+01 1.500000e+01 2.766639e-01
319 3.604088e+02 2.770482e+02 2.300000e+01 1.500000e+01 2.367881e-01
320 3.562341e+02 2.786483e+02 2.300000e+01 1.500000e+01 2.271232e-01
321 3.549280e+02 2.798450e+02 2.300000e+01 1.500000e+01 1.989619e-01
322 3.543479e+02 2.835035e+02 2.300000e+01 1.500000e+01 1.879084e-01
323 3.554470e+02 2.846495e+02 2.300000e+01 1.500000e+01 1.695333e-01
324 3.566627e+02 2.864463e+02 2.300000e+01 1.500000e+01 1.624295e-01
325 3.548002e+02 2.891526e+02 2.300000e+01 1.500000e+01 1.382212e-01
326 3.539947e+02 2.914020e+02 2.300000e+01 1.500000e+01 1.234065e-01
327 3.534006e+02 2.936811e+02 2.300000e+01 1.500000e+01 1.071428e-01
328 3.532150e+02 2.972619e+02 2.300000e+01 1.500000e+01 1.005537e-01
329 3.522320e+02 3.003528e+02 2.300000e+01 1.500000e+01 7.798371e-02
330 3.521104e+02 3.016510e+02 2.300000e+01 1.500000e+01 6.470371e-02
331 3.501219e+02 3.063707e+02 2.300000e+01 1.500000e+01 5.477930e-02
332 3.444195e+02 3.076465e+02 2.300000e+01 1.500000e+01 4.186894e-02
333 3.366157e+02 3.145237e+02 2.300000e+01 1.500000e+01 3.522564e-02
334 3.281849e+02 3.226193e+02 2.300000e+01 1.500000e+01 2.789232e-02
335 3.127313e+02 3.249469e+02 2.300000e+01 1.500000e+01 1.627052e-02
336 2.998564e+02 3.250407e+02 2.300000e+01 1.500000e+01 1.191957e-02
337 2.858080e+02 3.235328e+02 2.300000e+01 1.500000e+01 8.401522e-03
338 2.874361e+02 3.341455e+02 2.300000e+01 1.500000e+01 7.160655e-03
339 2.819491e+02 3.508082e+02 2.300000e+01 1.500000e+01 6.508212e-03
340 2.723059e+02 3.707329e+02 2.300000e+01 1.500000e+01 6.559811e-03
341 2.769212e+02 3.894885e+02 2.300000e+01 1.500000e+01 8.931333e-03
342 2.851259e+02 3.955219e+02 2.300000e+01 1.500000e+01 1.248552e-02
iter 5: 2.902065e-01 2.445051e-01
iter 6
294 3.296343e+02 2.587417e+02 2.300000e+01 1.500000e+01 9.244238e-01
295 3.292413e+02 2.586118e+02 2.300000e+01 1.500000e+01 7.906736e-01
296 3.309331e+02 2.595184e+02 2.300000e+01 1.500000e+01 7.029829e-01
297 3.310800e+02 2.604013e+02 2.300000e+01 1.500000e+01 6.514270e-01
298 3.332623e+02 2.610792e+02 2.300000e+01 1.500000e+01 6.724091e-01
299 3.322817e+02 2.597901e+02 2.300000e+01 1.500000e+01 5.854771e-01
300 3.331117e+02 2.611692e+02 2.300000e+01 1.500000e+01 5.670606e-01
301 3.360731e+02 2.605064e+02 2.300000e+01 1.500000e+01 5.853627e-01
302 3.375057e+02 2.612299e+02 2.300000e+01 1.500000e+01 5.543279e-01
303 3.386178e+02 2.631960e+02 2.300000e+01 1.500000e+01 5.590820e-01
304 3.380630e+02 2.628662e+02 2.300000e+01 1.500000e+01 4.941636e-01
305 3.392388e+02 2.642948e+02 2.300000e+01 1.500000e+01 4.818766e-01
306 3.400739e+02 2.648696e+02 2.300000e+01 1.500000e+01 4.625324e-01
307 3.411506e+02 2.644549e+02 2.300000e+01 1.500000e+01 4.163350e-01
308 3.434432e+02 2.655641e+02 2.300000e+01 1.500000e+01 4.113141e-01
309 3.460397e+02 2.668126e+02 2.300000e+01 1.500000e+01 4.106775e-01
310 3.462138e+02 2.679096e+02 2.300000e+01 1.500000e+01 3.583407e-01
311 3.502913e+02 2.691354e+02 2.300000e+01 1.500000e+01 3.947370e-01
312 3.484568e+02 2.675235e+02 2.300000e+01 1.500000e+01 3.072121e-01
313 3.494965e+02 2.688998e+02 2.300000e+01 1.500000e+01 2.920499e-01
314 3.521378e+02 2.693640e+02 2.300000e+01 1.500000e+01 3.011084e-01
315 3.544261e+02 2.710934e+02 2.300000e+01 1.500000e+01 3.194445e-01
316 3.545090e+02 2.724891e+02 2.300000e+01 1.500000e+01 2.933672e-01
317 3.567251e+02 2.730014e+02 2.300000e+01 1.500000e+01 2.674421e-01
318 3.558871e+02 2.722550e+02 2.300000e+01 1.500000e+01 2.753059e-01
319 3.578887e+02 2.766797e+02 2.300000e+01 1.500000e+01 2.367881e-01
320 3.550506e+02 2.790053e+02 2.300000e+01 1.500000e+01 2.271232e-01
321 3.542456e+02 2.806417e+02 2.300000e+01 1.500000e+01 1.989619e-01
322 3.550950e+02 2.836990e+02 2.300000e+01 1.500000e+01 1.879084e-01
323 3.545854e+02 2.851868e+02 2.300000e+01 1.500000e+01 1.695333e-01
324 3.580556e+02 2.849554e+02 2.300000e+01 1.500000e+01 1.624295e-01
325 3.552075e+02 2.884255e+02 2.300000e+01 1.500000e+01 1.382212e-01
326 3.553214e+02 2.909058e+02 2.300000e+01 1.500000e+01 1.234348e-01
327 3.531438e+02 2.948475e+02 2.300000e+01 1.500000e+01 1.071428e-01
328 3.524904e+02 2.966874e+02 2.300000e+01 1.500000e+01 1.005537e-01
329 3.519786e+02 3.008734e+02 2.300000e+01 1.500000e+01 7.798371e-02
330 3.511612e+02 3.012984e+02 2.300000e+01 1.500000e+01 6.470371e-02
331 3.496890e+02 3.053145e+02 2.300000e+01 1.500000e+01 5.477930e-02
332 3.454198e+02 3.082089e+02 2.300000e+01 1.500000e+01 4.186894e-02
333 3.377270e+02 3.143247e+02 2.300000e+01 1.500000e+01 3.522564e-02
334 3.281051e+02 3.242647e+02 2.300000e+01 1.500000e+01 2.789232e-02
335 3.139652e+02 3.294026e+02 2.300000e+01 1.500000e+01 1.627052e-02
336 2.991946e+02 3.279225e+02 2.300000e+01 1.500000e+01 1.191957e-02
337 2.833027e+02 3.242640e+02 2.300000e+01 1.500000e+01 8.401522e-03
338 2.844370e+02 3.348698e+02 2.300000e+01 1.500000e+01 7.160655e-03
339 2.899984e+02 3.503414e+02 2.300000e+01 1.500000e+01 6.508212e-03
340 2.840435e+02 3.686446e+02 2.300000e+01 1.500000e+01 6.559811e-03
341 3.178732e+02 3.671739e+02 2.300000e+01 1.500000e+01 7.844033e-03
342 3.306076e+02 3.536837e+02 2.300000e+01 1.500000e+01 0.000000e+00
iter 6: 2.877214e-01 2.400540e-01
iter 7
294 3.297939e+02 2.595109e+02 2.300000e+01 1.500000e+01 9.152898e-01
295 3.296158e+02 2.583625e+02 2.300000e+01 1.500000e+01 8.053044e-01
296 3.312135e+02 2.589534e+02 2.300000e+01 1.500000e+01 7.119716e-01
297 3.316289e+02 2.590031e+02 2.300000e+01 1.500000e+01 6.876311e-01
298 3.333817e+02 2.602398e+02 2.300000e+01 1.500000e+01 6.796055e-01
299 3.314904e+02 2.611621e+02 2.300000e+01 1.500000e+01 5.614489e-01
300 3.323016e+02 2.604474e+02 2.300000e+01 1.500000e+01 5.442186e-01
301 3.358121e+02 2.604100e+02 2.300000e+01 1.500000e+01 5.781146e-01
302 3.374844e+02 2.617370e+02 2.300000e+01 1.500000e+01 5.538028e-01
303 3.389546e+02 2.642272e+02 2.300000e+01 1.500000e+01 5.591901e-01
304 3.380611e+02 2.628524e+02 2.300000e+01 1.500000e+01 4.941160e-01
305 3.404414e+02 2.649749e+02 2.300000e+01 1.500000e+01 5.105105e-01
306 3.409112e+02 2.633122e+02 2.300000e+01 1.500000e+01 4.818244e-01
307 3.410726e+02 2.645383e+02 2.300000e+01 1.500000e+01 4.147237e-01
308 3.437412e+02 2.648785e+02 2.300000e+01 1.500000e+01 4.170298e-01
309 3.470562e+02 2.657565e+02 2.300000e+01 1.500000e+01 4.285714e-01
310 3.458054e+02 2.664902e+02 2.300000e+01 1.500000e+01 3.514430e-01
311 3.495688e+02 2.688587e+02 2.300000e+01 1.500000e+01 3.873366e-01
312 3.499102e+02 2.680783e+02 2.300000e+01 1.500000e+01 3.301617e-01
313 3.499295e+02 2.693302e+02 2.300000e+01 1.500000e+01 2.988864e-01
314 3.521916e+02 2.688477e+02 2.300000e+01 1.500000e+01 3.018740e-01
315 3.547196e+02 2.714695e+02 2.300000e+01 1.500000e+01 3.194445e-01
316 3.550337e+02 2.729239e+02 2.300000e+01 1.500000e+01 2.933672e-01
317 3.567732e+02 2.735473e+02 2.300000e+01 1.500000e+01 2.674421e-01
318 3.559370e+02 2.733825e+02 2.300000e+01 1.500000e+01 2.759060e-01
319 3.573857e+02 2.769084e+02 2.300000e+01 1.500000e+01 2.367881e-01
320 3.554924e+02 2.786785e+02 2.300000e+01 1.500000e+01 2.271232e-01
321 3.548979e+02 2.798167e+02 2.300000e+01 1.500000e+01 1.989619e-01
322 3.548026e+02 2.836341e+02 2.300000e+01 1.500000e+01 1.879084e-01
323 3.546782e+02 2.844128e+02 2.300000e+01 1.500000e+01 1.695333e-01
324 3.594984e+02 2.860403e+02 2.300000e+01 1.500000e+01 1.624295e-01
325 3.554315e+02 2.889353e+02 2.300000e+01 1.500000e+01 1.382212e-01
326 3.568956e+02 2.905529e+02 2.300000e+01 1.500000e+01 1.234348e-01
327 3.522058e+02 2.947616e+02 2.300000e+01 1.500000e+01 1.034432e-01
328 3.534724e+02 2.968143e+02 2.300000e+01 1.500000e+01 1.005537e-01
329 3.527049e+02 3.005037e+02 2.300000e+01 1.500000e+01 7.798371e-02
330 3.513878e+02 3.003357e+02 2.300000e+01 1.500000e+01 6.470371e-02
331 3.502093e+02 3.049057e+02 2.300000e+01 1.500000e+01 5.477930e-02
332 3.458721e+02 3.080158e+02 2.300000e+01 1.500000e+01 4.186894e-02
333 3.383612e+02 3.127604e+02 2.300000e+01 1.500000e+01 3.522564e-02
334 3.287904e+02 3.235372e+02 2.300000e+01 1.500000e+01 2.789232e-02
335 3.182016e+02 3.330282e+02 2.300000e+01 1.500000e+01 1.627052e-02
336 3.034048e+02 3.203971e+02 2.300000e+01 1.500000e+01 1.191957e-02
337 2.881729e+02 3.231851e+02 2.300000e+01 1.500000e+01 8.401522e-03
338 2.958611e+02 3.349011e+02 2.300000e+01 1.500000e+01 7.160655e-03
339 2.881632e+02 3.500634e+02 2.300000e+01 1.500000e+01 6.508212e-03
340 2.769861e+02 3.709349e+02 2.300000e+01 1.500000e+01 6.559811e-03
341 3.036196e+02 3.839926e+02 2.300000e+01 1.500000e+01 8.931333e-03
342 3.320465e+02 3.879501e+02 2.300000e+01 1.500000e+01 0.000000e+00
iter 7: 2.895065e-01 2.416708e-01
iter 8
294 3.292812e+02 2.575845e+02 2.300000e+01 1.500000e+01 8.379549e-01
295 3.293547e+02 2.584453e+02 2.300000e+01 1.500000e+01 7.951055e-01
296 3.314045e+02 2.587603e+02 2.300000e+01 1.500000e+01 7.180921e-01
297 3.310153e+02 2.591202e+02 2.300000e+01 1.500000e+01 6.671758e-01
298 3.335877e+02 2.603798e+02 2.300000e+01 1.500000e+01 6.858620e-01
299 3.331316e+02 2.606587e+02 2.300000e+01 1.500000e+01 6.112833e-01
300 3.338340e+02 2.597080e+02 2.300000e+01 1.500000e+01 5.874250e-01
301 3.366170e+02 2.605874e+02 2.300000e+01 1.500000e+01 6.004725e-01
302 3.358867e+02 2.614091e+02 2.300000e+01 1.500000e+01 5.144518e-01
303 3.384866e+02 2.635156e+02 2.300000e+01 1.500000e+01 5.556892e-01
304 3.388209e+02 2.634716e+02 2.300000e+01 1.500000e+01 5.128302e-01
305 3.409721e+02 2.657249e+02 2.300000e+01 1.500000e+01 5.231442e-01
306 3.411518e+02 2.638829e+02 2.300000e+01 1.500000e+01 4.873690e-01
307 3.416362e+02 2.648893e+02 2.300000e+01 1.500000e+01 4.263672e-01
308 3.440839e+02 2.647335e+02 2.300000e+01 1.500000e+01 4.236039e-01
309 3.451648e+02 2.668899e+02 2.300000e+01 1.500000e+01 3.943759e-01
310 3.465473e+02 2.664887e+02 2.300000e+01 1.500000e+01 3.639753e-01
311 3.502739e+02 2.686704e+02 2.300000e+01 1.500000e+01 3.947370e-01
312 3.480897e+02 2.686758e+02 2.300000e+01 1.500000e+01 3.014156e-01
313 3.491272e+02 2.690696e+02 2.300000e+01 1.500000e+01 2.862192e-01
314 3.532956e+02 2.691204e+02 2.300000e+01 1.500000e+01 3.176011e-01
315 3.547832e+02 2.699152e+02 2.300000e+01 1.500000e+01 3.194445e-01
316 3.554300e+02 2.726349e+02 2.300000e+01 1.500000e+01 2.933672e-01
317 3.561486e+02 2.740852e+02 2.300000e+01 1.500000e+01 2.674421e-01
318 3.556693e+02 2.728317e+02 2.300000e+01 1.500000e+01 2.726864e-01
319 3.583920e+02 2.773141e+02 2.300000e+01 1.500000e+01 2.367881e-01
320 3.550959e+02 2.785158e+02 2.300000e+01 1.500000e+01 2.271232e-01
321 3.546872e+02 2.796871e+02 2.300000e+01 1.500000e+01 1.989619e-01
322 3.542558e+02 2.830190e+02 2.300000e+01 1.500000e+01 1.879084e-01
323 3.548411e+02 2.845102e+02 2.300000e+01 1.500000e+01 1.695333e-01
324 3.562754e+02 2.858337e+02 2.300000e+01 1.500000e+01 1.624295e-01
325 3.545608e+02 2.885041e+02 2.300000e+01 1.500000e+01 1.382212e-01
326 3.543770e+02 2.910668e+02 2.300000e+01 1.500000e+01 1.234348e-01
327 3.524943e+02 2.949899e+02 2.300000e+01 1.500000e+01 1.047871e-01
328 3.528479e+02 2.975163e+02 2.300000e+01 1.500000e+01 1.005537e-01
329 3.531322e+02 3.008820e+02 2.300000e+01 1.500000e+01 7.798371e-02
330 3.513811e+02 3.018104e+02 2.300000e+01 1.500000e+01 6.470371e-02
331 3.500270e+02 3.053764e+02 2.300000e+01 1.500000e+01 5.477930e-02
332 3.453496e+02 3.085123e+02 2.300000e+01 1.500000e+01 4.186894e-02
333 3.370817e+02 3.139126e+02 2.300000e+01 1.500000e+01 3.522564e-02
334 3.288792e+02 3.244637e+02 2.300000e+01 1.500000e+01 2.789232e-02
335 3.141504e+02 3.282281e+02 2.300000e+01 1.500000e+01 1.627052e-02
336 2.984205e+02 3.284857e+02 2.300000e+01 1.500000e+01 1.191957e-02
337 2.848054e+02 3.228189e+02 2.300000e+01 1.500000e+01 8.401522e-03
338 2.930080e+02 3.355588e+02 2.300000e+01 1.500000e+01 7.160655e-03
339 2.874146e+02 3.493891e+02 2.300000e+01 1.500000e+01 6.508212e-03
340 2.730734e+02 3.707661e+02 2.300000e+01 1.500000e+01 6.559811e-03
341 2.968873e+02 3.920830e+02 2.300000e+01 1.500000e+01 8.931333e-03
342 2.883905e+02 3.931795e+02 2.300000e+01 1.500000e+01 1.248552e-02
iter 8: 2.895617e-01 2.393759e-01
iter 9
294 3.372790e+02 2.513103e+02 2.300000e+01 1.500000e+01 3.543064e-01
295 3.294506e+02 2.581101e+02 2.300000e+01 1.500000e+01 7.988518e-01
296 3.313086e+02 2.599372e+02 2.300000e+01 1.500000e+01 7.150177e-01
297 3.309624e+02 2.596345e+02 2.300000e+01 1.500000e+01 6.654144e-01
298 3.327802e+02 2.608342e+02 2.300000e+01 1.500000e+01 6.613431e-01
299 3.315702e+02 2.609564e+02 2.300000e+01 1.500000e+01 5.638732e-01
300 3.319951e+02 2.604860e+02 2.300000e+01 1.500000e+01 5.355773e-01
301 3.359025e+02 2.607995e+02 2.300000e+01 1.500000e+01 5.806241e-01
302 3.371622e+02 2.615768e+02 2.300000e+01 1.500000e+01 5.458660e-01
303 3.383348e+02 2.638503e+02 2.300000e+01 1.500000e+01 5.517627e-01
304 3.384580e+02 2.635236e+02 2.300000e+01 1.500000e+01 5.038920e-01
305 3.405478e+02 2.645288e+02 2.300000e+01 1.500000e+01 5.130439e-01
306 3.406036e+02 2.633959e+02 2.300000e+01 1.500000e+01 4.747381e-01
307 3.410067e+02 2.649497e+02 2.300000e+01 1.500000e+01 4.133618e-01
308 3.434976e+02 2.653572e+02 2.300000e+01 1.500000e+01 4.123572e-01
309 3.466270e+02 2.662421e+02 2.300000e+01 1.500000e+01 4.216202e-01
310 3.461053e+02 2.672279e+02 2.300000e+01 1.500000e+01 3.565079e-01
311 3.502518e+02 2.683178e+02 2.300000e+01 1.500000e+01 3.947370e-01
312 3.488203e+02 2.693834e+02 2.300000e+01 1.500000e+01 3.129524e-01
313 3.502919e+02 2.691573e+02 2.300000e+01 1.500000e+01 3.046095e-01
314 3.522407e+02 2.700842e+02 2.300000e+01 1.500000e+01 3.025741e-01
315 3.557750e+02 2.713079e+02 2.300000e+01 1.500000e+01 3.194445e-01
316 3.555556e+02 2.729098e+02 2.300000e+01 1.500000e+01 2.933672e-01
317 3.604872e+02 2.738409e+02 2.300000e+01 1.500000e+01 2.674421e-01
318 3.585403e+02 2.723809e+02 2.300000e+01 1.500000e+01 2.766639e-01
319 3.614334e+02 2.773827e+02 2.300000e+01 1.500000e+01 2.367881e-01
320 3.566419e+02 2.786981e+02 2.300000e+01 1.500000e+01 2.271232e-01
321 3.545229e+02 2.792444e+02 2.300000e+01 1.500000e+01 1.989619e-01
322 3.541583e+02 2.833714e+02 2.300000e+01 1.500000e+01 1.879084e-01
323 3.555412e+02 2.842111e+02 2.300000e+01 1.500000e+01 1.695333e-01
324 3.578697e+02 2.863873e+02 2.300000e+01 1.500000e+01 1.624295e-01
325 3.539291e+02 2.895385e+02 2.300000e+01 1.500000e+01 1.382212e-01
326 3.553800e+02 2.910088e+02 2.300000e+01 1.500000e+01 1.234348e-01
327 3.521501e+02 2.945639e+02 2.300000e+01 1.500000e+01 1.031837e-01
328 3.533108e+02 2.970316e+02 2.300000e+01 1.500000e+01 1.005537e-01
329 3.523328e+02 3.004137e+02 2.300000e+01 1.500000e+01 7.798371e-02
330 3.518335e+02 3.005571e+02 2.300000e+01 1.500000e+01 6.470371e-02
331 3.499620e+02 3.055313e+02 2.300000e+01 1.500000e+01 5.477930e-02
332 3.454219e+02 3.086657e+02 2.300000e+01 1.500000e+01 4.186894e-02
333 3.373490e+02 3.137726e+02 2.300000e+01 1.500000e+01 3.522564e-02
334 3.278920e+02 3.241518e+02 2.300000e+01 1.500000e+01 2.789232e-02
335 3.147958e+02 3.304153e+02 2.300000e+01 1.500000e+01 1.627052e-02
336 3.004865e+02 3.243094e+02 2.300000e+01 1.500000e+01 1.191957e-02
337 2.855082e+02 3.229559e+02 2.300000e+01 1.500000e+01 8.401522e-03
338 2.921817e+02 3.355462e+02 2.300000e+01 1.500000e+01 7.160655e-03
339 2.825863e+02 3.505014e+02 2.300000e+01 1.500000e+01 6.508212e-03
340 2.811738e+02 3.714473e+02 2.300000e+01 1.500000e+01 6.559811e-03
341 2.931504e+02 3.903977e+02 2.300000e+01 1.500000e+01 8.931333e-03
342 2.888213e+02 3.901113e+02 2.300000e+01 1.500000e+01 1.091340e-02
iter 9: 2.768817e-01 2.220536e-01
iter 10
294 3.303594e+02 2.585046e+02 2.300000e+01 1.500000e+01 9.400441e-01
295 3.308248e+02 2.582336e+02 2.300000e+01 1.500000e+01 8.525290e-01
296 3.315420e+02 2.594485e+02 2.300000e+01 1.500000e+01 7.224988e-01
297 3.316748e+02 2.591504e+02 2.300000e+01 1.500000e+01 6.891612e-01
298 3.326377e+02 2.608753e+02 2.300000e+01 1.500000e+01 6.570144e-01
299 3.320926e+02 2.614194e+02 2.300000e+01 1.500000e+01 5.797342e-01
300 3.319790e+02 2.609350e+02 2.300000e+01 1.500000e+01 5.351232e-01
301 3.354908e+02 2.608053e+02 2.300000e+01 1.500000e+01 5.691883e-01
302 3.361012e+02 2.621076e+02 2.300000e+01 1.500000e+01 5.197332e-01
303 3.386482e+02 2.625244e+02 2.300000e+01 1.500000e+01 5.598679e-01
304 3.373621e+02 2.633585e+02 2.300000e+01 1.500000e+01 4.768992e-01
305 3.393942e+02 2.648627e+02 2.300000e+01 1.500000e+01 4.855759e-01
306 3.399259e+02 2.639329e+02 2.300000e+01 1.500000e+01 4.591231e-01
307 3.418328e+02 2.638629e+02 2.300000e+01 1.500000e+01 4.304287e-01
308 3.433559e+02 2.655531e+02 2.300000e+01 1.500000e+01 4.096401e-01
309 3.460722e+02 2.660394e+02 2.300000e+01 1.500000e+01 4.112836e-01
310 3.459894e+02 2.665059e+02 2.300000e+01 1.500000e+01 3.545512e-01
311 3.505600e+02 2.691481e+02 2.300000e+01 1.500000e+01 3.947370e-01
312 3.498372e+02 2.676723e+02 2.300000e+01 1.500000e+01 3.290078e-01
313 3.493242e+02 2.690579e+02 2.300000e+01 1.500000e+01 2.893292e-01
314 3.524564e+02 2.691239e+02 2.300000e+01 1.500000e+01 3.056471e-01
315 3.547049e+02 2.699072e+02 2.300000e+01 1.500000e+01 3.194445e-01
316 3.569480e+02 2.726964e+02 2.300000e+01 1.500000e+01 2.933672e-01
317 3.608451e+02 2.732970e+02 2.300000e+01 1.500000e+01 2.674421e-01
318 3.598678e+02 2.737534e+02 2.300000e+01 1.500000e+01 2.766639e-01
319 3.608894e+02 2.770751e+02 2.300000e+01 1.500000e+01 2.367881e-01
320 3.553406e+02 2.781618e+02 2.300000e+01 1.500000e+01 2.271232e-01
321 3.551060e+02 2.792434e+02 2.300000e+01 1.500000e+01 1.989619e-01
322 3.555333e+02 2.830561e+02 2.300000e+01 1.500000e+01 1.879084e-01
323 3.555188e+02 2.850532e+02 2.300000e+01 1.500000e+01 1.695333e-01
324 3.571495e+02 2.856639e+02 2.300000e+01 1.500000e+01 1.624295e-01
325 3.554840e+02 2.892078e+02 2.300000e+01 1.500000e+01 1.382212e-01
326 3.556409e+02 2.917105e+02 2.300000e+01 1.500000e+01 1.234348e-01
327 3.527538e+02 2.946478e+02 2.300000e+01 1.500000e+01 1.059961e-01
328 3.529348e+02 2.973190e+02 2.300000e+01 1.500000e+01 1.005537e-01
329 3.522569e+02 3.007219e+02 2.300000e+01 1.500000e+01 7.798371e-02
330 3.511362e+02 3.009370e+02 2.300000e+01 1.500000e+01 6.470371e-02
331 3.500662e+02 3.055242e+02 2.300000e+01 1.500000e+01 5.477930e-02
332 3.442043e+02 3.090823e+02 2.300000e+01 1.500000e+01 4.186894e-02
333 3.365051e+02 3.153754e+02 2.300000e+01 1.500000e+01 3.522564e-02
334 3.282796e+02 3.240286e+02 2.300000e+01 1.500000e+01 2.789232e-02
335 3.166637e+02 3.339748e+02 2.300000e+01 1.500000e+01 1.627052e-02
336 3.032369e+02 3.257027e+02 2.300000e+01 1.500000e+01 1.191957e-02
337 2.831594e+02 3.227596e+02 2.300000e+01 1.500000e+01 8.401522e-03
338 2.710093e+02 3.328995e+02 2.300000e+01 1.500000e+01 7.160655e-03
339 2.735505e+02 3.517499e+02 2.300000e+01 1.500000e+01 6.508212e-03
340 2.741887e+02 3.719688e+02 2.300000e+01 1.500000e+01 6.559811e-03
341 2.810251e+02 3.964656e+02 2.300000e+01 1.500000e+01 8.931333e-03
342 2.858134e+02 3.963228e+02 2.300000e+01 1.500000e+01 1.248552e-02
iter 10: 2.889730e-01 2.427692e-01
iter 11
294 3.295782e+02 2.574781e+02 2.300000e+01 1.500000e+01 8.429967e-01
295 3.295366e+02 2.584747e+02 2.300000e+01 1.500000e+01 8.022108e-01
296 3.312112e+02 2.599706e+02 2.300000e+01 1.500000e+01 7.118983e-01
297 3.314022e+02 2.598986e+02 2.300000e+01 1.500000e+01 6.800738e-01
298 3.331389e+02 2.607967e+02 2.300000e+01 1.500000e+01 6.722339e-01
299 3.323758e+02 2.607941e+02 2.300000e+01 1.500000e+01 5.883331e-01
300 3.338757e+02 2.600063e+02 2.300000e+01 1.500000e+01 5.886004e-01
301 3.363444e+02 2.602861e+02 2.300000e+01 1.500000e+01 5.928991e-01
302 3.366181e+02 2.619429e+02 2.300000e+01 1.500000e+01 5.324654e-01
303 3.392621e+02 2.635205e+02 2.300000e+01 1.500000e+01 5.757430e-01
304 3.389525e+02 2.634178e+02 2.300000e+01 1.500000e+01 5.160718e-01
305 3.406803e+02 2.647089e+02 2.300000e+01 1.500000e+01 5.161970e-01
306 3.410028e+02 2.645366e+02 2.300000e+01 1.500000e+01 4.839370e-01
307 3.416080e+02 2.645771e+02 2.300000e+01 1.500000e+01 4.257849e-01
308 3.438779e+02 2.664599e+02 2.300000e+01 1.500000e+01 4.196527e-01
309 3.461526e+02 2.669876e+02 2.300000e+01 1.500000e+01 4.127814e-01
310 3.452264e+02 2.675324e+02 2.300000e+01 1.500000e+01 3.416620e-01
311 3.501903e+02 2.695250e+02 2.300000e+01 1.500000e+01 3.947370e-01
312 3.488861e+02 2.684806e+02 2.300000e+01 1.500000e+01 3.139904e-01
313 3.490818e+02 2.690779e+02 2.300000e+01 1.500000e+01 2.855026e-01
314 3.522390e+02 2.693362e+02 2.300000e+01 1.500000e+01 3.025497e-01
315 3.546592e+02 2.718174e+02 2.300000e+01 1.500000e+01 3.194445e-01
316 3.552597e+02 2.726521e+02 2.300000e+01 1.500000e+01 2.933672e-01
317 3.633620e+02 2.732125e+02 2.300000e+01 1.500000e+01 2.674421e-01
318 3.583642e+02 2.730077e+02 2.300000e+01 1.500000e+01 2.766639e-01
319 3.606578e+02 2.770587e+02 2.300000e+01 1.500000e+01 2.367881e-01
320 3.559535e+02 2.783393e+02 2.300000e+01 1.500000e+01 2.271232e-01
321 3.543709e+02 2.800954e+02 2.300000e+01 1.500000e+01 1.989619e-01
322 3.537646e+02 2.842889e+02 2.300000e+01 1.500000e+01 1.879084e-01
323 3.556617e+02 2.845395e+02 2.300000e+01 1.500000e+01 1.695333e-01
324 3.564007e+02 2.856894e+02 2.300000e+01 1.500000e+01 1.624295e-01
325 3.545729e+02 2.891032e+02 2.300000e+01 1.500000e+01 1.382212e-01
326 3.548376e+02 2.911751e+02 2.300000e+01 1.500000e+01 1.234348e-01
327 3.520847e+02 2.946982e+02 2.300000e+01 1.500000e+01 1.028789e-01
328 3.534191e+02 2.973508e+02 2.300000e+01 1.500000e+01 1.005537e-01
329 3.521204e+02 3.001643e+02 2.300000e+01 1.500000e+01 7.798371e-02
330 3.512460e+02 3.008802e+02 2.300000e+01 1.500000e+01 6.470371e-02
331 3.504540e+02 3.054459e+02 2.300000e+01 1.500000e+01 5.477930e-02
332 3.456435e+02 3.092132e+02 2.300000e+01 1.500000e+01 4.186894e-02
333 3.378874e+02 3.150818e+02 2.300000e+01 1.500000e+01 3.522564e-02
334 3.279958e+02 3.224252e+02 2.300000e+01 1.500000e+01 2.789232e-02
335 3.147503e+02 3.291896e+02 2.300000e+01 1.500000e+01 1.627052e-02
336 2.990494e+02 3.305147e+02 2.300000e+01 1.500000e+01 1.191957e-02
337 2.836008e+02 3.230480e+02 2.300000e+01 1.500000e+01 8.401522e-03
338 2.714580e+02 3.315977e+02 2.300000e+01 1.500000e+01 7.160655e-03
339 2.719654e+02 3.516212e+02 2.300000e+01 1.500000e+01 6.508212e-03
340 2.773834e+02 3.706625e+02 2.300000e+01 1.500000e+01 6.559811e-03
341 2.928276e+02 3.892508e+02 2.300000e+01 1.500000e+01 8.931333e-03
342 2.819989e+02 3.936080e+02 2.300000e+01 1.500000e+01 1.248552e-02
iter 11: 2.895054e-01 2.396164e-01
iter 12
294 3.283332e+02 2.594637e+02 2.300000e+01 1.500000e+01 8.567232e-01
295 3.297312e+02 2.587106e+02 2.300000e+01 1.500000e+01 8.098120e-01
296 3.325391e+02 2.587697e+02 2.300000e+01 1.500000e+01 7.371793e-01
297 3.322418e+02 2.597985e+02 2.300000e+01 1.500000e+01 7.080612e-01
298 3.333465e+02 2.610552e+02 2.300000e+01 1.500000e+01 6.760420e-01
299 3.318849e+02 2.601110e+02 2.300000e+01 1.500000e+01 5.734272e-01
300 3.335818e+02 2.602208e+02 2.300000e+01 1.500000e+01 5.803152e-01
301 3.366604e+02 2.607237e+02 2.300000e+01 1.500000e+01 6.016764e-01
302 3.370270e+02 2.614880e+02 2.300000e+01 1.500000e+01 5.425372e-01
303 3.381465e+02 2.625957e+02 2.300000e+01 1.500000e+01 5.468913e-01
304 3.386031e+02 2.634844e+02 2.300000e+01 1.500000e+01 5.074657e-01
305 3.397597e+02 2.656349e+02 2.300000e+01 1.500000e+01 4.942775e-01
306 3.410729e+02 2.642473e+02 2.300000e+01 1.500000e+01 4.855516e-01
307 3.422147e+02 2.645394e+02 2.300000e+01 1.500000e+01 4.383199e-01
308 3.434229e+02 2.652814e+02 2.300000e+01 1.500000e+01 4.109257e-01
309 3.455948e+02 2.671804e+02 2.300000e+01 1.500000e+01 4.023872e-01
310 3.464849e+02 2.681866e+02 2.300000e+01 1.500000e+01 3.629209e-01
311 3.507799e+02 2.691767e+02 2.300000e+01 1.500000e+01 3.947370e-01
312 3.489725e+02 2.690529e+02 2.300000e+01 1.500000e+01 3.153560e-01
313 3.502920e+02 2.696009e+02 2.300000e+01 1.500000e+01 3.046103e-01
314 3.522754e+02 2.691950e+02 2.300000e+01 1.500000e+01 3.030687e-01
315 3.553464e+02 2.716490e+02 2.300000e+01 1.500000e+01 3.194445e-01
316 3.553664e+02 2.730321e+02 2.300000e+01 1.500000e+01 2.933672e-01
317 3.577391e+02 2.740054e+02 2.300000e+01 1.500000e+01 2.674421e-01
318 3.581000e+02 2.730534e+02 2.300000e+01 1.500000e+01 2.766639e-01
319 3.589130e+02 2.774915e+02 2.300000e+01 1.500000e+01 2.367881e-01
320 3.554884e+02 2.784219e+02 2.300000e+01 1.500000e+01 2.271232e-01
321 3.547982e+02 2.796625e+02 2.300000e+01 1.500000e+01 1.989619e-01
322 3.548112e+02 2.824393e+02 2.300000e+01 1.500000e+01 1.879084e-01
323 3.547890e+02 2.842379e+02 2.300000e+01 1.500000e+01 1.695333e-01
324 3.568086e+02 2.854887e+02 2.300000e+01 1.500000e+01 1.624295e-01
325 3.548592e+02 2.879031e+02 2.300000e+01 1.500000e+01 1.382212e-01
326 3.543883e+02 2.912490e+02 2.300000e+01 1.500000e+01 1.234348e-01
327 3.516456e+02 2.944750e+02 2.300000e+01 1.500000e+01 1.008335e-01
328 3.525525e+02 2.973638e+02 2.300000e+01 1.500000e+01 1.005537e-01
329 3.527373e+02 3.008556e+02 2.300000e+01 1.500000e+01 7.798371e-02
330 3.519597e+02 3.017449e+02 2.300000e+01 1.500000e+01 6.470371e-02
331 3.495082e+02 3.062750e+02 2.300000e+01 1.500000e+01 5.477930e-02
332 3.457436e+02 3.084950e+02 2.300000e+01 1.500000e+01 4.186894e-02
333 3.361994e+02 3.153840e+02 2.300000e+01 1.500000e+01 3.522564e-02
334 3.279826e+02 3.239959e+02 2.300000e+01 1.500000e+01 2.789232e-02
335 3.166165e+02 3.325293e+02 2.300000e+01 1.500000e+01 1.627052e-02
336 3.012027e+02 3.261933e+02 2.300000e+01 1.500000e+01 1.191957e-02
337 2.864719e+02 3.238193e+02 2.300000e+01 1.500000e+01 8.401522e-03
338 2.861133e+02 3.346622e+02 2.300000e+01 1.500000e+01 7.160655e-03
339 2.881326e+02 3.517777e+02 2.300000e+01 1.500000e+01 6.508212e-03
340 2.817386e+02 3.704681e+02 2.300000e+01 1.500000e+01 6.559811e-03
341 3.163060e+02 3.687484e+02 2.300000e+01 1.500000e+01 8.781526e-03
342 3.223478e+02 3.530328e+02 2.300000e+01 1.500000e+01 0.000000e+00
iter 12: 2.902662e-01 2.416974e-01
iter 13
294 3.307978e+02 2.614193e+02 2.300000e+01 1.500000e+01 8.313429e-01
295 3.301978e+02 2.584595e+02 2.300000e+01 1.500000e+01 8.280371e-01
296 3.321497e+02 2.599747e+02 2.300000e+01 1.500000e+01 7.371793e-01
297 3.312393e+02 2.596162e+02 2.300000e+01 1.500000e+01 6.746419e-01
298 3.321550e+02 2.606763e+02 2.300000e+01 1.500000e+01 6.423590e-01
299 3.325527e+02 2.606031e+02 2.300000e+01 1.500000e+01 5.937065e-01
300 3.330665e+02 2.603343e+02 2.300000e+01 1.500000e+01 5.657854e-01
301 3.364963e+02 2.609048e+02 2.300000e+01 1.500000e+01 5.971189e-01
302 3.369454e+02 2.614021e+02 2.300000e+01 1.500000e+01 5.405262e-01
303 3.391615e+02 2.626602e+02 2.300000e+01 1.500000e+01 5.731425e-01
304 3.389553e+02 2.624426e+02 2.300000e+01 1.500000e+01 5.161400e-01
305 3.403887e+02 2.664781e+02 2.300000e+01 1.500000e+01 4.930236e-01
306 3.408779e+02 2.635960e+02 2.300000e+01 1.500000e+01 4.810588e-01
307 3.424760e+02 2.642764e+02 2.300000e+01 1.500000e+01 4.437187e-01
308 3.432703e+02 2.660568e+02 2.300000e+01 1.500000e+01 4.079976e-01
309 3.453074e+02 2.669661e+02 2.300000e+01 1.500000e+01 3.970315e-01
310 3.459681e+02 2.673227e+02 2.300000e+01 1.500000e+01 3.541911e-01
311 3.492546e+02 2.689255e+02 2.300000e+01 1.500000e+01 3.819443e-01
312 3.498607e+02 2.680328e+02 2.300000e+01 1.500000e+01 3.293799e-01
313 3.502030e+02 2.691146e+02 2.300000e+01 1.500000e+01 3.032059e-01
314 3.532435e+02 2.689286e+02 2.300000e+01 1.500000e+01 3.168586e-01
315 3.558480e+02 2.700961e+02 2.300000e+01 1.500000e+01 3.194445e-01
316 3.560561e+02 2.725814e+02 2.300000e+01 1.500000e+01 2.933672e-01
317 3.643023e+02 2.733562e+02 2.300000e+01 1.500000e+01 2.674421e-01
318 3.587420e+02 2.737019e+02 2.300000e+01 1.500000e+01 2.766639e-01
319 3.606384e+02 2.762931e+02 2.300000e+01 1.500000e+01 2.367881e-01
320 3.556928e+02 2.785312e+02 2.300000e+01 1.500000e+01 2.271232e-01
321 3.550558e+02 2.796948e+02 2.300000e+01 1.500000e+01 1.989619e-01
322 3.548405e+02 2.837587e+02 2.300000e+01 1.500000e+01 1.879084e-01
323 3.560093e+02 2.848752e+02 2.300000e+01 1.500000e+01 1.695333e-01
324 3.568682e+02 2.853130e+02 2.300000e+01 1.500000e+01 1.624295e-01
325 3.549207e+02 2.895917e+02 2.300000e+01 1.500000e+01 1.382212e-01
326 3.546393e+02 2.921083e+02 2.300000e+01 1.500000e+01 1.234348e-01
327 3.530723e+02 2.939812e+02 2.300000e+01 1.500000e+01 1.071428e-01
328 3.527766e+02 2.973213e+02 2.300000e+01 1.500000e+01 1.005537e-01
329 3.529498e+02 3.008282e+02 2.300000e+01 1.500000e+01 7.798371e-02
330 3.514517e+02 3.015186e+02 2.300000e+01 1.500000e+01 6.470371e-02
331 3.505670e+02 3.059677e+02 2.300000e+01 1.500000e+01 5.477930e-02
332 3.451585e+02 3.079657e+02 2.300000e+01 1.500000e+01 4.186894e-02
333 3.369274e+02 3.146886e+02 2.300000e+01 1.500000e+01 3.522564e-02
334 3.281869e+02 3.232994e+02 2.300000e+01 1.500000e+01 2.789232e-02
335 3.141461e+02 3.270269e+02 2.300000e+01 1.500000e+01 1.627052e-02
336 2.979199e+02 3.306097e+02 2.300000e+01 1.500000e+01 1.191957e-02
337 2.842755e+02 3.225744e+02 2.300000e+01 1.500000e+01 8.401522e-03
338 2.846046e+02 3.357196e+02 2.300000e+01 1.500000e+01 7.160655e-03
339 2.832351e+02 3.494317e+02 2.300000e+01 1.500000e+01 6.508212e-03
340 2.783416e+02 3.687722e+02 2.300000e+01 1.500000e+01 6.559811e-03
341 3.163331e+02 3.659180e+02 2.300000e+01 1.500000e+01 7.096245e-03
342 3.263130e+02 3.524078e+02 2.300000e+01 1.500000e+01 0.000000e+00
iter 13: 2.894648e-01 2.396257e-01
iter 14
294 3.272077e+02 2.588465e+02 2.300000e+01 1.500000e+01 8.265712e-01
295 3.297911e+02 2.578601e+02 2.300000e+01 1.500000e+01 8.045786e-01
296 3.320392e+02 2.596220e+02 2.300000e+01 1.500000e+01 7.371793e-01
297 3.305994e+02 2.603268e+02 2.300000e+01 1.500000e+01 6.390786e-01
298 3.324845e+02 2.607927e+02 2.300000e+01 1.500000e+01 6.523633e-01
299 3.319879e+02 2.608867e+02 2.300000e+01 1.500000e+01 5.765566e-01
300 3.328072e+02 2.612828e+02 2.300000e+01 1.500000e+01 5.584750e-01
301 3.365011e+02 2.606658e+02 2.300000e+01 1.500000e+01 5.972522e-01
302 3.359388e+02 2.616856e+02 2.300000e+01 1.500000e+01 5.157344e-01
303 3.379556e+02 2.628619e+02 2.300000e+01 1.500000e+01 5.419562e-01
304 3.392843e+02 2.626997e+02 2.300000e+01 1.500000e+01 5.242432e-01
305 3.405026e+02 2.651173e+02 2.300000e+01 1.500000e+01 5.119662e-01
306 3.414146e+02 2.639630e+02 2.300000e+01 1.500000e+01 4.934240e-01
307 3.420937e+02 2.644588e+02 2.300000e+01 1.500000e+01 4.358202e-01
308 3.443070e+02 2.658063e+02 2.300000e+01 1.500000e+01 4.278832e-01
309 3.457963e+02 2.665706e+02 2.300000e+01 1.500000e+01 4.061422e-01
310 3.463834e+02 2.674465e+02 2.300000e+01 1.500000e+01 3.612059e-01
311 3.500530e+02 2.686501e+02 2.300000e+01 1.500000e+01 3.947370e-01
312 3.488749e+02 2.687901e+02 2.300000e+01 1.500000e+01 3.138136e-01
313 3.494075e+02 2.696780e+02 2.300000e+01 1.500000e+01 2.906444e-01
314 3.523006e+02 2.702147e+02 2.300000e+01 1.500000e+01 3.034267e-01
315 3.563218e+02 2.710936e+02 2.300000e+01 1.500000e+01 3.194445e-01
316 3.567407e+02 2.734223e+02 2.300000e+01 1.500000e+01 2.933672e-01
317 3.600833e+02 2.747920e+02 2.300000e+01 1.500000e+01 2.674421e-01
318 3.571209e+02 2.743783e+02 2.300000e+01 1.500000e+01 2.766639e-01
319 3.584959e+02 2.778512e+02 2.300000e+01 1.500000e+01 2.367881e-01
320 3.555183e+02 2.785312e+02 2.300000e+01 1.500000e+01 2.271232e-01
321 3.544903e+02 2.795313e+02 2.300000e+01 1.500000e+01 1.989619e-01
322 3.554607e+02 2.826556e+02 2.300000e+01 1.500000e+01 1.879084e-01
323 3.557203e+02 2.845375e+02 2.300000e+01 1.500000e+01 1.695333e-01
324 3.572289e+02 2.855145e+02 2.300000e+01 1.500000e+01 1.624295e-01
325 3.542808e+02 2.892042e+02 2.300000e+01 1.500000e+01 1.382212e-01
326 3.549880e+02 2.907343e+02 2.300000e+01 1.500000e+01 1.234348e-01
327 3.515196e+02 2.935549e+02 2.300000e+01 1.500000e+01 1.002467e-01
328 3.524539e+02 2.968333e+02 2.300000e+01 1.500000e+01 1.005537e-01
329 3.518923e+02 3.003344e+02 2.300000e+01 1.500000e+01 7.798371e-02
330 3.512637e+02 3.012177e+02 2.300000e+01 1.500000e+01 6.470371e-02
331 3.499850e+02 3.067382e+02 2.300000e+01 1.500000e+01 5.477930e-02
332 3.448009e+02 3.079095e+02 2.300000e+01 1.500000e+01 4.186894e-02
333 3.373507e+02 3.141008e+02 2.300000e+01 1.500000e+01 3.522564e-02
334 3.282072e+02 3.232398e+02 2.300000e+01 1.500000e+01 2.789232e-02
335 3.147832e+02 3.271693e+02 2.300000e+01 1.500000e+01 1.627052e-02
336 2.995447e+02 3.299909e+02 2.300000e+01 1.500000e+01 1.191957e-02
337 2.870457e+02 3.233359e+02 2.300000e+01 1.500000e+01 8.401522e-03
338 2.817841e+02 3.342305e+02 2.300000e+01 1.500000e+01 7.160655e-03
339 2.799633e+02 3.514174e+02 2.300000e+01 1.500000e+01 6.508212e-03
340 2.760986e+02 3.710616e+02 2.300000e+01 1.500000e+01 6.559811e-03
341 3.030600e+02 3.841786e+02 2.300000e+01 1.500000e+01 8.931333e-03
342 2.899628e+02 3.916405e+02 2.300000e+01 1.500000e+01 1.218628e-02
iter 14: 2.876645e-01 2.364643e-01
iter 15
294 3.288967e+02 2.599581e+02 2.300000e+01 1.500000e+01 8.505168e-01
295 3.305904e+02 2.584110e+02 2.300000e+01 1.500000e+01 8.433764e-01
296 3.310394e+02 2.600942e+02 2.300000e+01 1.500000e+01 7.019570e-01
297 3.313144e+02 2.592529e+02 2.300000e+01 1.500000e+01 6.771469e-01
298 3.330215e+02 2.605076e+02 2.300000e+01 1.500000e+01 6.686683e-01
299 3.315185e+02 2.609692e+02 2.300000e+01 1.500000e+01 5.623031e-01
300 3.329670e+02 2.612104e+02 2.300000e+01 1.500000e+01 5.629786e-01
301 3.358305e+02 2.609975e+02 2.300000e+01 1.500000e+01 5.786255e-01
302 3.364185e+02 2.610077e+02 2.300000e+01 1.500000e+01 5.275495e-01
303 3.392063e+02 2.627235e+02 2.300000e+01 1.500000e+01 5.743012e-01
304 3.388593e+02 2.630257e+02 2.300000e+01 1.500000e+01 5.137749e-01
305 3.402572e+02 2.646716e+02 2.300000e+01 1.500000e+01 5.061250e-01
306 3.396621e+02 2.640871e+02 2.300000e+01 1.500000e+01 4.530442e-01
307 3.424861e+02 2.643195e+02 2.300000e+01 1.500000e+01 4.439281e-01
308 3.438067e+02 2.649870e+02 2.300000e+01 1.500000e+01 4.182871e-01
309 3.471996e+02 2.669517e+02 2.300000e+01 1.500000e+01 4.285714e-01
310 3.471072e+02 2.673976e+02 2.300000e+01 1.500000e+01 3.734319e-01
311 3.501016e+02 2.691652e+02 2.300000e+01 1.500000e+01 3.947370e-01
312 3.487480e+02 2.685493e+02 2.300000e+01 1.500000e+01 3.118111e-01
313 3.498371e+02 2.695636e+02 2.300000e+01 1.500000e+01 2.974278e-01
314 3.533192e+02 2.689382e+02 2.300000e+01 1.500000e+01 3.179370e-01
315 3.551579e+02 2.702923e+02 2.300000e+01 1.500000e+01 3.194445e-01
316 3.569276e+02 2.725399e+02 2.300000e+01 1.500000e+01 2.933672e-01
317 3.637525e+02 2.733278e+02 2.300000e+01 1.500000e+01 2.674421e-01
318 3.623580e+02 2.727118e+02 2.300000e+01 1.500000e+01 2.766639e-01
319 3.646077e+02 2.767489e+02 2.300000e+01 1.500000e+01 2.367881e-01
320 3.591894e+02 2.779140e+02 2.300000e+01 1.500000e+01 2.271232e-01
321 3.548986e+02 2.793670e+02 2.300000e+01 1.500000e+01 1.989619e-01
322 3.548841e+02 2.837884e+02 2.300000e+01 1.500000e+01 1.879084e-01
323 3.558573e+02 2.844171e+02 2.300000e+01 1.500000e+01 1.695333e-01
324 3.567252e+02 2.859814e+02 2.300000e+01 1.500000e+01 1.624295e-01
325 3.553295e+02 2.892178e+02 2.300000e+01 1.500000e+01 1.382212e-01
326 3.547801e+02 2.914986e+02 2.300000e+01 1.500000e+01 1.234348e-01
327 3.527974e+02 2.949566e+02 2.300000e+01 1.500000e+01 1.061991e-01
328 3.528745e+02 2.973891e+02 2.300000e+01 1.500000e+01 1.005537e-01
329 3.530509e+02 2.996215e+02 2.300000e+01 1.500000e+01 7.798371e-02
330 3.521349e+02 3.011656e+02 2.300000e+01 1.500000e+01 6.470371e-02
331 3.502351e+02 3.063713e+02 2.300000e+01 1.500000e+01 5.477930e-02
332 3.452803e+02 3.087073e+02 2.300000e+01 1.500000e+01 4.186894e-02
333 3.370303e+02 3.144046e+02 2.300000e+01 1.500000e+01 3.522564e-02
334 3.276778e+02 3.237692e+02 2.300000e+01 1.500000e+01 2.789232e-02
335 3.143738e+02 3.267832e+02 2.300000e+01 1.500000e+01 1.627052e-02
336 3.005043e+02 3.240669e+02 2.300000e+01 1.500000e+01 1.191957e-02
337 2.856518e+02 3.246146e+02 2.300000e+01 1.500000e+01 8.401522e-03
338 2.845112e+02 3.349488e+02 2.300000e+01 1.500000e+01 7.160655e-03
339 2.815276e+02 3.514499e+02 2.300000e+01 1.500000e+01 6.508212e-03
340 2.639861e+02 3.703083e+02 2.300000e+01 1.500000e+01 6.559811e-03
341 2.910319e+02 3.861371e+02 2.300000e+01 1.500000e+01 8.931333e-03
342 2.885689e+02 3.934571e+02 2.300000e+01 1.500000e+01 1.248552e-02
iter 15: 2.896992e-01 2.393598e-01
iter 16
294 3.312660e+02 2.597273e+02 2.300000e+01 1.500000e+01 9.405105e-01
295 3.307766e+02 2.587190e+02 2.300000e+01 1.500000e+01 8.506462e-01
296 3.316138e+02 2.594839e+02 2.300000e+01 1.500000e+01 7.248012e-01
297 3.315027e+02 2.589528e+02 2.300000e+01 1.500000e+01 6.834223e-01
298 3.329907e+02 2.601537e+02 2.300000e+01 1.500000e+01 6.677340e-01
299 3.326138e+02 2.613324e+02 2.300000e+01 1.500000e+01 5.955598e-01
300 3.325537e+02 2.598947e+02 2.300000e+01 1.500000e+01 5.513277e-01
301 3.355074e+02 2.605383e+02 2.300000e+01 1.500000e+01 5.696492e-01
302 3.366563e+02 2.621433e+02 2.300000e+01 1.500000e+01 5.334063e-01
303 3.385453e+02 2.627017e+02 2.300000e+01 1.500000e+01 5.572053e-01
304 3.382235e+02 2.629188e+02 2.300000e+01 1.500000e+01 4.981163e-01
305 3.409137e+02 2.651458e+02 2.300000e+01 1.500000e+01 5.217543e-01
306 3.404869e+02 2.634317e+02 2.300000e+01 1.500000e+01 4.720484e-01
307 3.412040e+02 2.643682e+02 2.300000e+01 1.500000e+01 4.174387e-01
308 3.442200e+02 2.657655e+02 2.300000e+01 1.500000e+01 4.262141e-01
309 3.452421e+02 2.669357e+02 2.300000e+01 1.500000e+01 3.958147e-01
310 3.460284e+02 2.665905e+02 2.300000e+01 1.500000e+01 3.552093e-01
311 3.501764e+02 2.688031e+02 2.300000e+01 1.500000e+01 3.947370e-01
312 3.494124e+02 2.689043e+02 2.300000e+01 1.500000e+01 3.223013e-01
313 3.498077e+02 2.688361e+02 2.300000e+01 1.500000e+01 2.969640e-01
314 3.527287e+02 2.688013e+02 2.300000e+01 1.500000e+01 3.095251e-01
315 3.552717e+02 2.703820e+02 2.300000e+01 1.500000e+01 3.194445e-01
316 3.550945e+02 2.727604e+02 2.300000e+01 1.500000e+01 2.933672e-01
317 3.629855e+02 2.728996e+02 2.300000e+01 1.500000e+01 2.674421e-01
318 3.587940e+02 2.728240e+02 2.300000e+01 1.500000e+01 2.766639e-01
319 3.604662e+02 2.775568e+02 2.300000e+01 1.500000e+01 2.367881e-01
320 3.559627e+02 2.782273e+02 2.300000e+01 1.500000e+01 2.271232e-01
321 3.545457e+02 2.802019e+02 2.300000e+01 1.500000e+01 1.989619e-01
322 3.551926e+02 2.825391e+02 2.300000e+01 1.500000e+01 1.879084e-01
323 3.551934e+02 2.844225e+02 2.300000e+01 1.500000e+01 1.695333e-01
324 3.566918e+02 2.855060e+02 2.300000e+01 1.500000e+01 1.624295e-01
325 3.549813e+02 2.883054e+02 2.300000e+01 1.500000e+01 1.382212e-01
326 3.543192e+02 2.908854e+02 2.300000e+01 1.500000e+01 1.234348e-01
327 3.525585e+02 2.946704e+02 2.300000e+01 1.500000e+01 1.050864e-01
328 3.542611e+02 2.974304e+02 2.300000e+01 1.500000e+01 1.005537e-01
329 3.527853e+02 3.002455e+02 2.300000e+01 1.500000e+01 7.798371e-02
330 3.507883e+02 3.024388e+02 2.300000e+01 1.500000e+01 6.470371e-02
331 3.504279e+02 3.056810e+02 2.300000e+01 1.500000e+01 5.477930e-02
332 3.452009e+02 3.083248e+02 2.300000e+01 1.500000e+01 4.186894e-02
333 3.371540e+02 3.147789e+02 2.300000e+01 1.500000e+01 3.522564e-02
334 3.281733e+02 3.230760e+02 2.300000e+01 1.500000e+01 2.789232e-02
335 3.141909e+02 3.251373e+02 2.300000e+01 1.500000e+01 1.627052e-02
336 3.040654e+02 3.203297e+02 2.300000e+01 1.500000e+01 1.191957e-02
337 2.841849e+02 3.224530e+02 2.300000e+01 1.500000e+01 8.401522e-03
338 2.937987e+02 3.350234e+02 2.300000e+01 1.500000e+01 7.160655e-03
339 2.886343e+02 3.501131e+02 2.300000e+01 1.500000e+01 6.508212e-03
340 2.805186e+02 3.720006e+02 2.300000e+01 1.500000e+01 6.559811e-03
341 3.209983e+02 3.657976e+02 2.300000e+01 1.500000e+01 7.024566e-03
342 3.251245e+02 3.534073e+02 2.300000e+01 1.500000e+01 0.000000e+00
iter 16: 2.909723e-01 2.453102e-01
iter 17
294 3.295385e+02 2.592072e+02 2.300000e+01 1.500000e+01 9.235210e-01
295 3.299537e+02 2.578324e+02 2.300000e+01 1.500000e+01 8.093566e-01
296 3.321249e+02 2.594835e+02 2.300000e+01 1.500000e+01 7.371793e-01
297 3.313376e+02 2.597821e+02 2.300000e+01 1.500000e+01 6.779212e-01
298 3.323890e+02 2.611761e+02 2.300000e+01 1.500000e+01 6.418375e-01
299 3.320404e+02 2.605486e+02 2.300000e+01 1.500000e+01 5.781490e-01
300 3.343009e+02 2.608071e+02 2.300000e+01 1.500000e+01 6.005907e-01
301 3.363128e+02 2.609136e+02 2.300000e+01 1.500000e+01 5.920213e-01
302 3.373810e+02 2.614924e+02 2.300000e+01 1.500000e+01 5.512562e-01
303 3.382727e+02 2.624987e+02 2.300000e+01 1.500000e+01 5.501558e-01
304 3.381267e+02 2.626257e+02 2.300000e+01 1.500000e+01 4.957306e-01
305 3.395222e+02 2.646707e+02 2.300000e+01 1.500000e+01 4.886229e-01
306 3.405973e+02 2.636941e+02 2.300000e+01 1.500000e+01 4.745934e-01
307 3.419372e+02 2.647916e+02 2.300000e+01 1.500000e+01 4.325866e-01
308 3.444981e+02 2.655645e+02 2.300000e+01 1.500000e+01 4.315496e-01
309 3.461564e+02 2.658899e+02 2.300000e+01 1.500000e+01 4.128528e-01
310 3.463003e+02 2.672827e+02 2.300000e+01 1.500000e+01 3.598024e-01
311 3.503358e+02 2.684173e+02 2.300000e+01 1.500000e+01 3.947370e-01
312 3.498664e+02 2.684741e+02 2.300000e+01 1.500000e+01 3.294693e-01
313 3.498720e+02 2.694446e+02 2.300000e+01 1.500000e+01 2.979791e-01
314 3.525973e+02 2.697476e+02 2.300000e+01 1.500000e+01 3.076534e-01
315 3.551578e+02 2.709207e+02 2.300000e+01 1.500000e+01 3.194445e-01
316 3.555027e+02 2.729118e+02 2.300000e+01 1.500000e+01 2.933672e-01
317 3.627152e+02 2.739872e+02 2.300000e+01 1.500000e+01 2.674421e-01
318 3.598968e+02 2.722487e+02 2.300000e+01 1.500000e+01 2.766639e-01
319 3.601312e+02 2.765712e+02 2.300000e+01 1.500000e+01 2.367881e-01
320 3.562105e+02 2.781479e+02 2.300000e+01 1.500000e+01 2.271232e-01
321 3.543134e+02 2.798893e+02 2.300000e+01 1.500000e+01 1.989619e-01
322 3.544983e+02 2.834770e+02 2.300000e+01 1.500000e+01 1.879084e-01
323 3.546937e+02 2.843709e+02 2.300000e+01 1.500000e+01 1.695333e-01
324 3.594609e+02 2.860215e+02 2.300000e+01 1.500000e+01 1.624295e-01
325 3.564353e+02 2.885425e+02 2.300000e+01 1.500000e+01 1.382212e-01
326 3.558643e+02 2.907335e+02 2.300000e+01 1.500000e+01 1.234348e-01
327 3.519977e+02 2.952687e+02 2.300000e+01 1.500000e+01 1.024739e-01
328 3.538340e+02 2.976744e+02 2.300000e+01 1.500000e+01 1.005537e-01
329 3.530752e+02 3.007177e+02 2.300000e+01 1.500000e+01 7.798371e-02
330 3.516015e+02 3.007208e+02 2.300000e+01 1.500000e+01 6.470371e-02
331 3.505410e+02 3.058613e+02 2.300000e+01 1.500000e+01 5.477930e-02
332 3.446844e+02 3.085514e+02 2.300000e+01 1.500000e+01 4.186894e-02
333 3.382274e+02 3.140915e+02 2.300000e+01 1.500000e+01 3.522564e-02
334 3.290371e+02 3.237661e+02 2.300000e+01 1.500000e+01 2.789232e-02
335 3.159436e+02 3.315724e+02 2.300000e+01 1.500000e+01 1.627052e-02
336 2.991038e+02 3.259974e+02 2.300000e+01 1.500000e+01 1.191957e-02
337 2.826148e+02 3.234746e+02 2.300000e+01 1.500000e+01 8.401522e-03
338 2.769381e+02 3.342452e+02 2.300000e+01 1.500000e+01 7.160655e-03
339 2.769776e+02 3.510516e+02 2.300000e+01 1.500000e+01 6.508212e-03
340 2.672748e+02 3.703340e+02 2.300000e+01 1.500000e+01 6.559811e-03
341 2.781935e+02 3.926293e+02 2.300000e+01 1.500000e+01 8.931333e-03
342 2.839961e+02 3.963160e+02 2.300000e+01 1.500000e+01 1.248552e-02
iter 17: 2.912776e-01 2.430735e-01
iter 18
294 3.270532e+02 2.581879e+02 2.300000e+01 1.500000e+01 7.835501e-01
295 3.302931e+02 2.577187e+02 2.300000e+01 1.500000e+01 8.161591e-01
296 3.311643e+02 2.591601e+02 2.300000e+01 1.500000e+01 7.103924e-01
297 3.320773e+02 2.601249e+02 2.300000e+01 1.500000e+01 6.967295e-01
298 3.333905e+02 2.604837e+02 2.300000e+01 1.500000e+01 6.798733e-01
299 3.319753e+02 2.604775e+02 2.300000e+01 1.500000e+01 5.761719e-01
300 3.324229e+02 2.604669e+02 2.300000e+01 1.500000e+01 5.476381e-01
301 3.361515e+02 2.608713e+02 2.300000e+01 1.500000e+01 5.875406e-01
302 3.367833e+02 2.619725e+02 2.300000e+01 1.500000e+01 5.365353e-01
303 3.380400e+02 2.634236e+02 2.300000e+01 1.500000e+01 5.441368e-01
304 3.381432e+02 2.626602e+02 2.300000e+01 1.500000e+01 4.961388e-01
305 3.407414e+02 2.647372e+02 2.300000e+01 1.500000e+01 5.176518e-01
306 3.408239e+02 2.636216e+02 2.300000e+01 1.500000e+01 4.798131e-01
307 3.415631e+02 2.647069e+02 2.300000e+01 1.500000e+01 4.248580e-01
308 3.427112e+02 2.651807e+02 2.300000e+01 1.500000e+01 3.972730e-01
309 3.456455e+02 2.662004e+02 2.300000e+01 1.500000e+01 4.033321e-01
310 3.462670e+02 2.662264e+02 2.300000e+01 1.500000e+01 3.592395e-01
311 3.502088e+02 2.689826e+02 2.300000e+01 1.500000e+01 3.947370e-01
312 3.492971e+02 2.683384e+02 2.300000e+01 1.500000e+01 3.204807e-01
313 3.499975e+02 2.691687e+02 2.300000e+01 1.500000e+01 2.999600e-01
314 3.521267e+02 2.702517e+02 2.300000e+01 1.500000e+01 3.009496e-01
315 3.542657e+02 2.714099e+02 2.300000e+01 1.500000e+01 3.194445e-01
316 3.554958e+02 2.725131e+02 2.300000e+01 1.500000e+01 2.933672e-01
317 3.573199e+02 2.736713e+02 2.300000e+01 1.500000e+01 2.674421e-01
318 3.583580e+02 2.720138e+02 2.300000e+01 1.500000e+01 2.766639e-01
319 3.598749e+02 2.764680e+02 2.300000e+01 1.500000e+01 2.367881e-01
320 3.552311e+02 2.787732e+02 2.300000e+01 1.500000e+01 2.271232e-01
321 3.547285e+02 2.806430e+02 2.300000e+01 1.500000e+01 1.989619e-01
322 3.533565e+02 2.842320e+02 2.300000e+01 1.500000e+01 1.879084e-01
323 3.555278e+02 2.844911e+02 2.300000e+01 1.500000e+01 1.695333e-01
324 3.568849e+02 2.854108e+02 2.300000e+01 1.500000e+01 1.624295e-01
325 3.539698e+02 2.880451e+02 2.300000e+01 1.500000e+01 1.382212e-01
326 3.545021e+02 2.907467e+02 2.300000e+01 1.500000e+01 1.234348e-01
327 3.526293e+02 2.939299e+02 2.300000e+01 1.500000e+01 1.054159e-01
328 3.533757e+02 2.974570e+02 2.300000e+01 1.500000e+01 1.005537e-01
329 3.532094e+02 3.004924e+02 2.300000e+01 1.500000e+01 7.798371e-02
330 3.518502e+02 3.008592e+02 2.300000e+01 1.500000e+01 6.470371e-02
331 3.497498e+02 3.048030e+02 2.300000e+01 1.500000e+01 5.477930e-02
332 3.452773e+02 3.099239e+02 2.300000e+01 1.500000e+01 4.186894e-02
333 3.386119e+02 3.143808e+02 2.300000e+01 1.500000e+01 3.522564e-02
334 3.275643e+02 3.231649e+02 2.300000e+01 1.500000e+01 2.789232e-02
335 3.149215e+02 3.299382e+02 2.300000e+01 1.500000e+01 1.627052e-02
336 3.014745e+02 3.230920e+02 2.300000e+01 1.500000e+01 1.191957e-02
337 2.868183e+02 3.237392e+02 2.300000e+01 1.500000e+01 8.401522e-03
338 2.941117e+02 3.359350e+02 2.300000e+01 1.500000e+01 7.160655e-03
339 2.857931e+02 3.508154e+02 2.300000e+01 1.500000e+01 6.508212e-03
340 2.603310e+02 3.682305e+02 2.300000e+01 1.500000e+01 6.559811e-03
341 3.219543e+02 3.630824e+02 2.300000e+01 1.500000e+01 5.407851e-03
342 3.353411e+02 3.551571e+02 2.300000e+01 1.500000e+01 0.000000e+00
iter 18: 2.866353e-01 2.359593e-01
iter 19
294 3.291669e+02 2.592707e+02 2.300000e+01 1.500000e+01 9.036945e-01
295 3.291922e+02 2.592429e+02 2.300000e+01 1.500000e+01 7.759855e-01
296 3.314024e+02 2.590475e+02 2.300000e+01 1.500000e+01 7.180249e-01
297 3.311132e+02 2.610436e+02 2.300000e+01 1.500000e+01 6.237954e-01
298 3.328395e+02 2.605525e+02 2.300000e+01 1.500000e+01 6.631435e-01
299 3.324939e+02 2.598575e+02 2.300000e+01 1.500000e+01 5.919214e-01
300 3.334688e+02 2.600194e+02 2.300000e+01 1.500000e+01 5.771281e-01
301 3.357403e+02 2.597611e+02 2.300000e+01 1.500000e+01 5.761193e-01
302 3.360059e+02 2.621666e+02 2.300000e+01 1.500000e+01 5.173874e-01
303 3.383478e+02 2.630226e+02 2.300000e+01 1.500000e+01 5.520979e-01
304 3.383912e+02 2.618885e+02 2.300000e+01 1.500000e+01 5.022473e-01
305 3.399302e+02 2.653960e+02 2.300000e+01 1.500000e+01 4.983380e-01
306 3.415986e+02 2.642479e+02 2.300000e+01 1.500000e+01 4.976646e-01
307 3.423961e+02 2.642560e+02 2.300000e+01 1.500000e+01 4.420687e-01
308 3.429010e+02 2.660239e+02 2.300000e+01 1.500000e+01 4.009143e-01
309 3.455947e+02 2.664891e+02 2.300000e+01 1.500000e+01 4.023854e-01
310 3.463809e+02 2.664091e+02 2.300000e+01 1.500000e+01 3.611629e-01
311 3.501126e+02 2.700268e+02 2.300000e+01 1.500000e+01 3.947370e-01
312 3.495597e+02 2.689502e+02 2.300000e+01 1.500000e+01 3.246265e-01
313 3.497423e+02 2.688531e+02 2.300000e+01 1.500000e+01 2.959308e-01
314 3.520648e+02 2.701304e+02 2.300000e+01 1.500000e+01 3.000684e-01
315 3.553940e+02 2.714798e+02 2.300000e+01 1.500000e+01 3.194445e-01
316 3.562320e+02 2.735469e+02 2.300000e+01 1.500000e+01 2.933672e-01
317 3.612365e+02 2.740847e+02 2.300000e+01 1.500000e+01 2.674421e-01
318 3.576349e+02 2.732834e+02 2.300000e+01 1.500000e+01 2.766639e-01
319 3.596888e+02 2.771046e+02 2.300000e+01 1.500000e+01 2.367881e-01
320 3.569106e+02 2.789348e+02 2.300000e+01 1.500000e+01 2.271232e-01
321 3.542778e+02 2.796070e+02 2.300000e+01 1.500000e+01 1.989619e-01
322 3.539474e+02 2.829111e+02 2.300000e+01 1.500000e+01 1.879084e-01
323 3.558103e+02 2.842331e+02 2.300000e+01 1.500000e+01 1.695333e-01
324 3.567922e+02 2.852056e+02 2.300000e+01 1.500000e+01 1.624295e-01
325 3.543397e+02 2.898422e+02 2.300000e+01 1.500000e+01 1.382212e-01
326 3.543241e+02 2.911873e+02 2.300000e+01 1.500000e+01 1.234348e-01
327 3.524470e+02 2.947226e+02 2.300000e+01 1.500000e+01 1.045668e-01
328 3.526492e+02 2.973835e+02 2.300000e+01 1.500000e+01 1.005537e-01
329 3.523176e+02 3.010293e+02 2.300000e+01 1.500000e+01 7.798371e-02
330 3.514099e+02 3.011472e+02 2.300000e+01 1.500000e+01 6.470371e-02
331 3.500679e+02 3.049885e+02 2.300000e+01 1.500000e+01 5.477930e-02
332 3.454014e+02 3.081975e+02 2.300000e+01 1.500000e+01 4.186894e-02
333 3.374922e+02 3.144397e+02 2.300000e+01 1.500000e+01 3.522564e-02
334 3.283395e+02 3.244929e+02 2.300000e+01 1.500000e+01 2.789232e-02
335 3.147411e+02 3.290162e+02 2.300000e+01 1.500000e+01 1.627052e-02
336 3.005268e+02 3.265650e+02 2.300000e+01 1.500000e+01 1.191957e-02
337 2.860114e+02 3.225575e+02 2.300000e+01 1.500000e+01 8.401522e-03
338 2.934328e+02 3.340624e+02 2.300000e+01 1.500000e+01 7.160655e-03
339 2.859767e+02 3.508359e+02 2.300000e+01 1.500000e+01 6.508212e-03
340 2.799570e+02 3.731482e+02 2.300000e+01 1.500000e+01 6.559811e-03
341 2.886619e+02 3.912805e+02 2.300000e+01 1.500000e+01 8.931333e-03
342 2.879319e+02 3.941301e+02 2.300000e+01 1.500000e+01 1.248552e-02
iter 19: 2.878892e-01 2.378778e-01
iter 20
294 3.294802e+02 2.584060e+02 2.300000e+01 1.500000e+01 8.969422e-01
295 3.296706e+02 2.584382e+02 2.300000e+01 1.500000e+01 8.074446e-01
296 3.312945e+02 2.587372e+02 2.300000e+01 1.500000e+01 7.145678e-01
297 3.312561e+02 2.598859e+02 2.300000e+01 1.500000e+01 6.752020e-01
298 3.326786e+02 2.606526e+02 2.300000e+01 1.500000e+01 6.582577e-01
299 3.326326e+02 2.609484e+02 2.300000e+01 1.500000e+01 5.961307e-01
300 3.335566e+02 2.603114e+02 2.300000e+01 1.500000e+01 5.796033e-01
301 3.355753e+02 2.602489e+02 2.300000e+01 1.500000e+01 5.715366e-01
302 3.367893e+02 2.622728e+02 2.300000e+01 1.500000e+01 5.366825e-01
303 3.390082e+02 2.639510e+02 2.300000e+01 1.500000e+01 5.691772e-01
304 3.382199e+02 2.639069e+02 2.300000e+01 1.500000e+01 4.980264e-01
305 3.395402e+02 2.649900e+02 2.300000e+01 1.500000e+01 4.890528e-01
306 3.406164e+02 2.632104e+02 2.300000e+01 1.500000e+01 4.750322e-01
307 3.418595e+02 2.637550e+02 2.300000e+01 1.500000e+01 4.309810e-01
308 3.443847e+02 2.660249e+02 2.300000e+01 1.500000e+01 4.293745e-01
309 3.468296e+02 2.667428e+02 2.300000e+01 1.500000e+01 4.253958e-01
310 3.455524e+02 2.672776e+02 2.300000e+01 1.500000e+01 3.471692e-01
311 3.500870e+02 2.687862e+02 2.300000e+01 1.500000e+01 3.947370e-01
312 3.492282e+02 2.683671e+02 2.300000e+01 1.500000e+01 3.193930e-01
313 3.500780e+02 2.689501e+02 2.300000e+01 1.500000e+01 3.012311e-01
314 3.526052e+02 2.701628e+02 2.300000e+01 1.500000e+01 3.077668e-01
315 3.555175e+02 2.716800e+02 2.300000e+01 1.500000e+01 3.194445e-01
316 3.558717e+02 2.728883e+02 2.300000e+01 1.500000e+01 2.933672e-01
317 3.582665e+02 2.736029e+02 2.300000e+01 1.500000e+01 2.674421e-01
318 3.578046e+02 2.738638e+02 2.300000e+01 1.500000e+01 2.766639e-01
319 3.584394e+02 2.772737e+02 2.300000e+01 1.500000e+01 2.367881e-01
320 3.551414e+02 2.773568e+02 2.300000e+01 1.500000e+01 2.271232e-01
321 3.544170e+02 2.792924e+02 2.300000e+01 1.500000e+01 1.989619e-01
322 3.549082e+02 2.836494e+02 2.300000e+01 1.500000e+01 1.879084e-01
323 3.544095e+02 2.850505e+02 2.300000e+01 1.500000e+01 1.695333e-01
324 3.592766e+02 2.850255e+02 2.300000e+01 1.500000e+01 1.624295e-01
325 3.555785e+02 2.879014e+02 2.300000e+01 1.500000e+01 1.382212e-01
326 3.556236e+02 2.906673e+02 2.300000e+01 1.500000e+01 1.234348e-01
327 3.529634e+02 2.940335e+02 2.300000e+01 1.500000e+01 1.069723e-01
328 3.531553e+02 2.960215e+02 2.300000e+01 1.500000e+01 1.005537e-01
329 3.523784e+02 3.001918e+02 2.300000e+01 1.500000e+01 7.798371e-02
330 3.515670e+02 3.010224e+02 2.300000e+01 1.500000e+01 6.470371e-02
331 3.511090e+02 3.067907e+02 2.300000e+01 1.500000e+01 5.477930e-02
332 3.459622e+02 3.079486e+02 2.300000e+01 1.500000e+01 4.186894e-02
333 3.375783e+02 3.146436e+02 2.300000e+01 1.500000e+01 3.522564e-02
334 3.283619e+02 3.233988e+02 2.300000e+01 1.500000e+01 2.789232e-02
335 3.152391e+02 3.289617e+02 2.300000e+01 1.500000e+01 1.627052e-02
336 3.039643e+02 3.217814e+02 2.300000e+01 1.500000e+01 1.191957e-02
337 2.881166e+02 3.236341e+02 2.300000e+01 1.500000e+01 8.401522e-03
338 2.910631e+02 3.340247e+02 2.300000e+01 1.500000e+01 7.160655e-03
339 2.862333e+02 3.523603e+02 2.300000e+01 1.500000e+01 6.508212e-03
340 2.752576e+02 3.718531e+02 2.300000e+01 1.500000e+01 6.559811e-03
341 2.998581e+02 3.878110e+02 2.300000e+01 1.500000e+01 8.931333e-03
342 2.895314e+02 3.912130e+02 2.300000e+01 1.500000e+01 1.183044e-02
iter 20: 2.900527e-01 2.407133e-01
