197 3.638044e+02 2.723768e+02 6.800000e+01 4.200000e+01 7.841432e-01
198 3.699541e+02 2.681189e+02 6.800000e+01 4.200000e+01 7.178769e-01
199 3.702014e+02 2.655051e+02 6.800000e+01 4.200000e+01 6.161060e-01
200 3.760740e+02 2.633474e+02 6.800000e+01 4.200000e+01 5.891420e-01
201 3.805142e+02 2.630958e+02 6.800000e+01 4.200000e+01 5.537408e-01
202 3.858603e+02 2.605256e+02 6.800000e+01 4.200000e+01 5.414533e-01
203 3.917294e+02 2.605960e+02 6.800000e+01 4.200000e+01 5.180711e-01
204 3.967535e+02 2.613751e+02 6.800000e+01 4.200000e+01 5.121169e-01
205 4.039419e+02 2.615265e+02 6.800000e+01 4.200000e+01 4.772407e-01
206 4.080990e+02 2.619799e+02 6.800000e+01 4.200000e+01 4.411764e-01
207 4.122807e+02 2.595065e+02 6.800000e+01 4.200000e+01 3.732491e-01
208 4.127221e+02 2.570341e+02 6.800000e+01 4.200000e+01 3.413868e-01
209 4.121106e+02 2.525208e+02 6.800000e+01 4.200000e+01 3.060224e-01
210 4.120158e+02 2.508915e+02 6.800000e+01 4.200000e+01 2.899160e-01
211 4.136141e+02 2.484237e+02 6.800000e+01 4.200000e+01 2.619049e-01
212 4.128539e+02 2.453133e+02 6.800000e+01 4.200000e+01 2.500000e-01
213 4.143415e+02 2.465907e+02 6.800000e+01 4.200000e+01 2.310926e-01
214 4.142234e+02 2.434416e+02 6.800000e+01 4.200000e+01 2.240897e-01
215 4.126989e+02 2.430776e+02 6.800000e+01 4.200000e+01 1.827732e-01
216 4.162340e+02 2.426801e+02 6.800000e+01 4.200000e+01 1.827732e-01
217 4.198694e+02 2.417098e+02 6.800000e+01 4.200000e+01 1.764706e-01
218 4.225848e+02 2.406784e+02 6.800000e+01 4.200000e+01 1.764706e-01
219 4.259466e+02 2.391475e+02 6.800000e+01 4.200000e+01 1.547619e-01
220 4.265832e+02 2.395674e+02 6.800000e+01 4.200000e+01 1.400560e-01
221 4.274104e+02 2.391494e+02 6.800000e+01 4.200000e+01 1.344539e-01
222 4.297805e+02 2.376192e+02 6.800000e+01 4.200000e+01 1.260504e-01
223 4.310660e+02 2.390486e+02 6.800000e+01 4.200000e+01 1.260504e-01
224 4.274712e+02 2.386004e+02 6.800000e+01 4.200000e+01 1.225490e-01
225 4.307728e+02 2.388187e+02 6.800000e+01 4.200000e+01 1.323531e-01
226 4.348503e+02 2.374878e+02 6.800000e+01 4.200000e+01 1.228990e-01
227 4.343286e+02 2.376828e+02 6.800000e+01 4.200000e+01 1.372549e-01
228 4.304615e+02 2.373184e+02 6.800000e+01 4.200000e+01 1.421570e-01
229 4.246722e+02 2.347931e+02 6.800000e+01 4.200000e+01 1.519608e-01
230 4.181622e+02 2.359804e+02 6.800000e+01 4.200000e+01 1.519608e-01
231 4.151813e+02 2.364940e+02 6.800000e+01 4.200000e+01 1.456583e-01
232 4.119048e+02 2.342275e+02 6.800000e+01 4.200000e+01 1.502099e-01
233 4.113728e+02 2.343294e+02 6.800000e+01 4.200000e+01 1.547619e-01
234 4.100182e+02 2.360535e+02 6.800000e+01 4.200000e+01 1.547619e-01
235 4.107632e+02 2.380016e+02 6.800000e+01 4.200000e+01 1.593139e-01
236 4.081051e+02 2.404850e+02 6.800000e+01 4.200000e+01 1.542837e-01
237 4.035145e+02 2.398445e+02 6.800000e+01 4.200000e+01 1.448968e-01
238 3.998996e+02 2.403501e+02 6.800000e+01 4.200000e+01 1.516824e-01
239 3.975136e+02 2.408618e+02 6.800000e+01 4.200000e+01 1.449009e-01
240 3.944581e+02 2.434440e+02 6.800000e+01 4.200000e+01 1.409323e-01
241 3.900657e+02 2.423268e+02 6.800000e+01 4.200000e+01 1.467827e-01
242 3.864889e+02 2.422766e+02 6.800000e+01 4.200000e+01 1.740738e-01
243 3.819709e+02 2.434558e+02 6.800000e+01 4.200000e+01 1.864172e-01
244 3.791019e+02 2.430224e+02 6.800000e+01 4.200000e+01 1.550342e-01
245 3.762967e+02 2.445214e+02 6.800000e+01 4.200000e+01 1.626191e-01
246 3.740282e+02 2.436897e+02 6.800000e+01 4.200000e+01 1.679486e-01
247 3.721849e+02 2.437279e+02 6.800000e+01 4.200000e+01 1.714917e-01
248 3.699844e+02 2.438850e+02 6.800000e+01 4.200000e+01 1.681328e-01
249 3.700754e+02 2.431630e+02 6.800000e+01 4.200000e+01 1.726259e-01
250 3.660993e+02 2.442981e+02 6.800000e+01 4.200000e+01 1.770688e-01
251 3.640790e+02 2.440569e+02 6.800000e+01 4.200000e+01 1.771617e-01
252 3.619332e+02 2.441720e+02 6.800000e+01 4.200000e+01 1.732733e-01
253 3.571623e+02 2.441922e+02 6.800000e+01 4.200000e+01 1.858860e-01
254 3.522482e+02 2.452024e+02 6.800000e+01 4.200000e+01 1.982765e-01
255 3.437221e+02 2.460106e+02 6.800000e+01 4.200000e+01 1.911766e-01
256 3.349251e+02 2.457274e+02 6.800000e+01 4.200000e+01 1.866246e-01
257 3.323751e+02 2.458709e+02 6.800000e+01 4.200000e+01 1.866246e-01
258 3.296736e+02 2.444024e+02 6.800000e+01 4.200000e+01 1.866246e-01
259 3.279435e+02 2.436309e+02 6.800000e+01 4.200000e+01 2.009802e-01
260 3.244165e+02 2.450931e+02 6.800000e+01 4.200000e+01 1.574179e-01
261 3.209160e+02 2.438071e+02 6.800000e+01 4.200000e+01 1.572742e-01
262 3.136283e+02 2.453506e+02 6.800000e+01 4.200000e+01 1.684890e-01
263 3.088782e+02 2.471129e+02 6.800000e+01 4.200000e+01 1.574594e-01
264 3.043529e+02 2.473107e+02 6.800000e+01 4.200000e+01 1.453289e-01
265 2.993361e+02 2.467534e+02 6.800000e+01 4.200000e+01 9.405862e-02
266 2.933511e+02 2.486558e+02 6.800000e+01 4.200000e+01 8.033495e-02
267 2.824950e+02 2.490062e+02 6.800000e+01 4.200000e+01 1.054165e-01
268 2.747891e+02 2.513641e+02 6.800000e+01 4.200000e+01 9.907283e-02
269 2.667496e+02 2.526554e+02 6.800000e+01 4.200000e+01 1.011051e-01
270 2.597396e+02 2.503504e+02 6.800000e+01 4.200000e+01 8.460982e-02
271 2.498179e+02 2.476689e+02 6.800000e+01 4.200000e+01 9.402993e-02
272 2.393109e+02 2.497603e+02 6.800000e+01 4.200000e+01 1.034092e-01
273 2.314624e+02 2.496975e+02 6.800000e+01 4.200000e+01 9.736161e-02
274 2.187430e+02 2.507797e+02 6.800000e+01 4.200000e+01 1.042009e-01
275 2.027043e+02 2.520547e+02 6.800000e+01 4.200000e+01 1.338025e-01
276 1.946834e+02 2.529804e+02 6.800000e+01 4.200000e+01 1.290027e-01
277 1.839945e+02 2.528879e+02 6.800000e+01 4.200000e+01 7.845838e-02
278 1.741222e+02 2.541641e+02 6.800000e+01 4.200000e+01 6.312651e-02
279 1.597182e+02 2.540865e+02 6.800000e+01 4.200000e+01 8.551389e-02
280 1.486052e+02 2.547873e+02 6.800000e+01 4.200000e+01 8.610712e-02
281 1.368208e+02 2.560312e+02 6.800000e+01 4.200000e+01 7.440797e-02
282 1.249216e+02 2.556350e+02 6.800000e+01 4.200000e+01 7.881581e-02
283 1.167302e+02 2.517926e+02 6.800000e+01 4.200000e+01 6.014605e-02
284 1.077562e+02 2.521483e+02 6.800000e+01 4.200000e+01 0.000000e+00
285 9.974437e+01 2.525826e+02 6.800000e+01 4.200000e+01 0.000000e+00
286 7.781729e+01 2.564590e+02 6.800000e+01 4.200000e+01 8.316618e-04
287 6.145120e+01 2.535287e+02 6.800000e+01 4.200000e+01 2.720003e-02
288 4.454843e+01 2.539030e+02 6.800000e+01 4.200000e+01 6.103709e-02
289 3.072489e+01 2.563236e+02 6.800000e+01 4.200000e+01 6.507399e-02
290 1.976327e+01 2.563844e+02 6.800000e+01 4.200000e+01 5.998396e-02
291 -4.405774e+00 2.576997e+02 6.800000e+01 4.200000e+01 9.803923e-02
1.906428e-01 1.494276e-01
