197 3.672904e+02 2.711230e+02 6.800000e+01 4.200000e+01 8.249124e-01
198 3.689908e+02 2.659649e+02 6.800000e+01 4.200000e+01 6.673005e-01
199 3.696881e+02 2.637236e+02 6.800000e+01 4.200000e+01 5.797971e-01
200 3.740299e+02 2.629041e+02 6.800000e+01 4.200000e+01 5.625460e-01
201 3.777421e+02 2.621113e+02 6.800000e+01 4.200000e+01 5.207398e-01
202 3.852735e+02 2.603906e+02 6.800000e+01 4.200000e+01 5.346736e-01
203 3.930920e+02 2.596918e+02 6.800000e+01 4.200000e+01 5.328613e-01
204 3.962165e+02 2.600205e+02 6.800000e+01 4.200000e+01 5.064757e-01
205 4.020207e+02 2.598843e+02 6.800000e+01 4.200000e+01 4.772407e-01
206 4.062441e+02 2.585811e+02 6.800000e+01 4.200000e+01 4.411764e-01
207 4.106328e+02 2.581438e+02 6.800000e+01 4.200000e+01 3.732491e-01
208 4.119689e+02 2.569402e+02 6.800000e+01 4.200000e+01 3.413868e-01
209 4.120833e+02 2.526667e+02 6.800000e+01 4.200000e+01 3.060224e-01
210 4.118829e+02 2.507099e+02 6.800000e+01 4.200000e+01 2.899160e-01
211 4.130079e+02 2.488866e+02 6.800000e+01 4.200000e+01 2.619049e-01
212 4.130864e+02 2.464497e+02 6.800000e+01 4.200000e+01 2.500000e-01
213 4.143533e+02 2.448023e+02 6.800000e+01 4.200000e+01 2.310926e-01
214 4.129671e+02 2.431835e+02 6.800000e+01 4.200000e+01 2.240897e-01
215 4.111041e+02 2.437398e+02 6.800000e+01 4.200000e+01 1.827732e-01
216 4.127831e+02 2.411608e+02 6.800000e+01 4.200000e+01 1.814061e-01
217 4.160614e+02 2.402558e+02 6.800000e+01 4.200000e+01 1.764706e-01
218 4.179063e+02 2.397191e+02 6.800000e+01 4.200000e+01 1.764706e-01
219 4.191292e+02 2.384448e+02 6.800000e+01 4.200000e+01 1.547619e-01
220 4.198559e+02 2.387796e+02 6.800000e+01 4.200000e+01 1.400560e-01
221 4.208267e+02 2.381451e+02 6.800000e+01 4.200000e+01 1.344539e-01
222 4.227899e+02 2.386961e+02 6.800000e+01 4.200000e+01 1.260504e-01
223 4.238519e+02 2.381498e+02 6.800000e+01 4.200000e+01 1.260504e-01
224 4.242940e+02 2.381400e+02 6.800000e+01 4.200000e+01 1.225490e-01
225 4.263171e+02 2.380820e+02 6.800000e+01 4.200000e+01 1.323531e-01
226 4.296676e+02 2.376120e+02 6.800000e+01 4.200000e+01 1.228990e-01
227 4.301800e+02 2.377904e+02 6.800000e+01 4.200000e+01 1.372549e-01
228 4.295208e+02 2.374431e+02 6.800000e+01 4.200000e+01 1.421570e-01
229 4.267616e+02 2.366974e+02 6.800000e+01 4.200000e+01 1.519608e-01
230 4.205481e+02 2.364735e+02 6.800000e+01 4.200000e+01 1.519608e-01
231 4.154239e+02 2.368528e+02 6.800000e+01 4.200000e+01 1.456583e-01
232 4.117313e+02 2.356931e+02 6.800000e+01 4.200000e+01 1.502099e-01
233 4.105541e+02 2.346214e+02 6.800000e+01 4.200000e+01 1.547619e-01
234 4.095699e+02 2.355221e+02 6.800000e+01 4.200000e+01 1.547619e-01
235 4.109253e+02 2.372207e+02 6.800000e+01 4.200000e+01 1.593139e-01
236 4.085725e+02 2.386002e+02 6.800000e+01 4.200000e+01 1.521558e-01
237 4.065980e+02 2.398483e+02 6.800000e+01 4.200000e+01 1.319412e-01
238 4.029255e+02 2.398034e+02 6.800000e+01 4.200000e+01 1.389683e-01
239 4.000247e+02 2.405048e+02 6.800000e+01 4.200000e+01 1.343498e-01
240 3.947707e+02 2.423130e+02 6.800000e+01 4.200000e+01 1.396189e-01
241 3.916670e+02 2.423664e+02 6.800000e+01 4.200000e+01 1.400547e-01
242 3.873185e+02 2.420028e+02 6.800000e+01 4.200000e+01 1.700070e-01
243 3.837302e+02 2.439437e+02 6.800000e+01 4.200000e+01 1.777931e-01
244 3.816910e+02 2.430385e+02 6.800000e+01 4.200000e+01 1.441554e-01
245 3.804009e+02 2.442411e+02 6.800000e+01 4.200000e+01 1.453746e-01
246 3.775880e+02 2.448292e+02 6.800000e+01 4.200000e+01 1.529913e-01
247 3.745689e+02 2.440768e+02 6.800000e+01 4.200000e+01 1.614749e-01
248 3.730206e+02 2.440606e+02 6.800000e+01 4.200000e+01 1.553755e-01
249 3.726972e+02 2.428848e+02 6.800000e+01 4.200000e+01 1.606919e-01
250 3.707529e+02 2.421777e+02 6.800000e+01 4.200000e+01 1.558867e-01
251 3.686908e+02 2.433056e+02 6.800000e+01 4.200000e+01 1.561695e-01
252 3.643707e+02 2.442470e+02 6.800000e+01 4.200000e+01 1.621785e-01
253 3.604419e+02 2.442506e+02 6.800000e+01 4.200000e+01 1.709581e-01
254 3.547602e+02 2.436567e+02 6.800000e+01 4.200000e+01 1.850834e-01
255 3.469892e+02 2.452468e+02 6.800000e+01 4.200000e+01 1.866739e-01
256 3.360361e+02 2.462298e+02 6.800000e+01 4.200000e+01 1.866246e-01
257 3.318365e+02 2.464441e+02 6.800000e+01 4.200000e+01 1.866246e-01
258 3.296449e+02 2.449875e+02 6.800000e+01 4.200000e+01 1.866246e-01
259 3.285013e+02 2.445970e+02 6.800000e+01 4.200000e+01 1.985228e-01
260 3.254797e+02 2.446626e+02 6.800000e+01 4.200000e+01 1.525784e-01
261 3.233166e+02 2.438824e+02 6.800000e+01 4.200000e+01 1.455067e-01
262 3.188059e+02 2.448526e+02 6.800000e+01 4.200000e+01 1.431086e-01
263 3.138884e+02 2.457980e+02 6.800000e+01 4.200000e+01 1.328998e-01
264 3.078917e+02 2.476839e+02 6.800000e+01 4.200000e+01 1.279816e-01
265 3.020044e+02 2.466485e+02 6.800000e+01 4.200000e+01 8.191284e-02
266 2.965957e+02 2.471295e+02 6.800000e+01 4.200000e+01 6.556576e-02
267 2.872238e+02 2.497035e+02 6.800000e+01 4.200000e+01 8.223628e-02
268 2.794347e+02 2.512494e+02 6.800000e+01 4.200000e+01 7.630063e-02
269 2.723380e+02 2.519278e+02 6.800000e+01 4.200000e+01 7.175394e-02
270 2.652666e+02 2.502697e+02 6.800000e+01 4.200000e+01 5.751685e-02
271 2.563638e+02 2.490094e+02 6.800000e+01 4.200000e+01 6.194244e-02
272 2.462600e+02 2.516723e+02 6.800000e+01 4.200000e+01 6.691175e-02
273 2.396093e+02 2.494685e+02 6.800000e+01 4.200000e+01 5.457286e-02
274 2.296090e+02 2.490810e+02 6.800000e+01 4.200000e+01 5.093609e-02
275 2.185417e+02 2.499576e+02 6.800000e+01 4.200000e+01 5.616814e-02
276 2.066994e+02 2.512252e+02 6.800000e+01 4.200000e+01 7.010095e-02
277 1.979036e+02 2.532546e+02 6.800000e+01 4.200000e+01 1.027625e-02
278 1.905480e+02 2.544124e+02 6.800000e+01 4.200000e+01 0.000000e+00
279 1.763388e+02 2.544998e+02 6.800000e+01 4.200000e+01 0.000000e+00
280 1.638668e+02 2.535315e+02 6.800000e+01 4.200000e+01 5.951706e-03
281 1.556129e+02 2.529843e+02 6.800000e+01 4.200000e+01 0.000000e+00
282 1.450309e+02 2.539603e+02 6.800000e+01 4.200000e+01 0.000000e+00
283 1.334512e+02 2.495674e+02 6.800000e+01 4.200000e+01 0.000000e+00
284 1.220050e+02 2.461504e+02 6.800000e+01 4.200000e+01 0.000000e+00
285 1.097887e+02 2.436950e+02 6.800000e+01 4.200000e+01 0.000000e+00
286 1.044551e+02 2.446514e+02 6.800000e+01 4.200000e+01 0.000000e+00
287 9.609712e+01 2.460230e+02 6.800000e+01 4.200000e+01 0.000000e+00
288 9.756181e+01 2.460968e+02 6.800000e+01 4.200000e+01 0.000000e+00
289 1.039928e+02 2.443962e+02 6.800000e+01 4.200000e+01 0.000000e+00
290 1.156195e+02 2.412297e+02 6.800000e+01 4.200000e+01 0.000000e+00
291 1.177411e+02 2.393650e+02 6.800000e+01 4.200000e+01 0.000000e+00
1.730973e-01 1.583238e-01
