iter 1
294 3.282126e+02 2.595424e+02 2.300000e+01 1.500000e+01 8.470302e-01
295 3.298547e+02 2.582939e+02 2.300000e+01 1.500000e+01 8.146359e-01
296 3.319150e+02 2.594585e+02 2.300000e+01 1.500000e+01 7.344563e-01
297 3.309167e+02 2.596567e+02 2.300000e+01 1.500000e+01 6.638887e-01
298 3.331407e+02 2.601822e+02 2.300000e+01 1.500000e+01 6.722876e-01
299 3.321594e+02 2.605551e+02 2.300000e+01 1.500000e+01 5.817629e-01
300 3.334920e+02 2.600640e+02 2.300000e+01 1.500000e+01 5.777818e-01
301 3.357383e+02 2.602380e+02 2.300000e+01 1.500000e+01 5.760641e-01
302 3.363979e+02 2.622594e+02 2.300000e+01 1.500000e+01 5.270420e-01
303 3.384517e+02 2.634861e+02 2.300000e+01 1.500000e+01 5.547851e-01
304 3.382141e+02 2.634368e+02 2.300000e+01 1.500000e+01 4.978833e-01
305 3.404770e+02 2.648279e+02 2.300000e+01 1.500000e+01 5.113573e-01
306 3.413396e+02 2.636958e+02 2.300000e+01 1.500000e+01 4.916952e-01
307 3.415678e+02 2.640026e+02 2.300000e+01 1.500000e+01 4.249536e-01
308 3.443389e+02 2.657211e+02 2.300000e+01 1.500000e+01 4.284962e-01
309 3.462601e+02 2.666277e+02 2.300000e+01 1.500000e+01 4.147846e-01
310 3.463833e+02 2.668453e+02 2.300000e+01 1.500000e+01 3.612044e-01
311 3.503848e+02 2.683668e+02 2.300000e+01 1.500000e+01 3.947370e-01
312 3.487413e+02 2.683882e+02 2.300000e+01 1.500000e+01 3.117050e-01
313 3.505203e+02 2.698255e+02 2.300000e+01 1.500000e+01 3.082149e-01
314 3.528189e+02 2.695911e+02 2.300000e+01 1.500000e+01 3.108106e-01
315 3.548264e+02 2.704452e+02 2.300000e+01 1.500000e+01 3.194445e-01
316 3.562261e+02 2.723482e+02 2.300000e+01 1.500000e+01 2.933672e-01
317 3.642205e+02 2.732836e+02 2.300000e+01 1.500000e+01 2.674421e-01
318 3.613946e+02 2.736516e+02 2.300000e+01 1.500000e+01 2.766639e-01
319 3.645918e+02 2.766035e+02 2.300000e+01 1.500000e+01 2.367881e-01
320 3.575932e+02 2.787282e+02 2.300000e+01 1.500000e+01 2.271232e-01
321 3.548686e+02 2.794915e+02 2.300000e+01 1.500000e+01 1.989619e-01
322 3.545309e+02 2.839711e+02 2.300000e+01 1.500000e+01 1.879084e-01
323 3.550752e+02 2.846078e+02 2.300000e+01 1.500000e+01 1.695333e-01
324 3.589381e+02 2.859068e+02 2.300000e+01 1.500000e+01 1.624295e-01
325 3.553393e+02 2.885996e+02 2.300000e+01 1.500000e+01 1.382212e-01
326 3.558384e+02 2.905911e+02 2.300000e+01 1.500000e+01 1.234348e-01
327 3.523647e+02 2.943348e+02 2.300000e+01 1.500000e+01 1.041834e-01
328 3.527307e+02 2.969357e+02 2.300000e+01 1.500000e+01 1.005537e-01
329 3.528860e+02 3.005497e+02 2.300000e+01 1.500000e+01 7.798371e-02
330 3.504574e+02 3.019549e+02 2.300000e+01 1.500000e+01 6.470371e-02
331 3.496363e+02 3.063151e+02 2.300000e+01 1.500000e+01 5.477930e-02
332 3.453812e+02 3.086396e+02 2.300000e+01 1.500000e+01 4.186894e-02
333 3.379175e+02 3.143958e+02 2.300000e+01 1.500000e+01 3.522564e-02
334 3.288125e+02 3.240670e+02 2.300000e+01 1.500000e+01 2.789232e-02
335 3.157389e+02 3.291917e+02 2.300000e+01 1.500000e+01 1.627052e-02
336 3.016568e+02 3.266206e+02 2.300000e+01 1.500000e+01 1.191957e-02
337 2.873605e+02 3.232924e+02 2.300000e+01 1.500000e+01 8.401522e-03
338 2.918649e+02 3.345127e+02 2.300000e+01 1.500000e+01 7.160655e-03
339 2.849683e+02 3.509583e+02 2.300000e+01 1.500000e+01 6.508212e-03
340 2.656140e+02 3.688951e+02 2.300000e+01 1.500000e+01 6.559811e-03
341 3.125152e+02 3.623697e+02 2.300000e+01 1.500000e+01 4.983507e-03
342 3.185042e+02 3.504691e+02 2.300000e+01 1.500000e+01 0.000000e+00
iter 1: 2.893039e-01 2.395169e-01
iter 2
294 3.295640e+02 2.584002e+02 2.300000e+01 1.500000e+01 9.000739e-01
295 3.297750e+02 2.585053e+02 2.300000e+01 1.500000e+01 8.115228e-01
296 3.316533e+02 2.590985e+02 2.300000e+01 1.500000e+01 7.260671e-01
297 3.311254e+02 2.594450e+02 2.300000e+01 1.500000e+01 6.708461e-01
298 3.330134e+02 2.599215e+02 2.300000e+01 1.500000e+01 6.684225e-01
299 3.318338e+02 2.603914e+02 2.300000e+01 1.500000e+01 5.718780e-01
300 3.330049e+02 2.600322e+02 2.300000e+01 1.500000e+01 5.640496e-01
301 3.354944e+02 2.604619e+02 2.300000e+01 1.500000e+01 5.692891e-01
302 3.363996e+02 2.611240e+02 2.300000e+01 1.500000e+01 5.270826e-01
303 3.385712e+02 2.633013e+02 2.300000e+01 1.500000e+01 5.578763e-01
304 3.381063e+02 2.628674e+02 2.300000e+01 1.500000e+01 4.952292e-01
305 3.405385e+02 2.652160e+02 2.300000e+01 1.500000e+01 5.128221e-01
306 3.403828e+02 2.634429e+02 2.300000e+01 1.500000e+01 4.696508e-01
307 3.421146e+02 2.643959e+02 2.300000e+01 1.500000e+01 4.362521e-01
308 3.441154e+02 2.651614e+02 2.300000e+01 1.500000e+01 4.242086e-01
309 3.459678e+02 2.669162e+02 2.300000e+01 1.500000e+01 4.093371e-01
310 3.460457e+02 2.672393e+02 2.300000e+01 1.500000e+01 3.555016e-01
311 3.495308e+02 2.695057e+02 2.300000e+01 1.500000e+01 3.866842e-01
312 3.489782e+02 2.688233e+02 2.300000e+01 1.500000e+01 3.154451e-01
313 3.498692e+02 2.691017e+02 2.300000e+01 1.500000e+01 2.979341e-01
314 3.521466e+02 2.694332e+02 2.300000e+01 1.500000e+01 3.012329e-01
315 3.542441e+02 2.704757e+02 2.300000e+01 1.500000e+01 3.194445e-01
316 3.552939e+02 2.728967e+02 2.300000e+01 1.500000e+01 2.933672e-01
317 3.588290e+02 2.737545e+02 2.300000e+01 1.500000e+01 2.674421e-01
318 3.588571e+02 2.733991e+02 2.300000e+01 1.500000e+01 2.766639e-01
319 3.616241e+02 2.775381e+02 2.300000e+01 1.500000e+01 2.367881e-01
320 3.562470e+02 2.781551e+02 2.300000e+01 1.500000e+01 2.271232e-01
321 3.543596e+02 2.791271e+02 2.300000e+01 1.500000e+01 1.989619e-01
322 3.545570e+02 2.829952e+02 2.300000e+01 1.500000e+01 1.879084e-01
323 3.558860e+02 2.844113e+02 2.300000e+01 1.500000e+01 1.695333e-01
324 3.567887e+02 2.859033e+02 2.300000e+01 1.500000e+01 1.624295e-01
325 3.541315e+02 2.882275e+02 2.300000e+01 1.500000e+01 1.382212e-01
326 3.548482e+02 2.903251e+02 2.300000e+01 1.500000e+01 1.234348e-01
327 3.522498e+02 2.944487e+02 2.300000e+01 1.500000e+01 1.036479e-01
328 3.535292e+02 2.973843e+02 2.300000e+01 1.500000e+01 1.005537e-01
329 3.526582e+02 3.004069e+02 2.300000e+01 1.500000e+01 7.798371e-02
330 3.510049e+02 3.010265e+02 2.300000e+01 1.500000e+01 6.470371e-02
331 3.499765e+02 3.048356e+02 2.300000e+01 1.500000e+01 5.477930e-02
332 3.448606e+02 3.079085e+02 2.300000e+01 1.500000e+01 4.186894e-02
333 3.368897e+02 3.141782e+02 2.300000e+01 1.500000e+01 3.522564e-02
334 3.276560e+02 3.233011e+02 2.300000e+01 1.500000e+01 2.789232e-02
335 3.145228e+02 3.298473e+02 2.300000e+01 1.500000e+01 1.627052e-02
336 2.990130e+02 3.283630e+02 2.300000e+01 1.500000e+01 1.191957e-02
337 2.866654e+02 3.237782e+02 2.300000e+01 1.500000e+01 8.401522e-03
338 2.872851e+02 3.342867e+02 2.300000e+01 1.500000e+01 7.160655e-03
339 2.884861e+02 3.508182e+02 2.300000e+01 1.500000e+01 6.508212e-03
340 2.757267e+02 3.727155e+02 2.300000e+01 1.500000e+01 6.559811e-03
341 2.946773e+02 3.899683e+02 2.300000e+01 1.500000e+01 8.931333e-03
342 2.885696e+02 3.931576e+02 2.300000e+01 1.500000e+01 1.248552e-02
iter 2: 2.889309e-01 2.402781e-01
iter 3
294 3.282295e+02 2.581066e+02 2.300000e+01 1.500000e+01 8.271571e-01
295 3.310310e+02 2.588592e+02 2.300000e+01 1.500000e+01 8.605864e-01
296 3.318085e+02 2.595024e+02 2.300000e+01 1.500000e+01 7.310406e-01
297 3.309696e+02 2.594945e+02 2.300000e+01 1.500000e+01 6.656541e-01
298 3.324974e+02 2.602220e+02 2.300000e+01 1.500000e+01 6.527553e-01
299 3.322279e+02 2.599810e+02 2.300000e+01 1.500000e+01 5.838440e-01
300 3.335263e+02 2.603332e+02 2.300000e+01 1.500000e+01 5.787507e-01
301 3.350558e+02 2.608297e+02 2.300000e+01 1.500000e+01 5.571042e-01
302 3.368723e+02 2.617971e+02 2.300000e+01 1.500000e+01 5.387268e-01
303 3.389140e+02 2.632818e+02 2.300000e+01 1.500000e+01 5.667409e-01
304 3.380170e+02 2.629449e+02 2.300000e+01 1.500000e+01 4.930296e-01
305 3.404430e+02 2.647128e+02 2.300000e+01 1.500000e+01 5.105475e-01
306 3.400653e+02 2.633805e+02 2.300000e+01 1.500000e+01 4.623340e-01
307 3.415609e+02 2.644987e+02 2.300000e+01 1.500000e+01 4.248110e-01
308 3.438722e+02 2.654175e+02 2.300000e+01 1.500000e+01 4.195430e-01
309 3.454880e+02 2.670010e+02 2.300000e+01 1.500000e+01 4.003966e-01
310 3.469686e+02 2.672591e+02 2.300000e+01 1.500000e+01 3.710905e-01
311 3.504531e+02 2.700260e+02 2.300000e+01 1.500000e+01 3.947370e-01
312 3.487718e+02 2.689131e+02 2.300000e+01 1.500000e+01 3.121862e-01
313 3.497448e+02 2.693817e+02 2.300000e+01 1.500000e+01 2.959702e-01
314 3.521491e+02 2.688034e+02 2.300000e+01 1.500000e+01 3.012685e-01
315 3.552812e+02 2.708503e+02 2.300000e+01 1.500000e+01 3.194445e-01
316 3.558656e+02 2.721143e+02 2.300000e+01 1.500000e+01 2.933672e-01
317 3.617219e+02 2.733607e+02 2.300000e+01 1.500000e+01 2.674421e-01
318 3.594498e+02 2.728014e+02 2.300000e+01 1.500000e+01 2.766639e-01
319 3.628544e+02 2.767090e+02 2.300000e+01 1.500000e+01 2.367881e-01
320 3.566848e+02 2.784009e+02 2.300000e+01 1.500000e+01 2.271232e-01
321 3.545651e+02 2.801057e+02 2.300000e+01 1.500000e+01 1.989619e-01
322 3.548280e+02 2.836386e+02 2.300000e+01 1.500000e+01 1.879084e-01
323 3.553033e+02 2.846552e+02 2.300000e+01 1.500000e+01 1.695333e-01
324 3.576436e+02 2.857307e+02 2.300000e+01 1.500000e+01 1.624295e-01
325 3.545009e+02 2.887007e+02 2.300000e+01 1.500000e+01 1.382212e-01
326 3.554053e+02 2.908010e+02 2.300000e+01 1.500000e+01 1.234348e-01
327 3.528842e+02 2.947272e+02 2.300000e+01 1.500000e+01 1.066035e-01
328 3.530864e+02 2.972518e+02 2.300000e+01 1.500000e+01 1.005537e-01
329 3.529601e+02 3.013103e+02 2.300000e+01 1.500000e+01 7.798371e-02
330 3.514643e+02 3.008443e+02 2.300000e+01 1.500000e+01 6.470371e-02
331 3.495934e+02 3.057909e+02 2.300000e+01 1.500000e+01 5.477930e-02
332 3.450215e+02 3.082905e+02 2.300000e+01 1.500000e+01 4.186894e-02
333 3.374994e+02 3.143242e+02 2.300000e+01 1.500000e+01 3.522564e-02
334 3.280495e+02 3.237821e+02 2.300000e+01 1.500000e+01 2.789232e-02
335 3.145413e+02 3.285060e+02 2.300000e+01 1.500000e+01 1.627052e-02
336 3.014962e+02 3.263841e+02 2.300000e+01 1.500000e+01 1.191957e-02
337 2.839468e+02 3.225459e+02 2.300000e+01 1.500000e+01 8.401522e-03
338 2.866118e+02 3.346888e+02 2.300000e+01 1.500000e+01 7.160655e-03
339 2.821602e+02 3.513373e+02 2.300000e+01 1.500000e+01 6.508212e-03
340 2.754070e+02 3.703889e+02 2.300000e+01 1.500000e+01 6.559811e-03
341 2.834127e+02 3.931344e+02 2.300000e+01 1.500000e+01 8.931333e-03
342 3.107326e+02 3.504847e+02 2.300000e+01 1.500000e+01 0.000000e+00
iter 3: 2.882644e-01 2.392732e-01
iter 4
294 3.306739e+02 2.578411e+02 2.300000e+01 1.500000e+01 9.096599e-01
295 3.301264e+02 2.580361e+02 2.300000e+01 1.500000e+01 8.252490e-01
296 3.314407e+02 2.590516e+02 2.300000e+01 1.500000e+01 7.192527e-01
297 3.313077e+02 2.592393e+02 2.300000e+01 1.500000e+01 6.769226e-01
298 3.330626e+02 2.606237e+02 2.300000e+01 1.500000e+01 6.699183e-01
299 3.324257e+02 2.613686e+02 2.300000e+01 1.500000e+01 5.898500e-01
300 3.333904e+02 2.607710e+02 2.300000e+01 1.500000e+01 5.749180e-01
301 3.357026e+02 2.600483e+02 2.300000e+01 1.500000e+01 5.750724e-01
302 3.361657e+02 2.609350e+02 2.300000e+01 1.500000e+01 5.213237e-01
303 3.388778e+02 2.632320e+02 2.300000e+01 1.500000e+01 5.658041e-01
304 3.380090e+02 2.634265e+02 2.300000e+01 1.500000e+01 4.928314e-01
305 3.400691e+02 2.644857e+02 2.300000e+01 1.500000e+01 5.016445e-01
306 3.407125e+02 2.634417e+02 2.300000e+01 1.500000e+01 4.772480e-01
307 3.421424e+02 2.643209e+02 2.300000e+01 1.500000e+01 4.368253e-01
308 3.439654e+02 2.652951e+02 2.300000e+01 1.500000e+01 4.213311e-01
309 3.463228e+02 2.665501e+02 2.300000e+01 1.500000e+01 4.159526e-01
310 3.458656e+02 2.675133e+02 2.300000e+01 1.500000e+01 3.524586e-01
311 3.506095e+02 2.691946e+02 2.300000e+01 1.500000e+01 3.947370e-01
312 3.487604e+02 2.680062e+02 2.300000e+01 1.500000e+01 3.120061e-01
313 3.491881e+02 2.688232e+02 2.300000e+01 1.500000e+01 2.871799e-01
314 3.520734e+02 2.693603e+02 2.300000e+01 1.500000e+01 3.001910e-01
315 3.548324e+02 2.714189e+02 2.300000e+01 1.500000e+01 3.194445e-01
316 3.559733e+02 2.728279e+02 2.300000e+01 1.500000e+01 2.933672e-01
317 3.602148e+02 2.739059e+02 2.300000e+01 1.500000e+01 2.674421e-01
318 3.586010e+02 2.735950e+02 2.300000e+01 1.500000e+01 2.766639e-01
319 3.583162e+02 2.773951e+02 2.300000e+01 1.500000e+01 2.367881e-01
320 3.552685e+02 2.784397e+02 2.300000e+01 1.500000e+01 2.271232e-01
321 3.541037e+02 2.797145e+02 2.300000e+01 1.500000e+01 1.989619e-01
322 3.542592e+02 2.827970e+02 2.300000e+01 1.500000e+01 1.879084e-01
323 3.549116e+02 2.842093e+02 2.300000e+01 1.500000e+01 1.695333e-01
324 3.562728e+02 2.859921e+02 2.300000e+01 1.500000e+01 1.624295e-01
325 3.549365e+02 2.889172e+02 2.300000e+01 1.500000e+01 1.382212e-01
326 3.553856e+02 2.916076e+02 2.300000e+01 1.500000e+01 1.234348e-01
327 3.526160e+02 2.943334e+02 2.300000e+01 1.500000e+01 1.053540e-01
328 3.534706e+02 2.973056e+02 2.300000e+01 1.500000e+01 1.005537e-01
329 3.532240e+02 3.007021e+02 2.300000e+01 1.500000e+01 7.798371e-02
330 3.511840e+02 3.016076e+02 2.300000e+01 1.500000e+01 6.470371e-02
331 3.498252e+02 3.050599e+02 2.300000e+01 1.500000e+01 5.477930e-02
332 3.444143e+02 3.078792e+02 2.300000e+01 1.500000e+01 4.186894e-02
333 3.374314e+02 3.149955e+02 2.300000e+01 1.500000e+01 3.522564e-02
334 3.286092e+02 3.234166e+02 2.300000e+01 1.500000e+01 2.789232e-02
335 3.149242e+02 3.282789e+02 2.300000e+01 1.500000e+01 1.627052e-02
336 3.016862e+02 3.224495e+02 2.300000e+01 1.500000e+01 1.191957e-02
337 2.848049e+02 3.230327e+02 2.300000e+01 1.500000e+01 8.401522e-03
338 2.891047e+02 3.347526e+02 2.300000e+01 1.500000e+01 7.160655e-03
339 2.805013e+02 3.512131e+02 2.300000e+01 1.500000e+01 6.508212e-03
340 2.697653e+02 3.713971e+02 2.300000e+01 1.500000e+01 6.559811e-03
341 2.904492e+02 3.910520e+02 2.300000e+01 1.500000e+01 8.931333e-03
342 3.414658e+02 3.600539e+02 2.300000e+01 1.500000e+01 0.000000e+00
iter 4: 2.897103e-01 2.425218e-01
iter 5
294 3.286142e+02 2.582952e+02 2.300000e+01 1.500000e+01 8.541607e-01
295 3.296915e+02 2.583031e+02 2.300000e+01 1.500000e+01 8.082607e-01
296 3.312840e+02 2.596458e+02 2.300000e+01 1.500000e+01 7.142314e-01
297 3.316285e+02 2.596330e+02 2.300000e+01 1.500000e+01 6.876155e-01
298 3.331942e+02 2.599027e+02 2.300000e+01 1.500000e+01 6.739145e-01
299 3.325521e+02 2.603199e+02 2.300000e+01 1.500000e+01 5.936878e-01
300 3.326772e+02 2.609661e+02 2.300000e+01 1.500000e+01 5.548097e-01
301 3.361503e+02 2.605789e+02 2.300000e+01 1.500000e+01 5.875084e-01
302 3.363571e+02 2.612954e+02 2.300000e+01 1.500000e+01 5.260360e-01
303 3.380712e+02 2.633648e+02 2.300000e+01 1.500000e+01 5.449448e-01
304 3.378160e+02 2.633742e+02 2.300000e+01 1.500000e+01 4.880789e-01
305 3.403541e+02 2.650053e+02 2.300000e+01 1.500000e+01 5.084315e-01
306 3.408424e+02 2.634048e+02 2.300000e+01 1.500000e+01 4.802393e-01
307 3.423660e+02 2.645684e+02 2.300000e+01 1.500000e+01 4.414466e-01
308 3.441984e+02 2.657909e+02 2.300000e+01 1.500000e+01 4.258010e-01
309 3.463944e+02 2.661246e+02 2.300000e+01 1.500000e+01 4.172877e-01
310 3.462684e+02 2.669331e+02 2.300000e+01 1.500000e+01 3.592637e-01
311 3.495759e+02 2.687264e+02 2.300000e+01 1.500000e+01 3.874582e-01
312 3.480922e+02 2.676582e+02 2.300000e+01 1.500000e+01 3.014562e-01
313 3.490712e+02 2.685842e+02 2.300000e+01 1.500000e+01 2.853350e-01
314 3.524224e+02 2.698615e+02 2.300000e+01 1.500000e+01 3.051624e-01
315 3.551698e+02 2.710331e+02 2.300000e+01 1.500000e+01 3.194445e-01
316 3.562129e+02 2.727388e+02 2.300000e+01 1.500000e+01 2.933672e-01
317 3.608334e+02 2.734068e+02 2.300000e+01 1.500000e+01 2.674421e-01
318 3.586402e+02 2.736959e+02 2.300000e+01 1.500000e+01 2.766639e-01
319 3.606702e+02 2.767755e+02 2.300000e+01 1.500000e+01 2.367881e-01
320 3.565350e+02 2.784309e+02 2.300000e+01 1.500000e+01 2.271232e-01
321 3.546231e+02 2.791518e+02 2.300000e+01 1.500000e+01 1.989619e-01
322 3.543892e+02 2.834846e+02 2.300000e+01 1.500000e+01 1.879084e-01
323 3.561456e+02 2.850712e+02 2.300000e+01 1.500000e+01 1.695333e-01
324 3.584400e+02 2.865484e+02 2.300000e+01 1.500000e+01 1.624295e-01
325 3.555084e+02 2.883024e+02 2.300000e+01 1.500000e+01 1.382212e-01
326 3.552118e+02 2.911662e+02 2.300000e+01 1.500000e+01 1.234348e-01
327 3.524451e+02 2.945821e+02 2.300000e+01 1.500000e+01 1.045579e-01
328 3.527144e+02 2.972550e+02 2.300000e+01 1.500000e+01 1.005537e-01
329 3.523379e+02 3.003568e+02 2.300000e+01 1.500000e+01 7.798371e-02
330 3.509132e+02 3.012052e+02 2.300000e+01 1.500000e+01 6.470371e-02
331 3.501839e+02 3.059687e+02 2.300000e+01 1.500000e+01 5.477930e-02
332 3.450297e+02 3.078962e+02 2.300000e+01 1.500000e+01 4.186894e-02
333 3.372847e+02 3.145934e+02 2.300000e+01 1.500000e+01 3.522564e-02
334 3.279859e+02 3.240829e+02 2.300000e+01 1.500000e+01 2.789232e-02
335 3.162162e+02 3.310871e+02 2.300000e+01 1.500000e+01 1.627052e-02
336 2.998556e+02 3.248250e+02 2.300000e+01 1.500000e+01 1.191957e-02
337 2.836087e+02 3.236522e+02 2.300000e+01 1.500000e+01 8.401522e-03
338 2.782235e+02 3.337789e+02 2.300000e+01 1.500000e+01 7.160655e-03
339 2.780405e+02 3.504072e+02 2.300000e+01 1.500000e+01 6.508212e-03
340 2.693986e+02 3.704825e+02 2.300000e+01 1.500000e+01 6.559811e-03
341 3.135364e+02 3.712222e+02 2.300000e+01 1.500000e+01 8.931333e-03
342 3.245580e+02 3.530510e+02 2.300000e+01 1.500000e+01 0.000000e+00
iter 5: 2.881585e-01 2.390294e-01
iter 6
294 3.289628e+02 2.579694e+02 2.300000e+01 1.500000e+01 8.488030e-01
295 3.298077e+02 2.581246e+02 2.300000e+01 1.500000e+01 8.128022e-01
296 3.322671e+02 2.592907e+02 2.300000e+01 1.500000e+01 7.371793e-01
297 3.318119e+02 2.592858e+02 2.300000e+01 1.500000e+01 6.937300e-01
298 3.333151e+02 2.610619e+02 2.300000e+01 1.500000e+01 6.747871e-01
299 3.322692e+02 2.610050e+02 2.300000e+01 1.500000e+01 5.850973e-01
300 3.331545e+02 2.606444e+02 2.300000e+01 1.500000e+01 5.682657e-01
301 3.359045e+02 2.606276e+02 2.300000e+01 1.500000e+01 5.806791e-01
302 3.364423e+02 2.613032e+02 2.300000e+01 1.500000e+01 5.281360e-01
303 3.384100e+02 2.629130e+02 2.300000e+01 1.500000e+01 5.537082e-01
304 3.384042e+02 2.634091e+02 2.300000e+01 1.500000e+01 5.025676e-01
305 3.403444e+02 2.648477e+02 2.300000e+01 1.500000e+01 5.082009e-01
306 3.407424e+02 2.634952e+02 2.300000e+01 1.500000e+01 4.779349e-01
307 3.416874e+02 2.641436e+02 2.300000e+01 1.500000e+01 4.274255e-01
308 3.435130e+02 2.658037e+02 2.300000e+01 1.500000e+01 4.126527e-01
309 3.463884e+02 2.667557e+02 2.300000e+01 1.500000e+01 4.171751e-01
310 3.463116e+02 2.675787e+02 2.300000e+01 1.500000e+01 3.599926e-01
311 3.499471e+02 2.684883e+02 2.300000e+01 1.500000e+01 3.938297e-01
312 3.486542e+02 2.683970e+02 2.300000e+01 1.500000e+01 3.103290e-01
313 3.498931e+02 2.695805e+02 2.300000e+01 1.500000e+01 2.983119e-01
314 3.529581e+02 2.699473e+02 2.300000e+01 1.500000e+01 3.127930e-01
315 3.550586e+02 2.708681e+02 2.300000e+01 1.500000e+01 3.194445e-01
316 3.558398e+02 2.729076e+02 2.300000e+01 1.500000e+01 2.933672e-01
317 3.624006e+02 2.735213e+02 2.300000e+01 1.500000e+01 2.674421e-01
318 3.595462e+02 2.738745e+02 2.300000e+01 1.500000e+01 2.766639e-01
319 3.611786e+02 2.768216e+02 2.300000e+01 1.500000e+01 2.367881e-01
320 3.565294e+02 2.788944e+02 2.300000e+01 1.500000e+01 2.271232e-01
321 3.547663e+02 2.802008e+02 2.300000e+01 1.500000e+01 1.989619e-01
322 3.540049e+02 2.833439e+02 2.300000e+01 1.500000e+01 1.879084e-01
323 3.555669e+02 2.846536e+02 2.300000e+01 1.500000e+01 1.695333e-01
324 3.572250e+02 2.864847e+02 2.300000e+01 1.500000e+01 1.624295e-01
325 3.541678e+02 2.893379e+02 2.300000e+01 1.500000e+01 1.382212e-01
326 3.551571e+02 2.911212e+02 2.300000e+01 1.500000e+01 1.234348e-01
327 3.531160e+02 2.943106e+02 2.300000e+01 1.500000e+01 1.071428e-01
328 3.531624e+02 2.973194e+02 2.300000e+01 1.500000e+01 1.005537e-01
329 3.536081e+02 3.007763e+02 2.300000e+01 1.500000e+01 7.798371e-02
330 3.518197e+02 3.021022e+02 2.300000e+01 1.500000e+01 6.470371e-02
331 3.504378e+02 3.061929e+02 2.300000e+01 1.500000e+01 5.477930e-02
332 3.450118e+02 3.089113e+02 2.300000e+01 1.500000e+01 4.186894e-02
333 3.373331e+02 3.142404e+02 2.300000e+01 1.500000e+01 3.522564e-02
334 3.281895e+02 3.239351e+02 2.300000e+01 1.500000e+01 2.789232e-02
335 3.150649e+02 3.286190e+02 2.300000e+01 1.500000e+01 1.627052e-02
336 3.004670e+02 3.230847e+02 2.300000e+01 1.500000e+01 1.191957e-02
337 2.852172e+02 3.229907e+02 2.300000e+01 1.500000e+01 8.401522e-03
338 2.911938e+02 3.348396e+02 2.300000e+01 1.500000e+01 7.160655e-03
339 2.842051e+02 3.515811e+02 2.300000e+01 1.500000e+01 6.508212e-03
340 2.718189e+02 3.712881e+02 2.300000e+01 1.500000e+01 6.559811e-03
341 3.089413e+02 3.742005e+02 2.300000e+01 1.500000e+01 8.931333e-03
342 3.156224e+02 3.523806e+02 2.300000e+01 1.500000e+01 0.000000e+00
iter 6: 2.894208e-01 2.401651e-01
iter 7
294 3.306597e+02 2.593844e+02 2.300000e+01 1.500000e+01 9.599598e-01
295 3.305963e+02 2.583313e+02 2.300000e+01 1.500000e+01 8.436050e-01
296 3.313618e+02 2.593732e+02 2.300000e+01 1.500000e+01 7.167251e-01
297 3.311400e+02 2.594053e+02 2.300000e+01 1.500000e+01 6.713321e-01
298 3.334182e+02 2.611529e+02 2.300000e+01 1.500000e+01 6.737765e-01
299 3.324084e+02 2.604375e+02 2.300000e+01 1.500000e+01 5.893245e-01
300 3.331847e+02 2.606043e+02 2.300000e+01 1.500000e+01 5.691167e-01
301 3.356954e+02 2.600564e+02 2.300000e+01 1.500000e+01 5.748708e-01
302 3.362048e+02 2.612068e+02 2.300000e+01 1.500000e+01 5.222859e-01
303 3.382409e+02 2.628100e+02 2.300000e+01 1.500000e+01 5.493329e-01
304 3.385245e+02 2.626690e+02 2.300000e+01 1.500000e+01 5.055307e-01
305 3.406148e+02 2.651793e+02 2.300000e+01 1.500000e+01 5.146382e-01
306 3.396762e+02 2.634545e+02 2.300000e+01 1.500000e+01 4.533696e-01
307 3.414311e+02 2.649954e+02 2.300000e+01 1.500000e+01 4.221309e-01
308 3.436450e+02 2.655898e+02 2.300000e+01 1.500000e+01 4.151857e-01
309 3.456994e+02 2.666283e+02 2.300000e+01 1.500000e+01 4.043368e-01
310 3.463059e+02 2.674117e+02 2.300000e+01 1.500000e+01 3.598973e-01
311 3.497066e+02 2.687687e+02 2.300000e+01 1.500000e+01 3.897011e-01
312 3.481923e+02 2.680664e+02 2.300000e+01 1.500000e+01 3.030361e-01
313 3.491736e+02 2.681222e+02 2.300000e+01 1.500000e+01 2.869511e-01
314 3.517549e+02 2.697221e+02 2.300000e+01 1.500000e+01 2.956533e-01
315 3.548212e+02 2.705405e+02 2.300000e+01 1.500000e+01 3.194445e-01
316 3.554857e+02 2.728095e+02 2.300000e+01 1.500000e+01 2.933672e-01
317 3.608145e+02 2.733338e+02 2.300000e+01 1.500000e+01 2.674421e-01
318 3.579807e+02 2.734759e+02 2.300000e+01 1.500000e+01 2.766639e-01
319 3.603520e+02 2.771486e+02 2.300000e+01 1.500000e+01 2.367881e-01
320 3.563574e+02 2.793376e+02 2.300000e+01 1.500000e+01 2.271232e-01
321 3.554416e+02 2.795077e+02 2.300000e+01 1.500000e+01 1.989619e-01
322 3.542843e+02 2.830474e+02 2.300000e+01 1.500000e+01 1.879084e-01
323 3.553231e+02 2.843787e+02 2.300000e+01 1.500000e+01 1.695333e-01
324 3.565779e+02 2.851184e+02 2.300000e+01 1.500000e+01 1.624295e-01
325 3.544262e+02 2.876719e+02 2.300000e+01 1.500000e+01 1.382212e-01
326 3.549295e+02 2.914342e+02 2.300000e+01 1.500000e+01 1.234348e-01
327 3.526496e+02 2.940221e+02 2.300000e+01 1.500000e+01 1.055106e-01
328 3.535118e+02 2.972673e+02 2.300000e+01 1.500000e+01 1.005537e-01
329 3.527143e+02 3.005282e+02 2.300000e+01 1.500000e+01 7.798371e-02
330 3.515455e+02 3.017356e+02 2.300000e+01 1.500000e+01 6.470371e-02
331 3.499040e+02 3.057869e+02 2.300000e+01 1.500000e+01 5.477930e-02
332 3.445699e+02 3.086412e+02 2.300000e+01 1.500000e+01 4.186894e-02
333 3.373605e+02 3.140227e+02 2.300000e+01 1.500000e+01 3.522564e-02
334 3.282160e+02 3.243608e+02 2.300000e+01 1.500000e+01 2.789232e-02
335 3.147151e+02 3.292689e+02 2.300000e+01 1.500000e+01 1.627052e-02
336 3.020127e+02 3.207560e+02 2.300000e+01 1.500000e+01 1.191957e-02
337 2.823735e+02 3.236669e+02 2.300000e+01 1.500000e+01 8.401522e-03
338 2.812631e+02 3.343363e+02 2.300000e+01 1.500000e+01 7.160655e-03
339 2.792054e+02 3.510019e+02 2.300000e+01 1.500000e+01 6.508212e-03
340 2.734646e+02 3.711426e+02 2.300000e+01 1.500000e+01 6.559811e-03
341 2.974380e+02 3.904843e+02 2.300000e+01 1.500000e+01 8.931333e-03
342 2.892107e+02 3.935007e+02 2.300000e+01 1.500000e+01 1.248552e-02
iter 7: 2.899762e-01 2.448602e-01
iter 8
294 3.294346e+02 2.596425e+02 2.300000e+01 1.500000e+01 8.920252e-01
295 3.305808e+02 2.582067e+02 2.300000e+01 1.500000e+01 8.429983e-01
296 3.315731e+02 2.597489e+02 2.300000e+01 1.500000e+01 7.234978e-01
297 3.315992e+02 2.596248e+02 2.300000e+01 1.500000e+01 6.866410e-01
298 3.332829e+02 2.601273e+02 2.300000e+01 1.500000e+01 6.766067e-01
299 3.323075e+02 2.605662e+02 2.300000e+01 1.500000e+01 5.862592e-01
300 3.329630e+02 2.611389e+02 2.300000e+01 1.500000e+01 5.628682e-01
301 3.356445e+02 2.613170e+02 2.300000e+01 1.500000e+01 5.734578e-01
302 3.363730e+02 2.612583e+02 2.300000e+01 1.500000e+01 5.264296e-01
303 3.388890e+02 2.628103e+02 2.300000e+01 1.500000e+01 5.660950e-01
304 3.382491e+02 2.633179e+02 2.300000e+01 1.500000e+01 4.987462e-01
305 3.403325e+02 2.645089e+02 2.300000e+01 1.500000e+01 5.079160e-01
306 3.406485e+02 2.633369e+02 2.300000e+01 1.500000e+01 4.757712e-01
307 3.421096e+02 2.644112e+02 2.300000e+01 1.500000e+01 4.361487e-01
308 3.439653e+02 2.655684e+02 2.300000e+01 1.500000e+01 4.213290e-01
309 3.465142e+02 2.670523e+02 2.300000e+01 1.500000e+01 4.195184e-01
310 3.470055e+02 2.673470e+02 2.300000e+01 1.500000e+01 3.717151e-01
311 3.503895e+02 2.689923e+02 2.300000e+01 1.500000e+01 3.947370e-01
312 3.493400e+02 2.682412e+02 2.300000e+01 1.500000e+01 3.211572e-01
313 3.500428e+02 2.688244e+02 2.300000e+01 1.500000e+01 3.006760e-01
314 3.525535e+02 2.694440e+02 2.300000e+01 1.500000e+01 3.070304e-01
315 3.547724e+02 2.713821e+02 2.300000e+01 1.500000e+01 3.194445e-01
316 3.552860e+02 2.727437e+02 2.300000e+01 1.500000e+01 2.933672e-01
317 3.601823e+02 2.736338e+02 2.300000e+01 1.500000e+01 2.674421e-01
318 3.598284e+02 2.727449e+02 2.300000e+01 1.500000e+01 2.766639e-01
319 3.610421e+02 2.769328e+02 2.300000e+01 1.500000e+01 2.367881e-01
320 3.561756e+02 2.784264e+02 2.300000e+01 1.500000e+01 2.271232e-01
321 3.542633e+02 2.796213e+02 2.300000e+01 1.500000e+01 1.989619e-01
322 3.543149e+02 2.830458e+02 2.300000e+01 1.500000e+01 1.879084e-01
323 3.559359e+02 2.846084e+02 2.300000e+01 1.500000e+01 1.695333e-01
324 3.574483e+02 2.863088e+02 2.300000e+01 1.500000e+01 1.624295e-01
325 3.545194e+02 2.890038e+02 2.300000e+01 1.500000e+01 1.382212e-01
326 3.548479e+02 2.915815e+02 2.300000e+01 1.500000e+01 1.234348e-01
327 3.523004e+02 2.944600e+02 2.300000e+01 1.500000e+01 1.038838e-01
328 3.533265e+02 2.977156e+02 2.300000e+01 1.500000e+01 1.005537e-01
329 3.536728e+02 3.007618e+02 2.300000e+01 1.500000e+01 7.798371e-02
330 3.515323e+02 3.018670e+02 2.300000e+01 1.500000e+01 6.470371e-02
331 3.502593e+02 3.055191e+02 2.300000e+01 1.500000e+01 5.477930e-02
332 3.450447e+02 3.081362e+02 2.300000e+01 1.500000e+01 4.186894e-02
333 3.369810e+02 3.140781e+02 2.300000e+01 1.500000e+01 3.522564e-02
334 3.281312e+02 3.227651e+02 2.300000e+01 1.500000e+01 2.789232e-02
335 3.143027e+02 3.272470e+02 2.300000e+01 1.500000e+01 1.627052e-02
336 3.028854e+02 3.237062e+02 2.300000e+01 1.500000e+01 1.191957e-02
337 2.842157e+02 3.233100e+02 2.300000e+01 1.500000e+01 8.401522e-03
338 2.706229e+02 3.332617e+02 2.300000e+01 1.500000e+01 7.160655e-03
339 2.814212e+02 3.505558e+02 2.300000e+01 1.500000e+01 6.508212e-03
340 2.736737e+02 3.718092e+02 2.300000e+01 1.500000e+01 6.559811e-03
341 3.195733e+02 3.682412e+02 2.300000e+01 1.500000e+01 8.479532e-03
342 3.358378e+02 3.559659e+02 2.300000e+01 1.500000e+01 0.000000e+00
iter 8: 2.911252e-01 2.432163e-01
iter 9
294 3.289262e+02 2.593589e+02 2.300000e+01 1.500000e+01 8.880694e-01
295 3.298548e+02 2.588811e+02 2.300000e+01 1.500000e+01 8.146386e-01
296 3.312330e+02 2.590476e+02 2.300000e+01 1.500000e+01 7.125968e-01
297 3.314160e+02 2.597352e+02 2.300000e+01 1.500000e+01 6.805342e-01
298 3.331830e+02 2.604598e+02 2.300000e+01 1.500000e+01 6.735746e-01
299 3.319939e+02 2.607301e+02 2.300000e+01 1.500000e+01 5.767390e-01
300 3.335503e+02 2.608060e+02 2.300000e+01 1.500000e+01 5.794264e-01
301 3.355577e+02 2.606254e+02 2.300000e+01 1.500000e+01 5.710472e-01
302 3.366776e+02 2.618339e+02 2.300000e+01 1.500000e+01 5.339306e-01
303 3.387331e+02 2.633829e+02 2.300000e+01 1.500000e+01 5.620621e-01
304 3.382584e+02 2.629558e+02 2.300000e+01 1.500000e+01 4.989749e-01
305 3.403204e+02 2.652450e+02 2.300000e+01 1.500000e+01 5.076292e-01
306 3.407419e+02 2.640103e+02 2.300000e+01 1.500000e+01 4.779233e-01
307 3.420285e+02 2.644399e+02 2.300000e+01 1.500000e+01 4.344723e-01
308 3.438031e+02 2.654837e+02 2.300000e+01 1.500000e+01 4.182188e-01
309 3.458219e+02 2.669016e+02 2.300000e+01 1.500000e+01 4.066193e-01
310 3.466538e+02 2.673061e+02 2.300000e+01 1.500000e+01 3.657741e-01
311 3.500832e+02 2.691249e+02 2.300000e+01 1.500000e+01 3.947370e-01
312 3.487459e+02 2.687256e+02 2.300000e+01 1.500000e+01 3.117781e-01
313 3.501338e+02 2.693878e+02 2.300000e+01 1.500000e+01 3.021129e-01
314 3.526009e+02 2.697331e+02 2.300000e+01 1.500000e+01 3.077052e-01
315 3.548642e+02 2.709883e+02 2.300000e+01 1.500000e+01 3.194445e-01
316 3.556571e+02 2.723902e+02 2.300000e+01 1.500000e+01 2.933672e-01
317 3.587897e+02 2.737670e+02 2.300000e+01 1.500000e+01 2.674421e-01
318 3.572571e+02 2.735962e+02 2.300000e+01 1.500000e+01 2.766639e-01
319 3.580363e+02 2.764053e+02 2.300000e+01 1.500000e+01 2.367881e-01
320 3.560957e+02 2.789206e+02 2.300000e+01 1.500000e+01 2.271232e-01
321 3.542059e+02 2.795873e+02 2.300000e+01 1.500000e+01 1.989619e-01
322 3.543302e+02 2.832604e+02 2.300000e+01 1.500000e+01 1.879084e-01
323 3.547734e+02 2.846083e+02 2.300000e+01 1.500000e+01 1.695333e-01
324 3.579345e+02 2.860512e+02 2.300000e+01 1.500000e+01 1.624295e-01
325 3.553739e+02 2.887280e+02 2.300000e+01 1.500000e+01 1.382212e-01
326 3.553974e+02 2.913002e+02 2.300000e+01 1.500000e+01 1.234348e-01
327 3.526986e+02 2.944907e+02 2.300000e+01 1.500000e+01 1.057387e-01
328 3.530336e+02 2.966677e+02 2.300000e+01 1.500000e+01 1.005537e-01
329 3.528553e+02 2.997531e+02 2.300000e+01 1.500000e+01 7.798371e-02
330 3.511137e+02 3.011463e+02 2.300000e+01 1.500000e+01 6.470371e-02
331 3.501352e+02 3.055753e+02 2.300000e+01 1.500000e+01 5.477930e-02
332 3.455303e+02 3.085109e+02 2.300000e+01 1.500000e+01 4.186894e-02
333 3.373618e+02 3.139673e+02 2.300000e+01 1.500000e+01 3.522564e-02
334 3.278351e+02 3.231889e+02 2.300000e+01 1.500000e+01 2.789232e-02
335 3.150630e+02 3.279841e+02 2.300000e+01 1.500000e+01 1.627052e-02
336 2.994749e+02 3.251271e+02 2.300000e+01 1.500000e+01 1.191957e-02
337 2.840982e+02 3.231266e+02 2.300000e+01 1.500000e+01 8.401522e-03
338 2.848353e+02 3.333981e+02 2.300000e+01 1.500000e+01 7.160655e-03
339 2.817161e+02 3.518165e+02 2.300000e+01 1.500000e+01 6.508212e-03
340 2.742091e+02 3.717988e+02 2.300000e+01 1.500000e+01 6.559811e-03
341 2.988756e+02 3.906599e+02 2.300000e+01 1.500000e+01 8.931333e-03
342 2.890606e+02 3.930647e+02 2.300000e+01 1.500000e+01 1.248552e-02
iter 9: 2.899360e-01 2.406423e-01
iter 10
294 3.280091e+02 2.587746e+02 2.300000e+01 1.500000e+01 8.568877e-01
295 3.302490e+02 2.587520e+02 2.300000e+01 1.500000e+01 8.300393e-01
296 3.310317e+02 2.594008e+02 2.300000e+01 1.500000e+01 7.061454e-01
297 3.313546e+02 2.592959e+02 2.300000e+01 1.500000e+01 6.784870e-01
298 3.332961e+02 2.599786e+02 2.300000e+01 1.500000e+01 6.770072e-01
299 3.320114e+02 2.604970e+02 2.300000e+01 1.500000e+01 5.772688e-01
300 3.321982e+02 2.608590e+02 2.300000e+01 1.500000e+01 5.413030e-01
301 3.358673e+02 2.611558e+02 2.300000e+01 1.500000e+01 5.796481e-01
302 3.366445e+02 2.616800e+02 2.300000e+01 1.500000e+01 5.331147e-01
303 3.383632e+02 2.629415e+02 2.300000e+01 1.500000e+01 5.524967e-01
304 3.385277e+02 2.627977e+02 2.300000e+01 1.500000e+01 5.056076e-01
305 3.411103e+02 2.650798e+02 2.300000e+01 1.500000e+01 5.264369e-01
306 3.409767e+02 2.636729e+02 2.300000e+01 1.500000e+01 4.833335e-01
307 3.419828e+02 2.651707e+02 2.300000e+01 1.500000e+01 4.335294e-01
308 3.438704e+02 2.659855e+02 2.300000e+01 1.500000e+01 4.195085e-01
309 3.460219e+02 2.669153e+02 2.300000e+01 1.500000e+01 4.103455e-01
310 3.461635e+02 2.676249e+02 2.300000e+01 1.500000e+01 3.574914e-01
311 3.496741e+02 2.683666e+02 2.300000e+01 1.500000e+01 3.891429e-01
312 3.482692e+02 2.676181e+02 2.300000e+01 1.500000e+01 3.042506e-01
313 3.492726e+02 2.686215e+02 2.300000e+01 1.500000e+01 2.885150e-01
314 3.523428e+02 2.697023e+02 2.300000e+01 1.500000e+01 3.040283e-01
315 3.551713e+02 2.711939e+02 2.300000e+01 1.500000e+01 3.194445e-01
316 3.555575e+02 2.730508e+02 2.300000e+01 1.500000e+01 2.933672e-01
317 3.598196e+02 2.731744e+02 2.300000e+01 1.500000e+01 2.674421e-01
318 3.584468e+02 2.724210e+02 2.300000e+01 1.500000e+01 2.766639e-01
319 3.606739e+02 2.767181e+02 2.300000e+01 1.500000e+01 2.367881e-01
320 3.560231e+02 2.786158e+02 2.300000e+01 1.500000e+01 2.271232e-01
321 3.550063e+02 2.793976e+02 2.300000e+01 1.500000e+01 1.989619e-01
322 3.542550e+02 2.833396e+02 2.300000e+01 1.500000e+01 1.879084e-01
323 3.550477e+02 2.846382e+02 2.300000e+01 1.500000e+01 1.695333e-01
324 3.573226e+02 2.854497e+02 2.300000e+01 1.500000e+01 1.624295e-01
325 3.547239e+02 2.890583e+02 2.300000e+01 1.500000e+01 1.382212e-01
326 3.557175e+02 2.908692e+02 2.300000e+01 1.500000e+01 1.234348e-01
327 3.529446e+02 2.946362e+02 2.300000e+01 1.500000e+01 1.068850e-01
328 3.532047e+02 2.971025e+02 2.300000e+01 1.500000e+01 1.005537e-01
329 3.524224e+02 3.002970e+02 2.300000e+01 1.500000e+01 7.798371e-02
330 3.517090e+02 3.009580e+02 2.300000e+01 1.500000e+01 6.470371e-02
331 3.506252e+02 3.055638e+02 2.300000e+01 1.500000e+01 5.477930e-02
332 3.447583e+02 3.089045e+02 2.300000e+01 1.500000e+01 4.186894e-02
333 3.374044e+02 3.145521e+02 2.300000e+01 1.500000e+01 3.522564e-02
334 3.277113e+02 3.230445e+02 2.300000e+01 1.500000e+01 2.789232e-02
335 3.137963e+02 3.275242e+02 2.300000e+01 1.500000e+01 1.627052e-02
336 2.979838e+02 3.268224e+02 2.300000e+01 1.500000e+01 1.191957e-02
337 2.851751e+02 3.235798e+02 2.300000e+01 1.500000e+01 8.401522e-03
338 2.835706e+02 3.341181e+02 2.300000e+01 1.500000e+01 7.160655e-03
339 2.822152e+02 3.511799e+02 2.300000e+01 1.500000e+01 6.508212e-03
340 2.759343e+02 3.703738e+02 2.300000e+01 1.500000e+01 6.559811e-03
341 2.855028e+02 3.893751e+02 2.300000e+01 1.500000e+01 8.931333e-03
342 2.866703e+02 3.947481e+02 2.300000e+01 1.500000e+01 1.248552e-02
iter 10: 2.886538e-01 2.391874e-01
iter 11
294 3.303078e+02 2.594934e+02 2.300000e+01 1.500000e+01 9.380060e-01
295 3.301714e+02 2.586164e+02 2.300000e+01 1.500000e+01 8.270079e-01
296 3.325190e+02 2.597441e+02 2.300000e+01 1.500000e+01 7.371793e-01
297 3.318194e+02 2.594194e+02 2.300000e+01 1.500000e+01 6.939817e-01
298 3.323827e+02 2.607226e+02 2.300000e+01 1.500000e+01 6.492737e-01
299 3.321150e+02 2.610387e+02 2.300000e+01 1.500000e+01 5.804152e-01
300 3.332550e+02 2.605759e+02 2.300000e+01 1.500000e+01 5.710997e-01
301 3.363095e+02 2.601266e+02 2.300000e+01 1.500000e+01 5.919306e-01
302 3.366250e+02 2.619103e+02 2.300000e+01 1.500000e+01 5.326366e-01
303 3.383785e+02 2.631426e+02 2.300000e+01 1.500000e+01 5.528928e-01
304 3.381364e+02 2.626359e+02 2.300000e+01 1.500000e+01 4.959694e-01
305 3.400320e+02 2.646346e+02 2.300000e+01 1.500000e+01 5.007623e-01
306 3.408328e+02 2.640949e+02 2.300000e+01 1.500000e+01 4.800197e-01
307 3.416826e+02 2.642053e+02 2.300000e+01 1.500000e+01 4.273255e-01
308 3.445857e+02 2.656361e+02 2.300000e+01 1.500000e+01 4.332293e-01
309 3.458005e+02 2.661463e+02 2.300000e+01 1.500000e+01 4.062210e-01
310 3.455239e+02 2.671658e+02 2.300000e+01 1.500000e+01 3.466873e-01
311 3.497668e+02 2.691922e+02 2.300000e+01 1.500000e+01 3.907341e-01
312 3.485436e+02 2.681052e+02 2.300000e+01 1.500000e+01 3.085829e-01
313 3.495902e+02 2.694497e+02 2.300000e+01 1.500000e+01 2.935291e-01
314 3.523337e+02 2.697565e+02 2.300000e+01 1.500000e+01 3.038988e-01
315 3.548782e+02 2.709374e+02 2.300000e+01 1.500000e+01 3.194445e-01
316 3.556855e+02 2.727376e+02 2.300000e+01 1.500000e+01 2.933672e-01
317 3.599345e+02 2.740117e+02 2.300000e+01 1.500000e+01 2.674421e-01
318 3.588693e+02 2.720826e+02 2.300000e+01 1.500000e+01 2.766639e-01
319 3.593871e+02 2.765695e+02 2.300000e+01 1.500000e+01 2.367881e-01
320 3.561869e+02 2.785402e+02 2.300000e+01 1.500000e+01 2.271232e-01
321 3.549467e+02 2.795791e+02 2.300000e+01 1.500000e+01 1.989619e-01
322 3.539851e+02 2.827888e+02 2.300000e+01 1.500000e+01 1.879084e-01
323 3.546977e+02 2.838615e+02 2.300000e+01 1.500000e+01 1.695333e-01
324 3.577001e+02 2.857649e+02 2.300000e+01 1.500000e+01 1.624295e-01
325 3.556507e+02 2.886546e+02 2.300000e+01 1.500000e+01 1.382212e-01
326 3.564215e+02 2.910070e+02 2.300000e+01 1.500000e+01 1.234348e-01
327 3.526542e+02 2.947200e+02 2.300000e+01 1.500000e+01 1.055322e-01
328 3.534096e+02 2.975702e+02 2.300000e+01 1.500000e+01 1.005537e-01
329 3.529869e+02 3.002284e+02 2.300000e+01 1.500000e+01 7.798371e-02
330 3.513622e+02 3.016355e+02 2.300000e+01 1.500000e+01 6.470371e-02
331 3.497628e+02 3.058694e+02 2.300000e+01 1.500000e+01 5.477930e-02
332 3.452097e+02 3.087568e+02 2.300000e+01 1.500000e+01 4.186894e-02
333 3.370992e+02 3.142407e+02 2.300000e+01 1.500000e+01 3.522564e-02
334 3.287349e+02 3.235767e+02 2.300000e+01 1.500000e+01 2.789232e-02
335 3.144728e+02 3.295525e+02 2.300000e+01 1.500000e+01 1.627052e-02
336 3.022783e+02 3.235272e+02 2.300000e+01 1.500000e+01 1.191957e-02
337 2.836871e+02 3.229549e+02 2.300000e+01 1.500000e+01 8.401522e-03
338 2.806135e+02 3.339402e+02 2.300000e+01 1.500000e+01 7.160655e-03
339 2.850267e+02 3.511608e+02 2.300000e+01 1.500000e+01 6.508212e-03
340 2.754191e+02 3.719747e+02 2.300000e+01 1.500000e+01 6.559811e-03
341 2.955113e+02 3.892894e+02 2.300000e+01 1.500000e+01 8.931333e-03
342 2.885524e+02 3.928934e+02 2.300000e+01 1.500000e+01 1.248552e-02
iter 11: 2.908057e-01 2.443563e-01
iter 12
294 3.292692e+02 2.581166e+02 2.300000e+01 1.500000e+01 8.702880e-01
295 3.299002e+02 2.579123e+02 2.300000e+01 1.500000e+01 8.116377e-01
296 3.318472e+02 2.594210e+02 2.300000e+01 1.500000e+01 7.322815e-01
297 3.312461e+02 2.596457e+02 2.300000e+01 1.500000e+01 6.748697e-01
298 3.332773e+02 2.606751e+02 2.300000e+01 1.500000e+01 6.764353e-01
299 3.322825e+02 2.610689e+02 2.300000e+01 1.500000e+01 5.855008e-01
300 3.325929e+02 2.606538e+02 2.300000e+01 1.500000e+01 5.524317e-01
301 3.353897e+02 2.602781e+02 2.300000e+01 1.500000e+01 5.663791e-01
302 3.362269e+02 2.619283e+02 2.300000e+01 1.500000e+01 5.228309e-01
303 3.381687e+02 2.631287e+02 2.300000e+01 1.500000e+01 5.474663e-01
304 3.385369e+02 2.626223e+02 2.300000e+01 1.500000e+01 5.058362e-01
305 3.404478e+02 2.649053e+02 2.300000e+01 1.500000e+01 5.106628e-01
306 3.412680e+02 2.641279e+02 2.300000e+01 1.500000e+01 4.900472e-01
307 3.415122e+02 2.640145e+02 2.300000e+01 1.500000e+01 4.238063e-01
308 3.435365e+02 2.654803e+02 2.300000e+01 1.500000e+01 4.131037e-01
309 3.461106e+02 2.665792e+02 2.300000e+01 1.500000e+01 4.119996e-01
310 3.462208e+02 2.670709e+02 2.300000e+01 1.500000e+01 3.584585e-01
311 3.499298e+02 2.688355e+02 2.300000e+01 1.500000e+01 3.935325e-01
312 3.490267e+02 2.678978e+02 2.300000e+01 1.500000e+01 3.162112e-01
313 3.491746e+02 2.690956e+02 2.300000e+01 1.500000e+01 2.869675e-01
314 3.524824e+02 2.701898e+02 2.300000e+01 1.500000e+01 3.060173e-01
315 3.551130e+02 2.703712e+02 2.300000e+01 1.500000e+01 3.194445e-01
316 3.560585e+02 2.722798e+02 2.300000e+01 1.500000e+01 2.933672e-01
317 3.612189e+02 2.740755e+02 2.300000e+01 1.500000e+01 2.674421e-01
318 3.588408e+02 2.726443e+02 2.300000e+01 1.500000e+01 2.766639e-01
319 3.609850e+02 2.772251e+02 2.300000e+01 1.500000e+01 2.367881e-01
320 3.559559e+02 2.785826e+02 2.300000e+01 1.500000e+01 2.271232e-01
321 3.549554e+02 2.794115e+02 2.300000e+01 1.500000e+01 1.989619e-01
322 3.549789e+02 2.830154e+02 2.300000e+01 1.500000e+01 1.879084e-01
323 3.555168e+02 2.840419e+02 2.300000e+01 1.500000e+01 1.695333e-01
324 3.578833e+02 2.859237e+02 2.300000e+01 1.500000e+01 1.624295e-01
325 3.551433e+02 2.888647e+02 2.300000e+01 1.500000e+01 1.382212e-01
326 3.550948e+02 2.914715e+02 2.300000e+01 1.500000e+01 1.234348e-01
327 3.526286e+02 2.948826e+02 2.300000e+01 1.500000e+01 1.054126e-01
328 3.532776e+02 2.972002e+02 2.300000e+01 1.500000e+01 1.005537e-01
329 3.526692e+02 3.011306e+02 2.300000e+01 1.500000e+01 7.798371e-02
330 3.516443e+02 3.011893e+02 2.300000e+01 1.500000e+01 6.470371e-02
331 3.498808e+02 3.056415e+02 2.300000e+01 1.500000e+01 5.477930e-02
332 3.445014e+02 3.085696e+02 2.300000e+01 1.500000e+01 4.186894e-02
333 3.373215e+02 3.137999e+02 2.300000e+01 1.500000e+01 3.522564e-02
334 3.283439e+02 3.227738e+02 2.300000e+01 1.500000e+01 2.789232e-02
335 3.142411e+02 3.279845e+02 2.300000e+01 1.500000e+01 1.627052e-02
336 2.989792e+02 3.281767e+02 2.300000e+01 1.500000e+01 1.191957e-02
337 2.831768e+02 3.233557e+02 2.300000e+01 1.500000e+01 8.401522e-03
338 2.778040e+02 3.337830e+02 2.300000e+01 1.500000e+01 7.160655e-03
339 2.784914e+02 3.514917e+02 2.300000e+01 1.500000e+01 6.508212e-03
340 2.755868e+02 3.704165e+02 2.300000e+01 1.500000e+01 6.559811e-03
341 2.939014e+02 3.903490e+02 2.300000e+01 1.500000e+01 8.931333e-03
342 2.891839e+02 3.935266e+02 2.300000e+01 1.500000e+01 1.248552e-02
iter 12: 2.886681e-01 2.393689e-01
iter 13
294 3.285354e+02 2.585873e+02 2.300000e+01 1.500000e+01 8.682745e-01
295 3.289596e+02 2.586140e+02 2.300000e+01 1.500000e+01 7.796712e-01
296 3.314001e+02 2.589273e+02 2.300000e+01 1.500000e+01 7.179521e-01
297 3.317876e+02 2.596244e+02 2.300000e+01 1.500000e+01 6.929194e-01
298 3.331971e+02 2.604685e+02 2.300000e+01 1.500000e+01 6.740000e-01
299 3.320944e+02 2.606123e+02 2.300000e+01 1.500000e+01 5.797887e-01
300 3.330867e+02 2.604039e+02 2.300000e+01 1.500000e+01 5.663556e-01
301 3.356328e+02 2.606350e+02 2.300000e+01 1.500000e+01 5.731337e-01
302 3.370264e+02 2.611970e+02 2.300000e+01 1.500000e+01 5.425231e-01
303 3.388697e+02 2.631861e+02 2.300000e+01 1.500000e+01 5.655970e-01
304 3.381169e+02 2.631513e+02 2.300000e+01 1.500000e+01 4.954906e-01
305 3.403539e+02 2.644455e+02 2.300000e+01 1.500000e+01 5.084264e-01
306 3.407513e+02 2.635860e+02 2.300000e+01 1.500000e+01 4.781412e-01
307 3.413724e+02 2.647192e+02 2.300000e+01 1.500000e+01 4.209176e-01
308 3.432697e+02 2.660802e+02 2.300000e+01 1.500000e+01 4.079873e-01
309 3.458076e+02 2.667294e+02 2.300000e+01 1.500000e+01 4.063528e-01
310 3.467641e+02 2.667099e+02 2.300000e+01 1.500000e+01 3.676366e-01
311 3.504398e+02 2.690551e+02 2.300000e+01 1.500000e+01 3.947370e-01
312 3.489327e+02 2.689318e+02 2.300000e+01 1.500000e+01 3.147267e-01
313 3.500541e+02 2.692848e+02 2.300000e+01 1.500000e+01 3.008547e-01
314 3.524028e+02 2.695563e+02 2.300000e+01 1.500000e+01 3.048829e-01
315 3.544845e+02 2.700539e+02 2.300000e+01 1.500000e+01 3.194445e-01
316 3.548218e+02 2.728746e+02 2.300000e+01 1.500000e+01 2.933672e-01
317 3.574397e+02 2.738151e+02 2.300000e+01 1.500000e+01 2.674421e-01
318 3.577757e+02 2.734452e+02 2.300000e+01 1.500000e+01 2.766639e-01
319 3.602880e+02 2.775263e+02 2.300000e+01 1.500000e+01 2.367881e-01
320 3.558569e+02 2.784757e+02 2.300000e+01 1.500000e+01 2.271232e-01
321 3.547281e+02 2.798921e+02 2.300000e+01 1.500000e+01 1.989619e-01
322 3.540804e+02 2.837606e+02 2.300000e+01 1.500000e+01 1.879084e-01
323 3.549919e+02 2.850310e+02 2.300000e+01 1.500000e+01 1.695333e-01
324 3.577019e+02 2.854666e+02 2.300000e+01 1.500000e+01 1.624295e-01
325 3.546525e+02 2.884490e+02 2.300000e+01 1.500000e+01 1.382212e-01
326 3.553421e+02 2.916128e+02 2.300000e+01 1.500000e+01 1.234348e-01
327 3.530144e+02 2.944218e+02 2.300000e+01 1.500000e+01 1.071428e-01
328 3.528076e+02 2.977782e+02 2.300000e+01 1.500000e+01 1.005537e-01
329 3.527316e+02 3.008892e+02 2.300000e+01 1.500000e+01 7.798371e-02
330 3.517032e+02 3.011760e+02 2.300000e+01 1.500000e+01 6.470371e-02
331 3.497574e+02 3.056536e+02 2.300000e+01 1.500000e+01 5.477930e-02
332 3.456138e+02 3.081057e+02 2.300000e+01 1.500000e+01 4.186894e-02
333 3.375825e+02 3.138483e+02 2.300000e+01 1.500000e+01 3.522564e-02
334 3.279916e+02 3.233116e+02 2.300000e+01 1.500000e+01 2.789232e-02
335 3.135398e+02 3.279491e+02 2.300000e+01 1.500000e+01 1.627052e-02
336 3.004795e+02 3.239021e+02 2.300000e+01 1.500000e+01 1.191957e-02
337 2.852744e+02 3.229358e+02 2.300000e+01 1.500000e+01 8.401522e-03
338 2.865416e+02 3.344539e+02 2.300000e+01 1.500000e+01 7.160655e-03
339 2.837737e+02 3.515089e+02 2.300000e+01 1.500000e+01 6.508212e-03
340 2.710863e+02 3.706124e+02 2.300000e+01 1.500000e+01 6.559811e-03
341 2.845845e+02 3.925721e+02 2.300000e+01 1.500000e+01 8.931333e-03
342 2.856101e+02 3.960475e+02 2.300000e+01 1.500000e+01 1.248552e-02
iter 13: 2.887770e-01 2.385162e-01
iter 14
294 3.304953e+02 2.570061e+02 2.300000e+01 1.500000e+01 8.480509e-01
295 3.299687e+02 2.576157e+02 2.300000e+01 1.500000e+01 7.981052e-01
296 3.314122e+02 2.595357e+02 2.300000e+01 1.500000e+01 7.183382e-01
297 3.317506e+02 2.595389e+02 2.300000e+01 1.500000e+01 6.916878e-01
298 3.334921e+02 2.601915e+02 2.300000e+01 1.500000e+01 6.829587e-01
299 3.318056e+02 2.608528e+02 2.300000e+01 1.500000e+01 5.710206e-01
300 3.328093e+02 2.605199e+02 2.300000e+01 1.500000e+01 5.585338e-01
301 3.359368e+02 2.607344e+02 2.300000e+01 1.500000e+01 5.815780e-01
302 3.370033e+02 2.612687e+02 2.300000e+01 1.500000e+01 5.419535e-01
303 3.389678e+02 2.634384e+02 2.300000e+01 1.500000e+01 5.681338e-01
304 3.381397e+02 2.632836e+02 2.300000e+01 1.500000e+01 4.960521e-01
305 3.397436e+02 2.648055e+02 2.300000e+01 1.500000e+01 4.938964e-01
306 3.410033e+02 2.633915e+02 2.300000e+01 1.500000e+01 4.839465e-01
307 3.421187e+02 2.649560e+02 2.300000e+01 1.500000e+01 4.363359e-01
308 3.437301e+02 2.654822e+02 2.300000e+01 1.500000e+01 4.168185e-01
309 3.466524e+02 2.668019e+02 2.300000e+01 1.500000e+01 4.220944e-01
310 3.464192e+02 2.674228e+02 2.300000e+01 1.500000e+01 3.618111e-01
311 3.503065e+02 2.691695e+02 2.300000e+01 1.500000e+01 3.947370e-01
312 3.499378e+02 2.686893e+02 2.300000e+01 1.500000e+01 3.305967e-01
313 3.500759e+02 2.692465e+02 2.300000e+01 1.500000e+01 3.011980e-01
314 3.526705e+02 2.699855e+02 2.300000e+01 1.500000e+01 3.086965e-01
315 3.552870e+02 2.708529e+02 2.300000e+01 1.500000e+01 3.194445e-01
316 3.568238e+02 2.727775e+02 2.300000e+01 1.500000e+01 2.933672e-01
317 3.624795e+02 2.739869e+02 2.300000e+01 1.500000e+01 2.674421e-01
318 3.596515e+02 2.735601e+02 2.300000e+01 1.500000e+01 2.766639e-01
319 3.610961e+02 2.762370e+02 2.300000e+01 1.500000e+01 2.367881e-01
320 3.559874e+02 2.783438e+02 2.300000e+01 1.500000e+01 2.271232e-01
321 3.545420e+02 2.798963e+02 2.300000e+01 1.500000e+01 1.989619e-01
322 3.542880e+02 2.837013e+02 2.300000e+01 1.500000e+01 1.879084e-01
323 3.553592e+02 2.844030e+02 2.300000e+01 1.500000e+01 1.695333e-01
324 3.562867e+02 2.859739e+02 2.300000e+01 1.500000e+01 1.624295e-01
325 3.537123e+02 2.886709e+02 2.300000e+01 1.500000e+01 1.382212e-01
326 3.542842e+02 2.912188e+02 2.300000e+01 1.500000e+01 1.234348e-01
327 3.528628e+02 2.943821e+02 2.300000e+01 1.500000e+01 1.065039e-01
328 3.533607e+02 2.972935e+02 2.300000e+01 1.500000e+01 1.005537e-01
329 3.524168e+02 3.005443e+02 2.300000e+01 1.500000e+01 7.798371e-02
330 3.512632e+02 3.014703e+02 2.300000e+01 1.500000e+01 6.470371e-02
331 3.498676e+02 3.057882e+02 2.300000e+01 1.500000e+01 5.477930e-02
332 3.449759e+02 3.082673e+02 2.300000e+01 1.500000e+01 4.186894e-02
333 3.369738e+02 3.136903e+02 2.300000e+01 1.500000e+01 3.522564e-02
334 3.281251e+02 3.238013e+02 2.300000e+01 1.500000e+01 2.789232e-02
335 3.154677e+02 3.317683e+02 2.300000e+01 1.500000e+01 1.627052e-02
336 2.984854e+02 3.289088e+02 2.300000e+01 1.500000e+01 1.191957e-02
337 2.859848e+02 3.239782e+02 2.300000e+01 1.500000e+01 8.401522e-03
338 2.764584e+02 3.348076e+02 2.300000e+01 1.500000e+01 7.160655e-03
339 2.824747e+02 3.508781e+02 2.300000e+01 1.500000e+01 6.508212e-03
340 2.764769e+02 3.722958e+02 2.300000e+01 1.500000e+01 6.559811e-03
341 3.157992e+02 3.619999e+02 2.300000e+01 1.500000e+01 4.763327e-03
342 3.234246e+02 3.519451e+02 2.300000e+01 1.500000e+01 0.000000e+00
iter 14: 2.893665e-01 2.391619e-01
iter 15
294 3.300381e+02 2.590434e+02 2.300000e+01 1.500000e+01 9.554061e-01
295 3.306514e+02 2.581034e+02 2.300000e+01 1.500000e+01 8.457571e-01
296 3.313544e+02 2.591769e+02 2.300000e+01 1.500000e+01 7.164870e-01
297 3.309474e+02 2.597251e+02 2.300000e+01 1.500000e+01 6.649118e-01
298 3.325515e+02 2.603494e+02 2.300000e+01 1.500000e+01 6.543976e-01
299 3.323584e+02 2.602997e+02 2.300000e+01 1.500000e+01 5.878055e-01
300 3.332317e+02 2.609970e+02 2.300000e+01 1.500000e+01 5.704437e-01
301 3.358952e+02 2.602425e+02 2.300000e+01 1.500000e+01 5.804207e-01
302 3.374998e+02 2.617497e+02 2.300000e+01 1.500000e+01 5.541816e-01
303 3.385738e+02 2.633506e+02 2.300000e+01 1.500000e+01 5.579439e-01
304 3.384430e+02 2.627335e+02 2.300000e+01 1.500000e+01 5.035230e-01
305 3.401784e+02 2.648353e+02 2.300000e+01 1.500000e+01 5.042474e-01
306 3.407075e+02 2.635553e+02 2.300000e+01 1.500000e+01 4.771324e-01
307 3.424709e+02 2.641602e+02 2.300000e+01 1.500000e+01 4.436140e-01
308 3.438774e+02 2.652733e+02 2.300000e+01 1.500000e+01 4.196435e-01
309 3.466521e+02 2.666965e+02 2.300000e+01 1.500000e+01 4.220889e-01
310 3.462335e+02 2.678527e+02 2.300000e+01 1.500000e+01 3.586736e-01
311 3.497128e+02 2.695399e+02 2.300000e+01 1.500000e+01 3.898087e-01
312 3.489843e+02 2.683338e+02 2.300000e+01 1.500000e+01 3.155409e-01
313 3.488592e+02 2.688601e+02 2.300000e+01 1.500000e+01 2.819880e-01
314 3.520600e+02 2.692484e+02 2.300000e+01 1.500000e+01 3.000003e-01
315 3.542742e+02 2.704539e+02 2.300000e+01 1.500000e+01 3.194445e-01
316 3.555255e+02 2.728658e+02 2.300000e+01 1.500000e+01 2.933672e-01
317 3.590276e+02 2.737640e+02 2.300000e+01 1.500000e+01 2.674421e-01
318 3.569869e+02 2.729865e+02 2.300000e+01 1.500000e+01 2.766639e-01
319 3.590141e+02 2.766718e+02 2.300000e+01 1.500000e+01 2.367881e-01
320 3.549363e+02 2.792885e+02 2.300000e+01 1.500000e+01 2.271232e-01
321 3.542247e+02 2.800317e+02 2.300000e+01 1.500000e+01 1.989619e-01
322 3.545313e+02 2.832196e+02 2.300000e+01 1.500000e+01 1.879084e-01
323 3.552234e+02 2.843541e+02 2.300000e+01 1.500000e+01 1.695333e-01
324 3.571340e+02 2.858784e+02 2.300000e+01 1.500000e+01 1.624295e-01
325 3.544815e+02 2.885717e+02 2.300000e+01 1.500000e+01 1.382212e-01
326 3.545900e+02 2.914793e+02 2.300000e+01 1.500000e+01 1.234348e-01
327 3.524023e+02 2.942207e+02 2.300000e+01 1.500000e+01 1.043586e-01
328 3.533988e+02 2.969867e+02 2.300000e+01 1.500000e+01 1.005537e-01
329 3.529335e+02 3.007793e+02 2.300000e+01 1.500000e+01 7.798371e-02
330 3.512729e+02 3.014206e+02 2.300000e+01 1.500000e+01 6.470371e-02
331 3.501489e+02 3.060866e+02 2.300000e+01 1.500000e+01 5.477930e-02
332 3.445341e+02 3.082974e+02 2.300000e+01 1.500000e+01 4.186894e-02
333 3.377556e+02 3.143904e+02 2.300000e+01 1.500000e+01 3.522564e-02
334 3.283760e+02 3.241039e+02 2.300000e+01 1.500000e+01 2.789232e-02
335 3.146862e+02 3.284271e+02 2.300000e+01 1.500000e+01 1.627052e-02
336 2.994684e+02 3.272770e+02 2.300000e+01 1.500000e+01 1.191957e-02
337 2.874170e+02 3.242334e+02 2.300000e+01 1.500000e+01 8.401522e-03
338 2.937749e+02 3.353410e+02 2.300000e+01 1.500000e+01 7.160655e-03
339 2.919399e+02 3.509914e+02 2.300000e+01 1.500000e+01 6.508212e-03
340 2.878715e+02 3.692386e+02 2.300000e+01 1.500000e+01 6.559811e-03
341 3.155890e+02 3.712528e+02 2.300000e+01 1.500000e+01 8.931333e-03
342 3.254096e+02 3.524683e+02 2.300000e+01 1.500000e+01 0.000000e+00
iter 15: 2.913970e-01 2.457995e-01
iter 16
294 3.304205e+02 2.597922e+02 2.300000e+01 1.500000e+01 9.233222e-01
295 3.300761e+02 2.579081e+02 2.300000e+01 1.500000e+01 8.182434e-01
296 3.317679e+02 2.593245e+02 2.300000e+01 1.500000e+01 7.297417e-01
297 3.311786e+02 2.598957e+02 2.300000e+01 1.500000e+01 6.726212e-01
298 3.326584e+02 2.607104e+02 2.300000e+01 1.500000e+01 6.576429e-01
299 3.317801e+02 2.611392e+02 2.300000e+01 1.500000e+01 5.702465e-01
300 3.328606e+02 2.604815e+02 2.300000e+01 1.500000e+01 5.599786e-01
301 3.355254e+02 2.604583e+02 2.300000e+01 1.500000e+01 5.701489e-01
302 3.368327e+02 2.615895e+02 2.300000e+01 1.500000e+01 5.377513e-01
303 3.386044e+02 2.633274e+02 2.300000e+01 1.500000e+01 5.587346e-01
304 3.377106e+02 2.628917e+02 2.300000e+01 1.500000e+01 4.854826e-01
305 3.401058e+02 2.651373e+02 2.300000e+01 1.500000e+01 5.025196e-01
306 3.405380e+02 2.639761e+02 2.300000e+01 1.500000e+01 4.732250e-01
307 3.419300e+02 2.650644e+02 2.300000e+01 1.500000e+01 4.324370e-01
308 3.435257e+02 2.657403e+02 2.300000e+01 1.500000e+01 4.128968e-01
309 3.464586e+02 2.668025e+02 2.300000e+01 1.500000e+01 4.184824e-01
310 3.468527e+02 2.668575e+02 2.300000e+01 1.500000e+01 3.691332e-01
311 3.501375e+02 2.693676e+02 2.300000e+01 1.500000e+01 3.947370e-01
312 3.490064e+02 2.685885e+02 2.300000e+01 1.500000e+01 3.158901e-01
313 3.503625e+02 2.694573e+02 2.300000e+01 1.500000e+01 3.057237e-01
314 3.532277e+02 2.696038e+02 2.300000e+01 1.500000e+01 3.166337e-01
315 3.551363e+02 2.711854e+02 2.300000e+01 1.500000e+01 3.194445e-01
316 3.561516e+02 2.731431e+02 2.300000e+01 1.500000e+01 2.933672e-01
317 3.600745e+02 2.743266e+02 2.300000e+01 1.500000e+01 2.674421e-01
318 3.581790e+02 2.727211e+02 2.300000e+01 1.500000e+01 2.766639e-01
319 3.622241e+02 2.770126e+02 2.300000e+01 1.500000e+01 2.367881e-01
320 3.573882e+02 2.790069e+02 2.300000e+01 1.500000e+01 2.271232e-01
321 3.549385e+02 2.792184e+02 2.300000e+01 1.500000e+01 1.989619e-01
322 3.546930e+02 2.831772e+02 2.300000e+01 1.500000e+01 1.879084e-01
323 3.552313e+02 2.843526e+02 2.300000e+01 1.500000e+01 1.695333e-01
324 3.571333e+02 2.858299e+02 2.300000e+01 1.500000e+01 1.624295e-01
325 3.547382e+02 2.888326e+02 2.300000e+01 1.500000e+01 1.382212e-01
326 3.552944e+02 2.912940e+02 2.300000e+01 1.500000e+01 1.234348e-01
327 3.529313e+02 2.941306e+02 2.300000e+01 1.500000e+01 1.068228e-01
328 3.537994e+02 2.976991e+02 2.300000e+01 1.500000e+01 1.005537e-01
329 3.528465e+02 3.010086e+02 2.300000e+01 1.500000e+01 7.798371e-02
330 3.514973e+02 3.016866e+02 2.300000e+01 1.500000e+01 6.470371e-02
331 3.504723e+02 3.056099e+02 2.300000e+01 1.500000e+01 5.477930e-02
332 3.447101e+02 3.089210e+02 2.300000e+01 1.500000e+01 4.186894e-02
333 3.371079e+02 3.139236e+02 2.300000e+01 1.500000e+01 3.522564e-02
334 3.279473e+02 3.228900e+02 2.300000e+01 1.500000e+01 2.789232e-02
335 3.146960e+02 3.272649e+02 2.300000e+01 1.500000e+01 1.627052e-02
336 3.005822e+02 3.228624e+02 2.300000e+01 1.500000e+01 1.191957e-02
337 2.843395e+02 3.230769e+02 2.300000e+01 1.500000e+01 8.401522e-03
338 2.815645e+02 3.336735e+02 2.300000e+01 1.500000e+01 7.160655e-03
339 2.825172e+02 3.520848e+02 2.300000e+01 1.500000e+01 6.508212e-03
340 2.741036e+02 3.714769e+02 2.300000e+01 1.500000e+01 6.559811e-03
341 3.104458e+02 3.516549e+02 2.300000e+01 1.500000e+01 0.000000e+00
342 3.137343e+02 3.498464e+02 2.300000e+01 1.500000e+01 0.000000e+00
iter 16: 2.896645e-01 2.420588e-01
iter 17
294 3.296406e+02 2.581952e+02 2.300000e+01 1.500000e+01 8.904150e-01
295 3.300473e+02 2.582820e+02 2.300000e+01 1.500000e+01 8.221599e-01
296 3.315510e+02 2.594896e+02 2.300000e+01 1.500000e+01 7.227875e-01
297 3.310875e+02 2.591921e+02 2.300000e+01 1.500000e+01 6.695826e-01
298 3.329647e+02 2.606108e+02 2.300000e+01 1.500000e+01 6.669435e-01
299 3.321653e+02 2.610809e+02 2.300000e+01 1.500000e+01 5.819433e-01
300 3.327264e+02 2.604930e+02 2.300000e+01 1.500000e+01 5.561966e-01
301 3.353195e+02 2.605005e+02 2.300000e+01 1.500000e+01 5.644292e-01
302 3.360708e+02 2.619009e+02 2.300000e+01 1.500000e+01 5.189843e-01
303 3.385052e+02 2.634506e+02 2.300000e+01 1.500000e+01 5.561687e-01
304 3.382627e+02 2.626703e+02 2.300000e+01 1.500000e+01 4.990820e-01
305 3.408673e+02 2.649775e+02 2.300000e+01 1.500000e+01 5.206507e-01
306 3.413179e+02 2.639150e+02 2.300000e+01 1.500000e+01 4.911964e-01
307 3.413255e+02 2.641774e+02 2.300000e+01 1.500000e+01 4.199488e-01
308 3.438567e+02 2.653251e+02 2.300000e+01 1.500000e+01 4.192452e-01
309 3.461758e+02 2.666571e+02 2.300000e+01 1.500000e+01 4.132137e-01
310 3.462597e+02 2.676064e+02 2.300000e+01 1.500000e+01 3.591172e-01
311 3.500373e+02 2.692467e+02 2.300000e+01 1.500000e+01 3.947370e-01
312 3.488538e+02 2.689299e+02 2.300000e+01 1.500000e+01 3.134811e-01
313 3.492277e+02 2.694349e+02 2.300000e+01 1.500000e+01 2.878051e-01
314 3.523574e+02 2.696982e+02 2.300000e+01 1.500000e+01 3.042359e-01
315 3.544943e+02 2.704269e+02 2.300000e+01 1.500000e+01 3.194445e-01
316 3.561025e+02 2.730335e+02 2.300000e+01 1.500000e+01 2.933672e-01
317 3.619612e+02 2.732040e+02 2.300000e+01 1.500000e+01 2.674421e-01
318 3.597624e+02 2.731441e+02 2.300000e+01 1.500000e+01 2.766639e-01
319 3.609046e+02 2.771410e+02 2.300000e+01 1.500000e+01 2.367881e-01
320 3.557212e+02 2.785486e+02 2.300000e+01 1.500000e+01 2.271232e-01
321 3.550456e+02 2.799339e+02 2.300000e+01 1.500000e+01 1.989619e-01
322 3.543095e+02 2.837091e+02 2.300000e+01 1.500000e+01 1.879084e-01
323 3.555025e+02 2.843422e+02 2.300000e+01 1.500000e+01 1.695333e-01
324 3.573688e+02 2.855415e+02 2.300000e+01 1.500000e+01 1.624295e-01
325 3.548658e+02 2.882378e+02 2.300000e+01 1.500000e+01 1.382212e-01
326 3.555127e+02 2.910379e+02 2.300000e+01 1.500000e+01 1.234348e-01
327 3.527230e+02 2.945318e+02 2.300000e+01 1.500000e+01 1.058524e-01
328 3.532535e+02 2.973233e+02 2.300000e+01 1.500000e+01 1.005537e-01
329 3.526143e+02 3.004981e+02 2.300000e+01 1.500000e+01 7.798371e-02
330 3.511825e+02 3.015075e+02 2.300000e+01 1.500000e+01 6.470371e-02
331 3.501161e+02 3.054444e+02 2.300000e+01 1.500000e+01 5.477930e-02
332 3.452100e+02 3.087680e+02 2.300000e+01 1.500000e+01 4.186894e-02
333 3.375440e+02 3.143101e+02 2.300000e+01 1.500000e+01 3.522564e-02
334 3.282031e+02 3.227299e+02 2.300000e+01 1.500000e+01 2.789232e-02
335 3.144548e+02 3.286790e+02 2.300000e+01 1.500000e+01 1.627052e-02
336 2.994528e+02 3.284834e+02 2.300000e+01 1.500000e+01 1.191957e-02
337 2.850945e+02 3.233864e+02 2.300000e+01 1.500000e+01 8.401522e-03
338 2.847820e+02 3.345811e+02 2.300000e+01 1.500000e+01 7.160655e-03
339 2.845144e+02 3.506860e+02 2.300000e+01 1.500000e+01 6.508212e-03
340 2.787900e+02 3.723049e+02 2.300000e+01 1.500000e+01 6.559811e-03
341 2.918223e+02 3.914928e+02 2.300000e+01 1.500000e+01 8.931333e-03
342 2.885730e+02 3.938746e+02 2.300000e+01 1.500000e+01 1.248552e-02
iter 17: 2.889947e-01 2.402121e-01
iter 18
294 3.281882e+02 2.588024e+02 2.300000e+01 1.500000e+01 8.661871e-01
295 3.298787e+02 2.587250e+02 2.300000e+01 1.500000e+01 8.155753e-01
296 3.316050e+02 2.595322e+02 2.300000e+01 1.500000e+01 7.245188e-01
297 3.314665e+02 2.596799e+02 2.300000e+01 1.500000e+01 6.822177e-01
298 3.327514e+02 2.605414e+02 2.300000e+01 1.500000e+01 6.604667e-01
299 3.320408e+02 2.606039e+02 2.300000e+01 1.500000e+01 5.781631e-01
300 3.327892e+02 2.608806e+02 2.300000e+01 1.500000e+01 5.579677e-01
301 3.361439e+02 2.610013e+02 2.300000e+01 1.500000e+01 5.873306e-01
302 3.371725e+02 2.617970e+02 2.300000e+01 1.500000e+01 5.461218e-01
303 3.382955e+02 2.629032e+02 2.300000e+01 1.500000e+01 5.507459e-01
304 3.387600e+02 2.627374e+02 2.300000e+01 1.500000e+01 5.113297e-01
305 3.404483e+02 2.649616e+02 2.300000e+01 1.500000e+01 5.106734e-01
306 3.403235e+02 2.630094e+02 2.300000e+01 1.500000e+01 4.682830e-01
307 3.419436e+02 2.642609e+02 2.300000e+01 1.500000e+01 4.327181e-01
308 3.437217e+02 2.654250e+02 2.300000e+01 1.500000e+01 4.166556e-01
309 3.459380e+02 2.669636e+02 2.300000e+01 1.500000e+01 4.087824e-01
310 3.461350e+02 2.675002e+02 2.300000e+01 1.500000e+01 3.570107e-01
311 3.508163e+02 2.693829e+02 2.300000e+01 1.500000e+01 3.947370e-01
312 3.495875e+02 2.690547e+02 2.300000e+01 1.500000e+01 3.250658e-01
313 3.499505e+02 2.695263e+02 2.300000e+01 1.500000e+01 2.992189e-01
314 3.526040e+02 2.702044e+02 2.300000e+01 1.500000e+01 3.077498e-01
315 3.544992e+02 2.712272e+02 2.300000e+01 1.500000e+01 3.194445e-01
316 3.551150e+02 2.727916e+02 2.300000e+01 1.500000e+01 2.933672e-01
317 3.611095e+02 2.735690e+02 2.300000e+01 1.500000e+01 2.674421e-01
318 3.584140e+02 2.729327e+02 2.300000e+01 1.500000e+01 2.766639e-01
319 3.600400e+02 2.772454e+02 2.300000e+01 1.500000e+01 2.367881e-01
320 3.554945e+02 2.788400e+02 2.300000e+01 1.500000e+01 2.271232e-01
321 3.541716e+02 2.807211e+02 2.300000e+01 1.500000e+01 1.989619e-01
322 3.544713e+02 2.837336e+02 2.300000e+01 1.500000e+01 1.879084e-01
323 3.550821e+02 2.843812e+02 2.300000e+01 1.500000e+01 1.695333e-01
324 3.573807e+02 2.856714e+02 2.300000e+01 1.500000e+01 1.624295e-01
325 3.553716e+02 2.889415e+02 2.300000e+01 1.500000e+01 1.382212e-01
326 3.558106e+02 2.911998e+02 2.300000e+01 1.500000e+01 1.234348e-01
327 3.521825e+02 2.941333e+02 2.300000e+01 1.500000e+01 1.033344e-01
328 3.531148e+02 2.973306e+02 2.300000e+01 1.500000e+01 1.005537e-01
329 3.524285e+02 3.008012e+02 2.300000e+01 1.500000e+01 7.798371e-02
330 3.517216e+02 3.014096e+02 2.300000e+01 1.500000e+01 6.470371e-02
331 3.500683e+02 3.059718e+02 2.300000e+01 1.500000e+01 5.477930e-02
332 3.453085e+02 3.086170e+02 2.300000e+01 1.500000e+01 4.186894e-02
333 3.372302e+02 3.139921e+02 2.300000e+01 1.500000e+01 3.522564e-02
334 3.283854e+02 3.234882e+02 2.300000e+01 1.500000e+01 2.789232e-02
335 3.139124e+02 3.284849e+02 2.300000e+01 1.500000e+01 1.627052e-02
336 3.015546e+02 3.240370e+02 2.300000e+01 1.500000e+01 1.191957e-02
337 2.849109e+02 3.232540e+02 2.300000e+01 1.500000e+01 8.401522e-03
338 2.879284e+02 3.350361e+02 2.300000e+01 1.500000e+01 7.160655e-03
339 2.862763e+02 3.501000e+02 2.300000e+01 1.500000e+01 6.508212e-03
340 2.621757e+02 3.708797e+02 2.300000e+01 1.500000e+01 6.559811e-03
341 2.707618e+02 3.997075e+02 2.300000e+01 1.500000e+01 8.931333e-03
342 2.806472e+02 4.027591e+02 2.300000e+01 1.500000e+01 1.248552e-02
iter 18: 2.895391e-01 2.397219e-01
iter 19
294 3.300655e+02 2.573241e+02 2.300000e+01 1.500000e+01 8.521815e-01
295 3.294475e+02 2.582523e+02 2.300000e+01 1.500000e+01 7.987295e-01
296 3.313411e+02 2.595764e+02 2.300000e+01 1.500000e+01 7.160604e-01
297 3.309972e+02 2.590288e+02 2.300000e+01 1.500000e+01 6.665730e-01
298 3.332446e+02 2.608570e+02 2.300000e+01 1.500000e+01 6.754422e-01
299 3.320013e+02 2.602718e+02 2.300000e+01 1.500000e+01 5.769634e-01
300 3.331413e+02 2.606827e+02 2.300000e+01 1.500000e+01 5.678942e-01
301 3.356498e+02 2.612863e+02 2.300000e+01 1.500000e+01 5.736058e-01
302 3.368665e+02 2.617907e+02 2.300000e+01 1.500000e+01 5.385841e-01
303 3.381303e+02 2.629621e+02 2.300000e+01 1.500000e+01 5.464727e-01
304 3.383530e+02 2.626470e+02 2.300000e+01 1.500000e+01 5.013058e-01
305 3.402264e+02 2.644221e+02 2.300000e+01 1.500000e+01 5.053894e-01
306 3.406892e+02 2.639206e+02 2.300000e+01 1.500000e+01 4.767100e-01
307 3.423754e+02 2.645619e+02 2.300000e+01 1.500000e+01 4.416398e-01
308 3.446329e+02 2.654814e+02 2.300000e+01 1.500000e+01 4.341355e-01
309 3.457118e+02 2.660273e+02 2.300000e+01 1.500000e+01 4.045675e-01
310 3.464635e+02 2.673610e+02 2.300000e+01 1.500000e+01 3.625590e-01
311 3.500786e+02 2.688344e+02 2.300000e+01 1.500000e+01 3.947370e-01
312 3.484403e+02 2.681498e+02 2.300000e+01 1.500000e+01 3.069513e-01
313 3.496677e+02 2.687755e+02 2.300000e+01 1.500000e+01 2.947534e-01
314 3.527276e+02 2.696784e+02 2.300000e+01 1.500000e+01 3.095095e-01
315 3.543201e+02 2.709306e+02 2.300000e+01 1.500000e+01 3.194445e-01
316 3.547217e+02 2.728888e+02 2.300000e+01 1.500000e+01 2.933672e-01
317 3.592687e+02 2.739338e+02 2.300000e+01 1.500000e+01 2.674421e-01
318 3.586877e+02 2.736836e+02 2.300000e+01 1.500000e+01 2.766639e-01
319 3.595142e+02 2.780586e+02 2.300000e+01 1.500000e+01 2.367881e-01
320 3.554760e+02 2.784818e+02 2.300000e+01 1.500000e+01 2.271232e-01
321 3.547178e+02 2.798619e+02 2.300000e+01 1.500000e+01 1.989619e-01
322 3.544316e+02 2.832319e+02 2.300000e+01 1.500000e+01 1.879084e-01
323 3.549548e+02 2.849280e+02 2.300000e+01 1.500000e+01 1.695333e-01
324 3.568077e+02 2.857792e+02 2.300000e+01 1.500000e+01 1.624295e-01
325 3.544430e+02 2.885105e+02 2.300000e+01 1.500000e+01 1.382212e-01
326 3.548167e+02 2.910134e+02 2.300000e+01 1.500000e+01 1.234348e-01
327 3.526897e+02 2.939870e+02 2.300000e+01 1.500000e+01 1.056974e-01
328 3.526963e+02 2.967376e+02 2.300000e+01 1.500000e+01 1.005537e-01
329 3.530248e+02 3.010462e+02 2.300000e+01 1.500000e+01 7.798371e-02
330 3.512993e+02 3.018462e+02 2.300000e+01 1.500000e+01 6.470371e-02
331 3.503145e+02 3.059243e+02 2.300000e+01 1.500000e+01 5.477930e-02
332 3.448396e+02 3.078599e+02 2.300000e+01 1.500000e+01 4.186894e-02
333 3.373761e+02 3.143251e+02 2.300000e+01 1.500000e+01 3.522564e-02
334 3.283883e+02 3.239483e+02 2.300000e+01 1.500000e+01 2.789232e-02
335 3.132311e+02 3.270283e+02 2.300000e+01 1.500000e+01 1.627052e-02
336 3.008168e+02 3.265097e+02 2.300000e+01 1.500000e+01 1.191957e-02
337 2.852550e+02 3.229593e+02 2.300000e+01 1.500000e+01 8.401522e-03
338 2.905618e+02 3.350774e+02 2.300000e+01 1.500000e+01 7.160655e-03
339 2.833481e+02 3.513163e+02 2.300000e+01 1.500000e+01 6.508212e-03
340 2.793046e+02 3.715836e+02 2.300000e+01 1.500000e+01 6.559811e-03
341 3.081348e+02 3.791537e+02 2.300000e+01 1.500000e+01 8.931333e-03
342 3.113194e+02 3.493162e+02 2.300000e+01 1.500000e+01 0.000000e+00
iter 19: 2.881743e-01 2.379313e-01
iter 20
294 3.302188e+02 2.592134e+02 2.300000e+01 1.500000e+01 9.522866e-01
295 3.303417e+02 2.580514e+02 2.300000e+01 1.500000e+01 8.336613e-01
296 3.315046e+02 2.585477e+02 2.300000e+01 1.500000e+01 7.212998e-01
297 3.309468e+02 2.597108e+02 2.300000e+01 1.500000e+01 6.648939e-01
298 3.331354e+02 2.606791e+02 2.300000e+01 1.500000e+01 6.721277e-01
299 3.324004e+02 2.604147e+02 2.300000e+01 1.500000e+01 5.890798e-01
300 3.334146e+02 2.605618e+02 2.300000e+01 1.500000e+01 5.756008e-01
301 3.360754e+02 2.608216e+02 2.300000e+01 1.500000e+01 5.854277e-01
302 3.366275e+02 2.612523e+02 2.300000e+01 1.500000e+01 5.326966e-01
303 3.381198e+02 2.628715e+02 2.300000e+01 1.500000e+01 5.462032e-01
304 3.381492e+02 2.633322e+02 2.300000e+01 1.500000e+01 4.962855e-01
305 3.392185e+02 2.643178e+02 2.300000e+01 1.500000e+01 4.813938e-01
306 3.410487e+02 2.637499e+02 2.300000e+01 1.500000e+01 4.849923e-01
307 3.425910e+02 2.645912e+02 2.300000e+01 1.500000e+01 4.460958e-01
308 3.436677e+02 2.655044e+02 2.300000e+01 1.500000e+01 4.156208e-01
309 3.463485e+02 2.670848e+02 2.300000e+01 1.500000e+01 4.164323e-01
310 3.464423e+02 2.677038e+02 2.300000e+01 1.500000e+01 3.622005e-01
311 3.506634e+02 2.691697e+02 2.300000e+01 1.500000e+01 3.947370e-01
312 3.487710e+02 2.683714e+02 2.300000e+01 1.500000e+01 3.121738e-01
313 3.492579e+02 2.688121e+02 2.300000e+01 1.500000e+01 2.882821e-01
314 3.522520e+02 2.697912e+02 2.300000e+01 1.500000e+01 3.027354e-01
315 3.550496e+02 2.709444e+02 2.300000e+01 1.500000e+01 3.194445e-01
316 3.554671e+02 2.729287e+02 2.300000e+01 1.500000e+01 2.933672e-01
317 3.606571e+02 2.732239e+02 2.300000e+01 1.500000e+01 2.674421e-01
318 3.588855e+02 2.734062e+02 2.300000e+01 1.500000e+01 2.766639e-01
319 3.597677e+02 2.767129e+02 2.300000e+01 1.500000e+01 2.367881e-01
320 3.554458e+02 2.783092e+02 2.300000e+01 1.500000e+01 2.271232e-01
321 3.543202e+02 2.798351e+02 2.300000e+01 1.500000e+01 1.989619e-01
322 3.541418e+02 2.838427e+02 2.300000e+01 1.500000e+01 1.879084e-01
323 3.553934e+02 2.850681e+02 2.300000e+01 1.500000e+01 1.695333e-01
324 3.567588e+02 2.861307e+02 2.300000e+01 1.500000e+01 1.624295e-01
325 3.548451e+02 2.884808e+02 2.300000e+01 1.500000e+01 1.382212e-01
326 3.546764e+02 2.912836e+02 2.300000e+01 1.500000e+01 1.234348e-01
327 3.526660e+02 2.941132e+02 2.300000e+01 1.500000e+01 1.055867e-01
328 3.527965e+02 2.970579e+02 2.300000e+01 1.500000e+01 1.005537e-01
329 3.523354e+02 3.004393e+02 2.300000e+01 1.500000e+01 7.798371e-02
330 3.520187e+02 3.013079e+02 2.300000e+01 1.500000e+01 6.470371e-02
331 3.503389e+02 3.052877e+02 2.300000e+01 1.500000e+01 5.477930e-02
332 3.451985e+02 3.086477e+02 2.300000e+01 1.500000e+01 4.186894e-02
333 3.366174e+02 3.148538e+02 2.300000e+01 1.500000e+01 3.522564e-02
334 3.282275e+02 3.235362e+02 2.300000e+01 1.500000e+01 2.789232e-02
335 3.141317e+02 3.282603e+02 2.300000e+01 1.500000e+01 1.627052e-02
336 3.025732e+02 3.231264e+02 2.300000e+01 1.500000e+01 1.191957e-02
337 2.859853e+02 3.231054e+02 2.300000e+01 1.500000e+01 8.401522e-03
338 2.844547e+02 3.340911e+02 2.300000e+01 1.500000e+01 7.160655e-03
339 2.801138e+02 3.510372e+02 2.300000e+01 1.500000e+01 6.508212e-03
340 2.790256e+02 3.712543e+02 2.300000e+01 1.500000e+01 6.559811e-03
341 3.007105e+02 3.881868e+02 2.300000e+01 1.500000e+01 8.931333e-03
342 2.888595e+02 3.926284e+02 2.300000e+01 1.500000e+01 1.248552e-02
iter 20: 2.910689e-01 2.446468e-01
