197 3.649999e+02 2.600004e+02 6.799994e+01 6.177131e-01 5.777620e-01
198 3.614282e+02 2.607581e+02 6.817240e+01 6.759961e-01 5.057276e-01
199 3.613474e+02 2.617098e+02 6.829583e+01 6.684041e-01 4.623310e-01
200 3.715331e+02 2.619219e+02 6.837088e+01 6.161241e-01 5.190039e-01
201 3.791086e+02 2.639062e+02 6.848332e+01 5.631959e-01 5.778157e-01
202 3.869065e+02 2.648030e+02 6.870620e+01 5.270006e-01 6.448531e-01
203 3.990478e+02 2.666179e+02 6.869261e+01 5.709577e-01 5.868239e-01
204 4.050452e+02 2.655600e+02 6.844926e+01 6.273343e-01 5.001276e-01
205 4.095778e+02 2.651120e+02 6.792645e+01 5.440269e-01 5.429970e-01
206 4.143218e+02 2.607594e+02 6.815569e+01 5.209392e-01 5.206899e-01
207 4.165870e+02 2.578879e+02 6.865712e+01 5.425851e-01 4.167906e-01
208 4.129894e+02 2.572082e+02 6.904956e+01 5.326337e-01 3.839320e-01
209 4.123448e+02 2.611171e+02 6.891674e+01 3.881399e-01 4.741040e-01
210 4.145151e+02 2.625832e+02 6.869762e+01 3.950735e-01 4.440881e-01
211 4.224644e+02 2.646189e+02 6.834014e+01 3.630977e-01 4.086320e-01
212 4.278002e+02 2.645929e+02 6.819587e+01 3.088962e-01 4.593158e-01
213 4.335755e+02 2.627589e+02 6.796398e+01 2.965477e-01 4.797418e-01
214 4.373336e+02 2.602960e+02 6.804410e+01 2.744193e-01 4.273661e-01
215 4.342568e+02 2.605911e+02 6.746464e+01 2.686086e-01 3.964356e-01
216 4.363067e+02 2.608329e+02 6.685268e+01 2.918731e-01 4.001649e-01
217 4.278172e+02 2.592404e+02 6.715324e+01 2.730315e-01 3.996828e-01
218 4.209585e+02 2.590861e+02 6.779791e+01 2.457862e-01 3.903417e-01
219 4.200716e+02 2.586131e+02 6.749519e+01 2.535159e-01 3.539898e-01
220 4.174269e+02 2.582688e+02 6.738581e+01 2.562781e-01 3.338059e-01
221 4.165086e+02 2.579843e+02 6.722624e+01 2.399093e-01 3.123848e-01
222 4.188490e+02 2.570117e+02 6.737792e+01 2.510142e-01 2.932636e-01
223 4.227366e+02 2.560790e+02 6.792142e+01 2.702498e-01 2.778691e-01
224 4.231043e+02 2.558777e+02 6.827103e+01 2.867784e-01 2.618477e-01
225 4.255635e+02 2.550998e+02 6.870247e+01 2.847658e-01 2.812288e-01
226 4.294405e+02 2.546015e+02 6.913235e+01 2.922527e-01 2.512960e-01
227 4.271007e+02 2.545437e+02 6.969632e+01 2.934222e-01 2.750258e-01
228 4.198724e+02 2.550319e+02 6.975170e+01 2.794750e-01 2.985891e-01
229 4.175054e+02 2.536033e+02 6.955527e+01 2.465509e-01 3.314219e-01
230 4.150687e+02 2.525895e+02 6.978540e+01 2.780991e-01 3.203762e-01
231 4.200235e+02 2.539019e+02 7.068153e+01 2.573971e-01 3.235026e-01
232 4.200030e+02 2.557934e+02 7.153548e+01 2.166570e-01 3.869377e-01
233 4.208729e+02 2.564644e+02 7.245032e+01 2.291662e-01 3.580105e-01
234 4.185944e+02 2.566048e+02 7.356627e+01 2.170445e-01 3.475714e-01
235 4.128494e+02 2.565063e+02 7.590787e+01 2.142676e-01 3.490643e-01
236 4.059327e+02 2.562698e+02 7.843570e+01 2.146286e-01 3.544301e-01
237 4.003514e+02 2.553234e+02 7.922258e+01 2.431050e-01 2.831336e-01
238 3.891186e+02 2.549918e+02 7.857951e+01 2.596559e-01 2.918963e-01
239 3.881807e+02 2.538898e+02 7.873496e+01 2.807128e-01 2.758315e-01
240 3.868079e+02 2.555019e+02 7.539232e+01 2.398139e-01 3.521379e-01
241 3.833891e+02 2.554519e+02 7.318970e+01 2.458750e-01 3.735518e-01
242 3.721042e+02 2.554905e+02 7.295454e+01 2.394104e-01 4.504677e-01
243 3.668263e+02 2.565238e+02 7.353112e+01 2.787275e-01 3.755714e-01
244 3.679509e+02 2.564792e+02 7.452025e+01 2.708522e-01 3.191246e-01
245 3.674116e+02 2.556653e+02 7.521995e+01 2.759935e-01 3.150650e-01
246 3.641519e+02 2.559583e+02 7.640146e+01 2.503859e-01 3.448395e-01
247 3.626245e+02 2.570576e+02 7.750583e+01 2.410117e-01 3.481154e-01
248 3.576642e+02 2.567687e+02 7.923529e+01 2.233889e-01 3.593612e-01
249 3.589354e+02 2.565726e+02 8.101998e+01 2.171167e-01 3.831028e-01
250 3.593487e+02 2.569021e+02 8.229841e+01 2.100245e-01 3.746918e-01
251 3.614543e+02 2.571089e+02 8.389664e+01 1.993742e-01 3.848677e-01
252 3.598268e+02 2.576199e+02 8.562897e+01 1.741645e-01 4.089581e-01
253 3.580140e+02 2.576978e+02 8.715977e+01 1.827875e-01 3.743455e-01
254 3.569334e+02 2.553736e+02 8.880415e+01 2.092298e-01 3.006014e-01
255 3.507586e+02 2.551630e+02 9.131017e+01 2.231712e-01 2.601915e-01
256 3.444378e+02 2.547666e+02 9.327035e+01 2.120300e-01 2.717816e-01
257 3.422913e+02 2.565130e+02 9.465901e+01 1.727931e-01 2.998245e-01
258 3.382170e+02 2.557744e+02 9.659140e+01 1.753330e-01 2.843672e-01
259 3.260449e+02 2.552742e+02 9.860374e+01 1.834202e-01 3.218678e-01
260 2.940211e+02 2.577922e+02 9.825301e+01 1.351916e-01 3.886003e-01
261 2.824985e+02 2.585172e+02 9.894469e+01 1.624601e-01 3.645153e-01
262 2.861975e+02 2.540543e+02 9.996224e+01 2.249916e-01 2.739950e-01
263 2.801966e+02 2.540619e+02 1.012183e+02 2.159374e-01 2.721136e-01
264 2.723081e+02 2.546108e+02 1.024310e+02 2.350487e-01 2.441044e-01
265 2.682729e+02 2.554809e+02 1.037648e+02 2.365689e-01 2.296666e-01
266 2.679789e+02 2.551136e+02 1.049908e+02 2.804056e-01 1.809406e-01
267 2.684684e+02 2.534252e+02 1.061885e+02 2.628045e-01 1.678630e-01
268 2.687442e+02 2.538409e+02 1.074914e+02 2.582621e-01 1.231813e-01
269 2.626059e+02 2.552802e+02 1.084981e+02 2.691487e-01 1.107541e-01
270 2.512443e+02 2.554050e+02 1.104496e+02 2.320817e-01 1.273598e-01
271 2.459818e+02 2.564905e+02 1.120002e+02 1.686978e-01 1.522833e-01
272 2.337919e+02 2.577810e+02 1.138710e+02 1.787319e-01 1.631559e-01
273 2.202740e+02 2.582744e+02 1.157550e+02 1.469297e-01 2.264846e-01
274 2.044763e+02 2.598953e+02 1.177260e+02 1.347268e-01 2.663467e-01
275 1.937318e+02 2.593623e+02 1.195600e+02 1.599896e-01 2.220194e-01
276 1.842185e+02 2.585955e+02 1.210304e+02 1.975682e-01 1.779308e-01
277 1.794623e+02 2.575087e+02 1.228043e+02 2.055764e-01 9.274243e-02
278 1.653902e+02 2.564718e+02 1.243093e+02 2.353205e-01 8.319779e-02
279 1.502306e+02 2.575541e+02 1.262839e+02 2.406079e-01 1.007371e-01
280 1.383409e+02 2.576300e+02 1.280985e+02 2.689490e-01 9.061054e-02
281 1.244386e+02 2.570122e+02 1.296818e+02 2.847401e-01 8.057911e-02
282 1.111288e+02 2.570367e+02 1.308770e+02 2.446201e-01 9.980701e-02
283 9.503006e+01 2.560823e+02 1.327460e+02 2.769810e-01 9.743846e-02
284 7.574009e+01 2.565372e+02 1.351143e+02 2.248848e-01 8.948528e-02
285 6.189399e+01 2.559357e+02 1.373857e+02 2.691282e-01 7.192848e-02
286 3.819018e+01 2.550729e+02 1.394781e+02 2.893885e-01 9.192646e-02
287 2.875502e+01 2.562683e+02 1.407893e+02 2.004446e-01 1.347626e-01
288 1.881262e+01 2.541113e+02 1.432217e+02 2.658587e-01 9.803460e-02
289 1.259946e+01 2.530390e+02 1.458943e+02 3.422306e-01 6.034891e-02
290 9.189882e+00 2.530611e+02 1.479734e+02 3.181459e-01 4.584185e-02
291 8.258698e+00 2.536888e+02 1.506251e+02 3.331750e-01 2.174589e-02
3.045636e-01 1.398141e-01
