197 3.699623e+02 2.733391e+02 6.800000e+01 6.176466e-01 8.536829e-01
198 3.734494e+02 2.680866e+02 6.799826e+01 6.186509e-01 7.631579e-01
199 3.713949e+02 2.652236e+02 6.799484e+01 6.191259e-01 6.267057e-01
200 3.773227e+02 2.637436e+02 6.799609e+01 6.146133e-01 6.074496e-01
201 3.816920e+02 2.625818e+02 6.799838e+01 6.032649e-01 5.813053e-01
202 3.899299e+02 2.608498e+02 6.799077e+01 5.968962e-01 6.089891e-01
203 3.984595e+02 2.611638e+02 6.799181e+01 5.909341e-01 5.787348e-01
204 4.017363e+02 2.635445e+02 6.798969e+01 5.815409e-01 5.468284e-01
205 4.071440e+02 2.635324e+02 6.798249e+01 5.648080e-01 5.221565e-01
206 4.117410e+02 2.636870e+02 6.796673e+01 5.475405e-01 4.981514e-01
207 4.151603e+02 2.642842e+02 6.795276e+01 5.183257e-01 4.405212e-01
208 4.143177e+02 2.597779e+02 6.795616e+01 4.946912e-01 4.267888e-01
209 4.146107e+02 2.580163e+02 6.796234e+01 4.670435e-01 4.051514e-01
210 4.146849e+02 2.582988e+02 6.797311e+01 4.332060e-01 4.136773e-01
211 4.179749e+02 2.600511e+02 6.796844e+01 4.028371e-01 4.019367e-01
212 4.210790e+02 2.613800e+02 6.794763e+01 3.618451e-01 4.273924e-01
213 4.296919e+02 2.613851e+02 6.792982e+01 3.256564e-01 4.392013e-01
214 4.283985e+02 2.604452e+02 6.788449e+01 2.749792e-01 4.321256e-01
215 4.292672e+02 2.622699e+02 6.784351e+01 2.493989e-01 4.274543e-01
216 4.348236e+02 2.643518e+02 6.779182e+01 2.028554e-01 4.277802e-01
217 4.376886e+02 2.637175e+02 6.774337e+01 1.603507e-01 4.133246e-01
218 4.371395e+02 2.622225e+02 6.778044e+01 1.380593e-01 4.130986e-01
219 4.382767e+02 2.643558e+02 6.771209e+01 1.199040e-01 3.839787e-01
220 4.363380e+02 2.640709e+02 6.765903e+01 1.104773e-01 3.694998e-01
221 4.413332e+02 2.621843e+02 6.759772e+01 1.108102e-01 3.550416e-01
222 4.365383e+02 2.640897e+02 6.755935e+01 8.672813e-02 3.552432e-01
223 4.305646e+02 2.635235e+02 6.751916e+01 8.327909e-02 3.554547e-01
224 4.246557e+02 2.635899e+02 6.749407e+01 8.342258e-02 3.704029e-01
225 4.188758e+02 2.629262e+02 6.748010e+01 8.024974e-02 3.868040e-01
226 4.162688e+02 2.604202e+02 6.741333e+01 8.301111e-02 4.005143e-01
227 4.139268e+02 2.618418e+02 6.734749e+01 8.272057e-02 3.979302e-01
228 4.124454e+02 2.631220e+02 6.731094e+01 7.398785e-02 3.557277e-01
229 4.128349e+02 2.628907e+02 6.726799e+01 7.061284e-02 3.392845e-01
230 4.102478e+02 2.639136e+02 6.722404e+01 7.039337e-02 3.380090e-01
231 4.090035e+02 2.634317e+02 6.717898e+01 7.159192e-02 3.699594e-01
232 4.118884e+02 2.637406e+02 6.715099e+01 7.366695e-02 3.805242e-01
233 4.159024e+02 2.636047e+02 6.711760e+01 7.396944e-02 3.818962e-01
234 4.198336e+02 2.632217e+02 6.709238e+01 7.792821e-02 3.568368e-01
235 4.170377e+02 2.631356e+02 6.705309e+01 6.593603e-02 2.814248e-01
236 4.142475e+02 2.634524e+02 6.699446e+01 7.059953e-02 2.804765e-01
237 4.099288e+02 2.634460e+02 6.694046e+01 7.195364e-02 3.129821e-01
238 4.057467e+02 2.637787e+02 6.689748e+01 7.315540e-02 3.163617e-01
239 3.984177e+02 2.633802e+02 6.685375e+01 7.168510e-02 3.352922e-01
240 3.919174e+02 2.629837e+02 6.681281e+01 7.489670e-02 3.761657e-01
241 3.858117e+02 2.605264e+02 6.677464e+01 8.234698e-02 4.379766e-01
242 3.793055e+02 2.589154e+02 6.673090e+01 9.369449e-02 4.465947e-01
243 3.750016e+02 2.623183e+02 6.669603e+01 1.001376e-01 4.770562e-01
244 3.696783e+02 2.628315e+02 6.665487e+01 1.111161e-01 5.808308e-01
245 3.648552e+02 2.626700e+02 6.661538e+01 1.170409e-01 5.786286e-01
246 3.631769e+02 2.626708e+02 6.658060e+01 1.250462e-01 5.553158e-01
247 3.599928e+02 2.611993e+02 6.654184e+01 1.431449e-01 5.831795e-01
248 3.607520e+02 2.607023e+02 6.650350e+01 1.519881e-01 5.809352e-01
249 3.632300e+02 2.587045e+02 6.646733e+01 1.638724e-01 6.318894e-01
250 3.653861e+02 2.606877e+02 6.642718e+01 1.697548e-01 5.453645e-01
251 3.667297e+02 2.603060e+02 6.638359e+01 1.749908e-01 5.029862e-01
252 3.661302e+02 2.594958e+02 6.634846e+01 1.845610e-01 4.795880e-01
253 3.642733e+02 2.593415e+02 6.632290e+01 1.911739e-01 4.675847e-01
254 3.620591e+02 2.577427e+02 6.628377e+01 2.108922e-01 3.997795e-01
255 3.558895e+02 2.565490e+02 6.625760e+01 2.276974e-01 4.176003e-01
256 3.350069e+02 2.541464e+02 6.621847e+01 2.671456e-01 4.550096e-01
257 3.349541e+02 2.526727e+02 6.619919e+01 2.795741e-01 4.076049e-01
258 3.341783e+02 2.530581e+02 6.621405e+01 2.977803e-01 3.965216e-01
259 3.268601e+02 2.530771e+02 6.620230e+01 3.123702e-01 4.192717e-01
260 3.247144e+02 2.537679e+02 6.617235e+01 3.252341e-01 3.129723e-01
261 3.203219e+02 2.542893e+02 6.610953e+01 3.307247e-01 3.165113e-01
262 3.148659e+02 2.550864e+02 6.606266e+01 3.377414e-01 3.147075e-01
263 3.093223e+02 2.568802e+02 6.604972e+01 3.428904e-01 2.964719e-01
264 3.024749e+02 2.570373e+02 6.601729e+01 3.518388e-01 2.878227e-01
265 2.951559e+02 2.544739e+02 6.599026e+01 3.509028e-01 2.113585e-01
266 2.881012e+02 2.552830e+02 6.594844e+01 3.641791e-01 1.879456e-01
267 2.767655e+02 2.544839e+02 6.590548e+01 3.686417e-01 2.381221e-01
268 2.667784e+02 2.548964e+02 6.590419e+01 3.706637e-01 2.454160e-01
269 2.550854e+02 2.548315e+02 6.590695e+01 3.686222e-01 2.896082e-01
270 2.498369e+02 2.548456e+02 6.590728e+01 3.631974e-01 2.410447e-01
271 2.445330e+02 2.549339e+02 6.589623e+01 3.590200e-01 2.197195e-01
272 2.388681e+02 2.554485e+02 6.586170e+01 3.653538e-01 1.905441e-01
273 2.322919e+02 2.557324e+02 6.586507e+01 3.782128e-01 1.618889e-01
274 2.187824e+02 2.587665e+02 6.589218e+01 3.778938e-01 1.810450e-01
275 2.018500e+02 2.603242e+02 6.586717e+01 3.615021e-01 2.512799e-01
276 1.849687e+02 2.596573e+02 6.578054e+01 3.537143e-01 3.295790e-01
277 1.629629e+02 2.571472e+02 6.576164e+01 3.281385e-01 3.653943e-01
278 1.477014e+02 2.555839e+02 6.568251e+01 3.015376e-01 4.044884e-01
279 1.391632e+02 2.595859e+02 6.556285e+01 2.907464e-01 4.421236e-01
280 1.345323e+02 2.605616e+02 6.550542e+01 3.078034e-01 3.460212e-01
281 1.322782e+02 2.620338e+02 6.545524e+01 2.858035e-01 2.249412e-01
282 1.275147e+02 2.603667e+02 6.540700e+01 2.487811e-01 1.773870e-01
283 1.182784e+02 2.577532e+02 6.536800e+01 2.743614e-01 1.160345e-01
284 1.101401e+02 2.564628e+02 6.533319e+01 2.878148e-01 0.000000e+00
285 1.034559e+02 2.568397e+02 6.528792e+01 2.770220e-01 0.000000e+00
286 7.353124e+01 2.636997e+02 6.522326e+01 2.355894e-01 5.796563e-02
287 4.978024e+01 2.563334e+02 6.524629e+01 2.915213e-01 1.575416e-01
288 3.834459e+01 2.625564e+02 6.518660e+01 2.511996e-01 2.446793e-01
289 1.815666e+01 2.607342e+02 6.518145e+01 2.880206e-01 2.956683e-01
290 1.327012e+01 2.600487e+02 6.515428e+01 2.919674e-01 2.115644e-01
291 1.315817e+01 2.596336e+02 6.511662e+01 2.401634e-01 7.573418e-02
3.769971e-01 1.499964e-01
