197 3.770923e+02 2.731073e+02 6.800004e+01 6.176460e-01 9.606398e-01
198 3.885673e+02 2.678838e+02 6.788517e+01 8.751463e-01 5.694095e-01
199 3.908061e+02 2.679588e+02 6.763403e+01 8.347826e-01 6.026236e-01
200 3.908956e+02 2.587078e+02 6.696343e+01 7.276780e-01 6.435828e-01
201 3.858724e+02 2.558409e+02 6.663767e+01 7.000354e-01 5.441614e-01
202 3.841150e+02 2.566561e+02 6.684363e+01 6.307195e-01 4.806834e-01
203 3.967691e+02 2.596424e+02 6.587443e+01 6.476047e-01 5.586527e-01
204 4.030733e+02 2.654056e+02 6.578873e+01 6.409046e-01 5.299331e-01
205 4.084514e+02 2.649122e+02 6.522693e+01 5.999085e-01 5.340190e-01
206 4.134926e+02 2.630475e+02 6.521904e+01 5.109619e-01 5.797396e-01
207 4.188340e+02 2.606386e+02 6.517284e+01 5.077144e-01 4.943154e-01
208 4.180184e+02 2.606339e+02 6.565186e+01 4.548590e-01 4.973178e-01
209 4.188118e+02 2.602528e+02 6.571267e+01 4.253668e-01 4.758274e-01
210 4.206592e+02 2.601381e+02 6.541988e+01 4.381469e-01 4.415614e-01
211 4.295250e+02 2.607364e+02 6.524644e+01 4.357797e-01 4.032005e-01
212 4.324950e+02 2.612765e+02 6.525082e+01 3.850674e-01 4.355013e-01
213 4.344708e+02 2.609978e+02 6.474534e+01 3.496226e-01 4.503267e-01
214 4.363988e+02 2.591179e+02 6.431074e+01 3.000184e-01 4.232569e-01
215 4.346730e+02 2.601882e+02 6.308126e+01 3.093359e-01 4.170384e-01
216 4.356094e+02 2.596860e+02 6.191822e+01 3.336184e-01 4.081162e-01
217 4.358610e+02 2.585199e+02 6.065522e+01 3.030840e-01 4.244589e-01
218 4.365005e+02 2.578438e+02 5.856734e+01 3.067388e-01 4.207020e-01
219 4.359317e+02 2.572278e+02 5.665468e+01 3.155048e-01 3.877468e-01
220 4.354225e+02 2.571799e+02 5.500474e+01 3.422976e-01 3.862388e-01
221 4.389143e+02 2.565154e+02 5.329630e+01 3.543582e-01 3.672268e-01
222 4.403822e+02 2.564844e+02 5.148046e+01 3.928013e-01 3.458158e-01
223 4.438314e+02 2.569856e+02 4.988388e+01 3.578425e-01 3.998727e-01
224 4.419024e+02 2.575542e+02 4.809745e+01 3.611441e-01 4.189318e-01
225 4.455495e+02 2.570415e+02 4.540685e+01 4.012718e-01 4.568891e-01
226 4.505705e+02 2.567657e+02 4.362531e+01 4.199861e-01 4.298535e-01
227 4.484420e+02 2.553956e+02 4.231000e+01 4.491910e-01 4.101564e-01
228 4.419212e+02 2.544641e+02 4.011593e+01 4.887346e-01 4.998048e-01
229 4.408899e+02 2.531034e+02 4.000773e+01 5.271927e-01 4.497828e-01
230 4.392819e+02 2.513939e+02 4.008703e+01 5.621753e-01 3.830578e-01
231 4.381038e+02 2.527897e+02 3.971177e+01 5.431235e-01 3.475121e-01
232 4.381584e+02 2.539549e+02 3.841332e+01 5.117081e-01 3.416119e-01
233 4.341506e+02 2.534759e+02 3.728054e+01 5.481473e-01 3.387117e-01
234 4.282507e+02 2.545083e+02 3.621448e+01 5.582447e-01 3.861891e-01
235 4.242639e+02 2.539804e+02 3.612646e+01 6.390889e-01 3.387759e-01
236 4.216246e+02 2.549708e+02 3.621396e+01 6.650455e-01 3.037013e-01
237 4.204899e+02 2.559738e+02 3.595181e+01 6.232399e-01 2.608390e-01
238 4.166995e+02 2.562727e+02 3.557741e+01 6.332286e-01 2.889620e-01
239 4.127153e+02 2.547271e+02 3.479343e+01 7.898603e-01 2.420191e-01
240 4.083729e+02 2.530979e+02 3.430081e+01 9.060003e-01 2.209534e-01
241 4.053931e+02 2.545652e+02 3.509261e+01 7.878911e-01 2.424891e-01
242 4.006811e+02 2.544244e+02 3.489960e+01 7.750103e-01 3.161869e-01
243 3.973468e+02 2.556851e+02 3.469171e+01 7.429342e-01 3.546950e-01
244 3.973246e+02 2.574509e+02 3.485202e+01 6.338815e-01 2.910627e-01
245 3.970491e+02 2.564841e+02 3.435492e+01 6.307129e-01 2.893731e-01
246 3.922494e+02 2.545241e+02 3.445731e+01 6.705384e-01 3.278429e-01
247 3.827271e+02 2.523330e+02 3.441788e+01 7.614401e-01 4.027451e-01
248 3.747142e+02 2.524926e+02 3.468080e+01 8.839744e-01 3.914281e-01
249 3.649239e+02 2.521516e+02 3.616217e+01 7.851797e-01 4.442226e-01
250 3.603679e+02 2.524216e+02 3.729810e+01 7.974825e-01 3.944933e-01
251 3.594214e+02 2.507665e+02 3.785477e+01 8.243024e-01 3.992427e-01
252 3.624083e+02 2.515443e+02 3.832079e+01 7.387848e-01 4.504525e-01
253 3.563608e+02 2.533068e+02 3.890403e+01 6.431234e-01 5.195828e-01
254 3.528982e+02 2.531206e+02 3.946415e+01 7.455752e-01 4.792807e-01
255 3.533249e+02 2.511498e+02 3.942617e+01 7.969801e-01 3.638688e-01
256 3.498669e+02 2.508034e+02 3.957233e+01 8.237881e-01 3.338926e-01
257 3.485298e+02 2.519860e+02 3.947588e+01 7.322654e-01 3.357333e-01
258 3.457300e+02 2.502657e+02 4.012672e+01 6.829343e-01 3.342123e-01
259 3.470169e+02 2.498153e+02 3.872270e+01 5.950054e-01 3.449569e-01
260 3.429500e+02 2.489336e+02 3.855470e+01 6.977584e-01 2.011675e-01
261 3.415690e+02 2.521824e+02 4.044052e+01 6.392018e-01 1.530876e-01
262 3.228147e+02 2.536678e+02 3.974537e+01 7.605841e-01 2.934637e-01
263 3.156582e+02 2.557195e+02 4.037960e+01 8.220998e-01 2.646766e-01
264 3.180063e+02 2.558360e+02 4.209798e+01 6.210288e-01 2.034432e-01
265 3.124882e+02 2.565406e+02 4.269389e+01 6.594602e-01 8.123955e-02
266 2.961048e+02 2.576951e+02 4.222142e+01 9.376853e-01 1.158428e-01
267 2.862453e+02 2.568879e+02 4.258284e+01 9.477615e-01 1.446350e-01
268 2.736059e+02 2.566283e+02 4.285358e+01 1.090552e+00 1.495553e-01
269 2.656048e+02 2.558449e+02 4.284401e+01 1.163673e+00 1.432214e-01
270 2.645028e+02 2.544999e+02 4.271307e+01 7.954453e-01 1.205611e-01
271 2.540146e+02 2.541610e+02 4.311611e+01 6.670975e-01 1.691716e-01
272 2.464408e+02 2.598574e+02 4.701072e+01 4.528825e-01 1.882239e-01
273 2.445303e+02 2.589772e+02 4.893043e+01 4.262983e-01 8.038603e-02
274 2.279258e+02 2.576415e+02 5.006292e+01 5.632696e-01 1.197395e-01
275 2.070621e+02 2.589879e+02 5.079396e+01 5.923312e-01 2.101324e-01
276 2.028171e+02 2.601614e+02 5.272221e+01 5.076713e-01 1.803931e-01
277 1.934751e+02 2.605036e+02 5.434302e+01 5.102329e-01 6.062392e-02
278 1.729469e+02 2.608391e+02 5.595075e+01 5.805379e-01 1.082577e-01
279 1.554380e+02 2.596773e+02 5.757033e+01 6.680835e-01 1.392928e-01
280 1.416471e+02 2.586681e+02 5.887713e+01 7.063158e-01 1.430671e-01
281 1.290361e+02 2.576093e+02 5.992233e+01 7.639399e-01 1.172025e-01
282 1.173578e+02 2.566556e+02 6.130599e+01 6.128466e-01 1.437001e-01
283 1.010966e+02 2.560263e+02 6.255475e+01 6.043945e-01 1.651750e-01
284 9.447071e+01 2.572923e+02 6.336956e+01 5.556444e-01 5.551956e-02
285 8.935552e+01 2.575818e+02 6.358518e+01 5.321403e-01 3.894189e-03
286 5.372508e+01 2.574409e+02 6.590967e+01 7.655660e-01 9.489010e-02
287 3.706082e+01 2.570378e+02 6.692562e+01 7.205919e-01 1.298656e-01
288 1.908066e+01 2.569050e+02 6.770462e+01 6.879551e-01 1.683418e-01
289 1.166869e+01 2.558851e+02 6.830919e+01 7.336011e-01 1.322308e-01
290 7.473497e+00 2.571030e+02 6.870484e+01 6.513871e-01 1.116734e-01
291 4.373381e+00 2.576073e+02 6.890111e+01 6.526440e-01 7.060968e-02
3.239870e-01 1.643062e-01
