197 3.715083e+02 2.742482e+02 6.800000e+01 6.176468e-01 8.561153e-01
198 3.759156e+02 2.682833e+02 6.800070e+01 6.181268e-01 7.965706e-01
199 3.733240e+02 2.639769e+02 6.800014e+01 6.192112e-01 6.288749e-01
200 3.766178e+02 2.624892e+02 6.800435e+01 6.183290e-01 5.872749e-01
201 3.819820e+02 2.610745e+02 6.800747e+01 6.237993e-01 5.655443e-01
202 3.896903e+02 2.603057e+02 6.801229e+01 6.130789e-01 5.900013e-01
203 3.967008e+02 2.624565e+02 6.800931e+01 5.983817e-01 5.712375e-01
204 4.012418e+02 2.648549e+02 6.801819e+01 5.724967e-01 5.550017e-01
205 4.072773e+02 2.633604e+02 6.802553e+01 5.554954e-01 5.302385e-01
206 4.090502e+02 2.631970e+02 6.802988e+01 5.089247e-01 5.349553e-01
207 4.131815e+02 2.631724e+02 6.804496e+01 4.630771e-01 4.971778e-01
208 4.152234e+02 2.626448e+02 6.805033e+01 4.309953e-01 4.885083e-01
209 4.153799e+02 2.597907e+02 6.803285e+01 3.948690e-01 4.710336e-01
210 4.163517e+02 2.615407e+02 6.801992e+01 3.541498e-01 4.971939e-01
211 4.199829e+02 2.628496e+02 6.800124e+01 3.270051e-01 4.946676e-01
212 4.174017e+02 2.637039e+02 6.798562e+01 2.937745e-01 5.001057e-01
213 4.230388e+02 2.637960e+02 6.798048e+01 2.637934e-01 4.854335e-01
214 4.243319e+02 2.617964e+02 6.796670e+01 2.423357e-01 4.649977e-01
215 4.230700e+02 2.632256e+02 6.795950e+01 2.125443e-01 4.267248e-01
216 4.250213e+02 2.649249e+02 6.797224e+01 1.826396e-01 4.266448e-01
217 4.330641e+02 2.621176e+02 6.795569e+01 1.760695e-01 4.120332e-01
218 4.404987e+02 2.594243e+02 6.786471e+01 2.067037e-01 3.956519e-01
219 4.430041e+02 2.591188e+02 6.781936e+01 2.033051e-01 3.588712e-01
220 4.342241e+02 2.604851e+02 6.780010e+01 1.755667e-01 3.687310e-01
221 4.298441e+02 2.611485e+02 6.779035e+01 1.583897e-01 3.540327e-01
222 4.274373e+02 2.620982e+02 6.779708e+01 1.372173e-01 3.539975e-01
223 4.288915e+02 2.619938e+02 6.779241e+01 1.160342e-01 3.540219e-01
224 4.305262e+02 2.627570e+02 6.777985e+01 1.128800e-01 3.688412e-01
225 4.313575e+02 2.619843e+02 6.776875e+01 1.272174e-01 3.984137e-01
226 4.322364e+02 2.598614e+02 6.775377e+01 1.261444e-01 3.920409e-01
227 4.298095e+02 2.605050e+02 6.776300e+01 1.219891e-01 4.132048e-01
228 4.185031e+02 2.625811e+02 6.783559e+01 1.055547e-01 4.275042e-01
229 4.253858e+02 2.612162e+02 6.768882e+01 1.114153e-01 4.579782e-01
230 4.198004e+02 2.619952e+02 6.761426e+01 1.112151e-01 4.584832e-01
231 4.130754e+02 2.613627e+02 6.756446e+01 1.126680e-01 4.736218e-01
232 4.155117e+02 2.612143e+02 6.753935e+01 1.279357e-01 4.886041e-01
233 4.201806e+02 2.616400e+02 6.754362e+01 1.235882e-01 5.007047e-01
234 4.179175e+02 2.610988e+02 6.753657e+01 1.277357e-01 4.750393e-01
235 4.148610e+02 2.612925e+02 6.756134e+01 1.193511e-01 4.608992e-01
236 4.121024e+02 2.613838e+02 6.757573e+01 1.167906e-01 4.424313e-01
237 4.076464e+02 2.619056e+02 6.758995e+01 1.090722e-01 4.490845e-01
238 4.040677e+02 2.626605e+02 6.759871e+01 1.058835e-01 4.723808e-01
239 3.985160e+02 2.618317e+02 6.760948e+01 1.067831e-01 4.952559e-01
240 3.903744e+02 2.615141e+02 6.761853e+01 1.079265e-01 5.564391e-01
241 3.833718e+02 2.594569e+02 6.762385e+01 1.099479e-01 6.062950e-01
242 3.772302e+02 2.583854e+02 6.762255e+01 1.127504e-01 5.446056e-01
243 3.739610e+02 2.611972e+02 6.761751e+01 1.214347e-01 5.865084e-01
244 3.684256e+02 2.619903e+02 6.760930e+01 1.254135e-01 5.588787e-01
245 3.648072e+02 2.619151e+02 6.759984e+01 1.299378e-01 5.582505e-01
246 3.632421e+02 2.623343e+02 6.759305e+01 1.276600e-01 5.520003e-01
247 3.620823e+02 2.624392e+02 6.758553e+01 1.311336e-01 5.301449e-01
248 3.621077e+02 2.614430e+02 6.757583e+01 1.290834e-01 6.097017e-01
249 3.643360e+02 2.609904e+02 6.757425e+01 1.422842e-01 6.215385e-01
250 3.659447e+02 2.611381e+02 6.757072e+01 1.462059e-01 5.769746e-01
251 3.679743e+02 2.604406e+02 6.756024e+01 1.491912e-01 5.184368e-01
252 3.661425e+02 2.607954e+02 6.755394e+01 1.523584e-01 4.969172e-01
253 3.655095e+02 2.600604e+02 6.755781e+01 1.626463e-01 4.788113e-01
254 3.639389e+02 2.590238e+02 6.755414e+01 1.859700e-01 3.677620e-01
255 3.601516e+02 2.562543e+02 6.754599e+01 2.218233e-01 3.577159e-01
256 3.455328e+02 2.529066e+02 6.751116e+01 2.559539e-01 3.913925e-01
257 3.331287e+02 2.537974e+02 6.748151e+01 2.514957e-01 4.213203e-01
258 3.273465e+02 2.545762e+02 6.752272e+01 2.512446e-01 4.488642e-01
259 3.206097e+02 2.546999e+02 6.749221e+01 2.582645e-01 4.879095e-01
260 3.154144e+02 2.549983e+02 6.746998e+01 2.699913e-01 4.442443e-01
261 3.143773e+02 2.563992e+02 6.747758e+01 2.766881e-01 4.292006e-01
262 3.105806e+02 2.568367e+02 6.747039e+01 2.850710e-01 4.036879e-01
263 3.072912e+02 2.569534e+02 6.749515e+01 2.960277e-01 3.499397e-01
264 3.049638e+02 2.573101e+02 6.750101e+01 3.070144e-01 2.905951e-01
265 2.992851e+02 2.566037e+02 6.748981e+01 3.119898e-01 1.895002e-01
266 2.905184e+02 2.571987e+02 6.743791e+01 3.319252e-01 1.763844e-01
267 2.768878e+02 2.552627e+02 6.738178e+01 3.458789e-01 2.417037e-01
268 2.625837e+02 2.554918e+02 6.739318e+01 3.558091e-01 2.808297e-01
269 2.551603e+02 2.556181e+02 6.756760e+01 3.398440e-01 2.981562e-01
270 2.533291e+02 2.550161e+02 6.772851e+01 2.958222e-01 2.442127e-01
271 2.476101e+02 2.557680e+02 6.783850e+01 2.829252e-01 2.299916e-01
272 2.382621e+02 2.599191e+02 6.780569e+01 2.595487e-01 2.606790e-01
273 2.295297e+02 2.602019e+02 6.785483e+01 2.590505e-01 2.539712e-01
274 2.096761e+02 2.625173e+02 6.787189e+01 2.534545e-01 3.242007e-01
275 1.838252e+02 2.641207e+02 6.780042e+01 2.158216e-01 5.063424e-01
276 1.704296e+02 2.598515e+02 6.794294e+01 2.488158e-01 5.728735e-01
277 1.552686e+02 2.600130e+02 6.789296e+01 2.200701e-01 6.153263e-01
278 1.449471e+02 2.598443e+02 6.795322e+01 2.302775e-01 5.335986e-01
279 1.312234e+02 2.614953e+02 6.801162e+01 2.360200e-01 5.949022e-01
280 1.236708e+02 2.635504e+02 6.792038e+01 1.957489e-01 5.697888e-01
281 1.273058e+02 2.626181e+02 6.808681e+01 2.429067e-01 2.934597e-01
282 1.201261e+02 2.633578e+02 6.799182e+01 1.753178e-01 3.070065e-01
283 1.149589e+02 2.609466e+02 6.807482e+01 1.868044e-01 1.729551e-01
284 1.026656e+02 2.595439e+02 6.829111e+01 2.599476e-01 1.430875e-02
285 9.587839e+01 2.584680e+02 6.836041e+01 2.806591e-01 0.000000e+00
286 6.887695e+01 2.620125e+02 6.841524e+01 2.749297e-01 9.216303e-02
287 5.151967e+01 2.585094e+02 6.876763e+01 4.524904e-01 1.012817e-01
288 3.466914e+01 2.593442e+02 6.883966e+01 4.939275e-01 1.335650e-01
289 1.664126e+01 2.586871e+02 6.892600e+01 5.476355e-01 1.472197e-01
290 6.870945e+00 2.574147e+02 6.898620e+01 5.872345e-01 1.258833e-01
291 8.782713e+00 2.544297e+02 6.903714e+01 6.010467e-01 5.482039e-02
4.238251e-01 1.586422e-01
