344 5.304898e+02 2.626858e+02 5.698670e+01 3.593956e-01 8.406793e-01
345 5.298452e+02 2.618100e+02 5.703493e+01 3.513473e-01 8.613530e-01
346 5.293786e+02 2.617747e+02 5.708768e+01 3.757303e-01 8.176221e-01
347 5.285186e+02 2.621164e+02 5.706407e+01 3.565022e-01 8.757695e-01
348 5.291235e+02 2.617949e+02 5.723290e+01 3.617189e-01 8.488645e-01
349 5.295108e+02 2.618921e+02 5.743812e+01 3.541611e-01 8.702363e-01
350 5.297861e+02 2.620849e+02 5.721266e+01 3.678666e-01 8.253636e-01
351 5.289480e+02 2.624274e+02 5.677983e+01 3.655924e-01 8.560077e-01
352 5.281153e+02 2.625151e+02 5.673706e+01 3.613001e-01 8.780858e-01
353 5.284205e+02 2.626899e+02 5.648509e+01 3.491712e-01 9.126402e-01
354 5.284319e+02 2.625520e+02 5.643394e+01 3.490505e-01 9.137831e-01
355 5.293305e+02 2.627501e+02 5.635414e+01 3.557224e-01 8.870049e-01
356 5.296331e+02 2.629611e+02 5.643627e+01 3.461670e-01 9.038985e-01
357 5.294901e+02 2.631249e+02 5.665027e+01 3.630279e-01 8.576270e-01
358 5.300278e+02 2.627931e+02 5.575076e+01 3.630159e-01 8.893982e-01
359 5.301406e+02 2.624705e+02 5.545829e+01 3.526975e-01 9.103060e-01
360 5.298195e+02 2.622967e+02 5.519490e+01 3.577647e-01 9.115413e-01
361 5.299284e+02 2.621308e+02 5.417471e+01 3.670448e-01 9.052261e-01
362 5.301985e+02 2.624966e+02 5.412239e+01 3.746638e-01 8.876732e-01
363 5.298182e+02 2.626365e+02 5.314325e+01 3.760145e-01 9.007810e-01
364 5.298553e+02 2.626807e+02 5.258815e+01 3.804167e-01 8.997553e-01
365 5.304083e+02 2.624875e+02 5.164055e+01 3.946058e-01 8.833207e-01
366 5.296522e+02 2.628110e+02 5.128617e+01 3.947295e-01 8.891440e-01
367 5.295982e+02 2.625673e+02 5.002222e+01 4.118297e-01 8.737581e-01
368 5.306282e+02 2.627365e+02 4.843685e+01 4.325951e-01 8.497694e-01
369 5.309308e+02 2.629369e+02 4.741536e+01 4.346172e-01 8.318485e-01
370 5.298816e+02 2.629395e+02 4.750292e+01 4.229209e-01 8.333846e-01
371 5.314005e+02 2.627698e+02 4.684631e+01 4.422740e-01 8.218652e-01
372 5.319824e+02 2.621741e+02 4.610529e+01 4.300022e-01 8.088404e-01
373 5.321330e+02 2.615865e+02 4.570308e+01 4.454926e-01 7.994438e-01
374 5.332604e+02 2.612128e+02 4.450423e+01 4.899803e-01 7.807760e-01
375 5.339469e+02 2.614120e+02 4.443160e+01 4.972563e-01 7.795018e-01
376 5.337841e+02 2.612658e+02 4.354063e+01 5.219239e-01 7.638708e-01
377 5.347145e+02 2.612111e+02 4.203713e+01 5.237581e-01 7.247780e-01
378 5.364657e+02 2.613294e+02 4.160595e+01 5.305139e-01 7.299290e-01
379 5.360738e+02 2.612615e+02 3.943758e+01 5.547237e-01 6.918874e-01
380 5.347146e+02 2.618619e+02 3.864564e+01 6.196003e-01 6.779937e-01
381 5.356424e+02 2.616435e+02 3.823942e+01 5.931330e-01 6.708670e-01
382 5.362694e+02 2.611501e+02 3.842364e+01 5.763985e-01 6.740989e-01
383 5.359919e+02 2.611013e+02 3.900914e+01 5.964247e-01 6.843709e-01
384 5.363125e+02 2.611846e+02 3.836071e+01 5.899496e-01 6.729948e-01
385 5.356306e+02 2.613498e+02 3.765660e+01 6.218465e-01 6.606421e-01
386 5.374003e+02 2.610871e+02 3.701026e+01 6.246280e-01 6.493028e-01
387 5.390352e+02 2.605156e+02 3.671989e+01 6.631864e-01 6.442087e-01
388 5.415776e+02 2.602433e+02 3.585780e+01 6.563771e-01 6.290842e-01
389 5.445231e+02 2.600693e+02 3.416068e+01 6.611112e-01 5.993102e-01
390 5.448141e+02 2.599202e+02 3.297840e+01 7.238734e-01 5.785684e-01
391 5.440553e+02 2.599994e+02 3.276003e+01 7.141883e-01 5.747374e-01
392 5.440527e+02 2.597700e+02 3.051615e+01 7.919436e-01 5.353711e-01
393 5.445333e+02 2.596087e+02 2.935012e+01 8.538941e-01 5.149144e-01
394 5.449828e+02 2.598523e+02 2.812833e+01 8.324409e-01 4.934794e-01
395 5.451226e+02 2.598850e+02 2.770299e+01 8.998837e-01 4.860174e-01
396 5.462863e+02 2.598854e+02 2.721760e+01 9.109850e-01 4.775018e-01
397 5.454394e+02 2.603304e+02 2.722383e+01 8.799350e-01 4.776111e-01
398 5.454192e+02 2.606122e+02 2.769364e+01 8.463533e-01 4.858534e-01
399 5.448284e+02 2.607719e+02 2.759596e+01 8.691637e-01 4.841396e-01
400 5.429567e+02 2.611719e+02 2.740741e+01 8.883088e-01 4.808318e-01
401 5.430646e+02 2.606684e+02 2.871164e+01 8.108380e-01 5.037129e-01
402 5.435959e+02 2.600610e+02 2.961804e+01 7.816001e-01 5.196147e-01
403 5.426626e+02 2.600434e+02 2.942702e+01 8.003686e-01 5.073624e-01
404 5.430461e+02 2.599011e+02 3.083814e+01 7.711302e-01 5.410200e-01
405 5.421796e+02 2.603053e+02 3.155243e+01 7.758464e-01 5.440075e-01
406 5.429924e+02 2.600504e+02 3.129739e+01 7.877385e-01 5.490771e-01
407 5.434638e+02 2.599167e+02 3.066975e+01 8.059577e-01 5.476742e-01
408 5.426901e+02 2.600249e+02 3.049160e+01 8.139850e-01 5.349404e-01
409 5.410873e+02 2.602278e+02 3.030430e+01 7.655481e-01 5.411483e-01
410 5.402687e+02 2.602595e+02 2.954928e+01 7.967197e-01 5.184084e-01
411 5.376767e+02 2.607255e+02 2.865713e+01 8.050872e-01 4.940885e-01
412 5.347129e+02 2.611066e+02 2.868398e+01 8.166488e-01 5.032278e-01
413 5.348029e+02 2.608950e+02 2.871896e+01 8.350872e-01 5.038415e-01
414 5.324641e+02 2.610280e+02 2.913441e+01 8.109072e-01 5.023174e-01
415 5.283070e+02 2.617739e+02 2.899766e+01 8.080103e-01 5.087309e-01
416 5.254799e+02 2.613143e+02 3.088240e+01 8.086694e-01 5.234305e-01
417 5.247327e+02 2.603265e+02 3.440996e+01 7.233949e-01 5.734993e-01
418 5.240388e+02 2.600303e+02 3.729100e+01 6.318066e-01 5.567418e-01
419 5.190926e+02 2.598231e+02 3.865911e+01 5.739111e-01 5.558584e-01
420 5.157450e+02 2.595987e+02 3.968926e+01 5.458923e-01 5.071731e-01
421 5.107617e+02 2.596106e+02 4.043598e+01 5.247030e-01 4.940717e-01
422 5.057894e+02 2.600583e+02 4.065228e+01 5.508543e-01 5.116486e-01
423 5.000619e+02 2.606443e+02 4.022878e+01 5.182578e-01 4.988106e-01
424 4.969854e+02 2.605442e+02 3.871125e+01 5.650761e-01 4.605494e-01
425 4.915069e+02 2.602556e+02 3.729431e+01 5.774907e-01 4.376913e-01
426 4.844673e+02 2.595549e+02 3.699626e+01 6.206219e-01 4.440756e-01
427 4.761185e+02 2.590539e+02 3.821813e+01 6.372788e-01 4.658310e-01
428 4.708569e+02 2.589067e+02 3.840239e+01 6.467731e-01 4.241114e-01
429 4.627515e+02 2.579952e+02 3.900087e+01 6.326955e-01 4.094255e-01
430 4.614039e+02 2.573993e+02 3.712894e+01 6.709367e-01 2.937703e-01
431 4.527857e+02 2.571587e+02 3.782710e+01 7.127711e-01 3.109887e-01
432 4.462270e+02 2.573796e+02 3.763887e+01 6.732778e-01 2.694163e-01
433 4.393992e+02 2.576338e+02 3.752382e+01 7.454434e-01 2.363752e-01
434 4.287246e+02 2.575407e+02 4.056412e+01 6.935965e-01 2.465971e-01
435 4.155736e+02 2.566849e+02 4.272283e+01 6.200249e-01 2.766428e-01
436 4.024647e+02 2.564503e+02 4.265392e+01 6.333207e-01 3.168709e-01
437 3.941592e+02 2.570772e+02 4.278221e+01 5.909675e-01 2.639696e-01
438 3.830619e+02 2.575893e+02 4.277401e+01 5.818004e-01 2.453274e-01
439 3.701028e+02 2.574601e+02 4.251524e+01 5.943030e-01 2.568065e-01
440 3.566551e+02 2.567371e+02 4.207173e+01 7.301453e-01 2.825679e-01
441 3.427443e+02 2.566111e+02 4.098496e+01 8.193796e-01 3.048730e-01
442 3.342453e+02 2.568651e+02 3.950600e+01 8.319025e-01 2.233954e-01
443 3.249797e+02 2.574284e+02 3.875537e+01 8.438123e-01 1.469377e-01
444 3.124903e+02 2.585358e+02 3.938532e+01 7.824920e-01 1.105159e-01
445 3.010361e+02 2.595848e+02 4.169366e+01 6.571092e-01 6.278003e-02
446 2.847977e+02 2.618817e+02 4.595058e+01 4.965808e-01 3.655880e-02
447 2.672350e+02 2.611469e+02 4.462947e+01 4.805115e-01 3.765430e-02
448 2.462529e+02 2.564138e+02 3.948474e+01 7.290070e-01 7.841211e-02
449 2.307747e+02 2.550180e+02 3.847355e+01 8.107915e-01 5.806185e-02
450 2.160454e+02 2.544955e+02 3.898385e+01 7.966114e-01 0.000000e+00
451 2.011946e+02 2.541507e+02 4.030448e+01 8.214085e-01 0.000000e+00
452 1.832889e+02 2.538188e+02 4.198623e+01 8.627255e-01 0.000000e+00
453 1.628876e+02 2.536853e+02 4.393686e+01 7.651773e-01 0.000000e+00
454 1.434454e+02 2.539413e+02 4.571871e+01 6.389269e-01 0.000000e+00
455 1.234106e+02 2.539246e+02 4.730853e+01 5.785794e-01 0.000000e+00
456 1.015894e+02 2.541475e+02 4.921525e+01 5.814112e-01 0.000000e+00
457 7.573070e+01 2.524618e+02 4.979866e+01 6.121446e-01 0.000000e+00
458 5.275848e+01 2.548581e+02 5.491452e+01 5.373736e-01 0.000000e+00
459 3.055342e+01 2.570707e+02 5.919454e+01 4.150417e-01 0.000000e+00
5.293814e-01 2.807013e-01
