iter 1
344 5.353146e+02 2.816212e+02 5.693002e+01 3.796486e-01 1.529532e-02
345 5.336596e+02 2.825280e+02 5.691125e+01 5.118805e-01 0.000000e+00
346 5.314520e+02 2.821133e+02 5.703616e+01 5.860296e-01 0.000000e+00
347 5.289057e+02 2.826768e+02 5.689240e+01 7.590980e-01 0.000000e+00
348 5.280124e+02 2.836239e+02 5.701543e+01 7.690198e-01 0.000000e+00
349 5.215209e+02 2.839679e+02 5.682338e+01 9.269081e-01 0.000000e+00
350 5.132479e+02 2.843726e+02 5.667205e+01 9.152484e-01 0.000000e+00
351 5.089486e+02 2.857525e+02 5.635220e+01 8.356874e-01 0.000000e+00
352 5.057756e+02 2.864379e+02 5.622052e+01 9.457342e-01 0.000000e+00
353 4.981161e+02 2.868680e+02 5.592492e+01 1.077087e+00 0.000000e+00
354 4.947131e+02 2.869515e+02 5.579554e+01 1.179170e+00 0.000000e+00
355 4.899876e+02 2.850452e+02 5.584681e+01 1.333871e+00 0.000000e+00
356 4.823662e+02 2.839892e+02 5.536281e+01 1.502487e+00 0.000000e+00
357 4.784876e+02 2.839870e+02 5.514819e+01 1.520624e+00 0.000000e+00
358 4.737583e+02 2.839817e+02 5.501417e+01 1.462187e+00 0.000000e+00
359 4.686276e+02 2.824018e+02 5.494535e+01 1.243508e+00 0.000000e+00
360 4.563211e+02 2.825701e+02 5.495443e+01 1.224493e+00 0.000000e+00
361 4.477406e+02 2.827152e+02 5.474719e+01 1.195437e+00 0.000000e+00
362 4.372351e+02 2.822014e+02 5.465696e+01 1.036612e+00 0.000000e+00
363 4.302887e+02 2.804914e+02 5.416721e+01 1.100241e+00 0.000000e+00
364 4.241422e+02 2.817496e+02 5.410151e+01 1.295066e+00 0.000000e+00
365 4.195824e+02 2.806105e+02 5.379875e+01 9.776666e-01 0.000000e+00
366 4.121127e+02 2.801854e+02 5.348983e+01 1.026158e+00 0.000000e+00
367 4.052948e+02 2.802847e+02 5.304939e+01 1.064898e+00 0.000000e+00
368 3.993002e+02 2.792237e+02 5.285498e+01 9.319418e-01 0.000000e+00
369 3.918036e+02 2.782335e+02 5.262468e+01 9.128448e-01 0.000000e+00
370 3.864789e+02 2.761927e+02 5.213034e+01 9.246350e-01 0.000000e+00
371 3.851309e+02 2.756960e+02 5.177402e+01 9.453744e-01 0.000000e+00
372 3.805527e+02 2.747906e+02 5.170011e+01 1.008057e+00 0.000000e+00
373 3.763673e+02 2.733625e+02 5.108464e+01 9.844014e-01 0.000000e+00
374 3.710133e+02 2.706257e+02 5.034418e+01 1.140497e+00 0.000000e+00
375 3.669061e+02 2.708400e+02 4.987805e+01 1.007645e+00 0.000000e+00
376 3.570887e+02 2.703820e+02 4.955506e+01 1.046576e+00 0.000000e+00
377 3.568337e+02 2.693403e+02 4.893040e+01 1.064198e+00 0.000000e+00
378 3.525842e+02 2.691041e+02 4.851767e+01 1.234375e+00 0.000000e+00
379 3.492328e+02 2.664713e+02 4.816788e+01 1.181651e+00 0.000000e+00
380 3.490072e+02 2.659265e+02 4.783243e+01 1.012014e+00 0.000000e+00
381 3.424813e+02 2.657162e+02 4.725542e+01 1.008679e+00 0.000000e+00
382 3.381709e+02 2.651060e+02 4.659340e+01 9.275943e-01 0.000000e+00
383 3.360165e+02 2.636038e+02 4.592207e+01 8.320805e-01 0.000000e+00
384 3.315488e+02 2.622472e+02 4.514457e+01 7.042903e-01 0.000000e+00
385 3.264051e+02 2.612482e+02 4.439391e+01 6.988044e-01 0.000000e+00
386 3.254250e+02 2.593920e+02 4.350739e+01 6.483707e-01 0.000000e+00
387 3.260134e+02 2.592689e+02 4.253726e+01 5.033576e-01 0.000000e+00
388 3.248349e+02 2.585654e+02 4.180709e+01 5.633377e-01 0.000000e+00
389 3.225476e+02 2.562309e+02 4.118707e+01 7.742605e-01 0.000000e+00
390 3.179398e+02 2.542712e+02 4.053608e+01 8.384807e-01 0.000000e+00
391 3.152243e+02 2.511006e+02 3.983657e+01 8.902053e-01 0.000000e+00
392 3.111732e+02 2.513929e+02 3.933896e+01 9.275036e-01 0.000000e+00
393 3.089028e+02 2.487650e+02 3.892260e+01 8.849157e-01 0.000000e+00
394 3.046775e+02 2.479584e+02 3.805373e+01 8.768916e-01 0.000000e+00
395 2.966201e+02 2.469200e+02 3.737411e+01 1.210310e+00 0.000000e+00
396 2.933986e+02 2.465786e+02 3.651560e+01 1.451374e+00 0.000000e+00
397 2.919407e+02 2.461934e+02 3.562960e+01 1.530197e+00 0.000000e+00
398 2.860918e+02 2.459671e+02 3.506821e+01 1.582937e+00 0.000000e+00
399 2.805656e+02 2.447052e+02 3.446878e+01 1.708208e+00 0.000000e+00
400 2.808165e+02 2.443754e+02 3.383759e+01 1.681130e+00 0.000000e+00
401 2.793376e+02 2.432174e+02 3.348455e+01 1.683131e+00 0.000000e+00
402 2.772610e+02 2.409962e+02 3.275347e+01 1.717792e+00 0.000000e+00
403 2.743051e+02 2.408252e+02 3.228127e+01 1.874938e+00 0.000000e+00
404 2.703651e+02 2.412077e+02 3.148133e+01 1.680387e+00 0.000000e+00
405 2.687801e+02 2.392074e+02 3.077197e+01 1.738911e+00 0.000000e+00
406 2.632206e+02 2.392177e+02 3.016219e+01 1.397957e+00 0.000000e+00
407 2.612034e+02 2.360535e+02 3.000207e+01 1.351620e+00 0.000000e+00
408 2.606796e+02 2.339267e+02 2.929068e+01 1.371165e+00 0.000000e+00
409 2.587535e+02 2.330085e+02 2.890622e+01 1.487153e+00 0.000000e+00
410 2.584697e+02 2.308306e+02 2.847095e+01 1.442857e+00 0.000000e+00
411 2.544280e+02 2.275650e+02 2.789512e+01 1.345919e+00 0.000000e+00
412 2.533994e+02 2.259974e+02 2.743712e+01 1.235918e+00 0.000000e+00
413 2.494838e+02 2.232060e+02 2.675659e+01 1.109286e+00 0.000000e+00
414 2.449110e+02 2.225557e+02 2.614530e+01 1.271645e+00 0.000000e+00
415 2.434818e+02 2.206999e+02 2.576338e+01 1.321224e+00 0.000000e+00
416 2.419918e+02 2.183106e+02 2.549811e+01 1.428431e+00 0.000000e+00
417 2.383072e+02 2.177991e+02 2.503828e+01 9.546204e-01 0.000000e+00
418 2.321028e+02 2.148546e+02 2.456636e+01 7.264731e-01 0.000000e+00
419 2.261682e+02 2.140089e+02 2.428701e+01 5.516480e-01 0.000000e+00
420 2.195900e+02 2.121892e+02 2.400316e+01 4.000992e-01 0.000000e+00
421 2.119551e+02 2.092861e+02 2.370317e+01 1.791806e-01 0.000000e+00
422 2.080070e+02 2.079186e+02 2.325864e+01 9.768652e-02 0.000000e+00
423 NaN NaN NaN NaN 1.000000e+00
424 NaN NaN NaN NaN 1.000000e+00
425 NaN NaN NaN NaN 1.000000e+00
426 NaN NaN NaN NaN 1.000000e+00
427 NaN NaN NaN NaN 1.000000e+00
428 NaN NaN NaN NaN 1.000000e+00
429 NaN NaN NaN NaN 1.000000e+00
430 NaN NaN NaN NaN 1.000000e+00
431 NaN NaN NaN NaN 1.000000e+00
432 NaN NaN NaN NaN 1.000000e+00
433 NaN NaN NaN NaN 1.000000e+00
434 NaN NaN NaN NaN 1.000000e+00
435 NaN NaN NaN NaN 1.000000e+00
436 NaN NaN NaN NaN 1.000000e+00
437 NaN NaN NaN NaN 1.000000e+00
438 NaN NaN NaN NaN 1.000000e+00
439 NaN NaN NaN NaN 1.000000e+00
440 NaN NaN NaN NaN 1.000000e+00
441 NaN NaN NaN NaN 1.000000e+00
442 NaN NaN NaN NaN 1.000000e+00
443 NaN NaN NaN NaN 1.000000e+00
444 NaN NaN NaN NaN 1.000000e+00
445 NaN NaN NaN NaN 1.000000e+00
446 NaN NaN NaN NaN 1.000000e+00
447 NaN NaN NaN NaN 1.000000e+00
448 NaN NaN NaN NaN 1.000000e+00
449 NaN NaN NaN NaN 1.000000e+00
450 NaN NaN NaN NaN 1.000000e+00
451 NaN NaN NaN NaN 1.000000e+00
452 NaN NaN NaN NaN 1.000000e+00
453 NaN NaN NaN NaN 1.000000e+00
454 NaN NaN NaN NaN 1.000000e+00
455 NaN NaN NaN NaN 1.000000e+00
456 NaN NaN NaN NaN 1.000000e+00
457 NaN NaN NaN NaN 1.000000e+00
458 NaN NaN NaN NaN 1.000000e+00
459 NaN NaN NaN NaN 1.000000e+00
result for iter 1: 3.190974e-01 4.659876e-01
iter 2
344 5.687602e+02 3.138394e+02 5.710908e+01 4.214507e-01 0.000000e+00
345 5.703013e+02 3.144031e+02 5.713178e+01 5.286821e-01 0.000000e+00
346 5.688658e+02 3.145121e+02 5.707422e+01 3.197943e-01 0.000000e+00
347 5.682150e+02 3.136625e+02 5.702082e+01 2.943903e-01 0.000000e+00
348 5.677512e+02 3.145978e+02 5.732943e+01 5.223815e-01 0.000000e+00
349 5.651455e+02 3.164042e+02 5.741164e+01 4.921650e-01 0.000000e+00
350 5.616099e+02 3.161499e+02 5.748235e+01 4.992046e-01 0.000000e+00
351 5.591554e+02 3.180534e+02 5.766668e+01 3.697120e-01 0.000000e+00
352 5.616536e+02 3.192309e+02 5.811014e+01 3.134230e-01 0.000000e+00
353 5.570927e+02 3.202616e+02 5.827665e+01 2.261283e-01 0.000000e+00
354 5.504954e+02 3.202879e+02 5.827853e+01 1.263017e-01 0.000000e+00
355 5.493352e+02 3.228248e+02 5.836777e+01 6.445500e-02 0.000000e+00
356 5.414141e+02 3.238393e+02 5.822687e+01 8.546582e-02 0.000000e+00
357 NaN NaN NaN NaN 1.000000e+00
358 NaN NaN NaN NaN 1.000000e+00
359 NaN NaN NaN NaN 1.000000e+00
360 NaN NaN NaN NaN 1.000000e+00
361 NaN NaN NaN NaN 1.000000e+00
362 NaN NaN NaN NaN 1.000000e+00
363 NaN NaN NaN NaN 1.000000e+00
364 NaN NaN NaN NaN 1.000000e+00
365 NaN NaN NaN NaN 1.000000e+00
366 NaN NaN NaN NaN 1.000000e+00
367 NaN NaN NaN NaN 1.000000e+00
368 NaN NaN NaN NaN 1.000000e+00
369 NaN NaN NaN NaN 1.000000e+00
370 NaN NaN NaN NaN 1.000000e+00
371 NaN NaN NaN NaN 1.000000e+00
372 NaN NaN NaN NaN 1.000000e+00
373 NaN NaN NaN NaN 1.000000e+00
374 NaN NaN NaN NaN 1.000000e+00
375 NaN NaN NaN NaN 1.000000e+00
376 NaN NaN NaN NaN 1.000000e+00
377 NaN NaN NaN NaN 1.000000e+00
378 NaN NaN NaN NaN 1.000000e+00
379 NaN NaN NaN NaN 1.000000e+00
380 NaN NaN NaN NaN 1.000000e+00
381 NaN NaN NaN NaN 1.000000e+00
382 NaN NaN NaN NaN 1.000000e+00
383 NaN NaN NaN NaN 1.000000e+00
384 NaN NaN NaN NaN 1.000000e+00
385 NaN NaN NaN NaN 1.000000e+00
386 NaN NaN NaN NaN 1.000000e+00
387 NaN NaN NaN NaN 1.000000e+00
388 NaN NaN NaN NaN 1.000000e+00
389 NaN NaN NaN NaN 1.000000e+00
390 NaN NaN NaN NaN 1.000000e+00
391 NaN NaN NaN NaN 1.000000e+00
392 NaN NaN NaN NaN 1.000000e+00
393 NaN NaN NaN NaN 1.000000e+00
394 NaN NaN NaN NaN 1.000000e+00
395 NaN NaN NaN NaN 1.000000e+00
396 NaN NaN NaN NaN 1.000000e+00
397 NaN NaN NaN NaN 1.000000e+00
398 NaN NaN NaN NaN 1.000000e+00
399 NaN NaN NaN NaN 1.000000e+00
400 NaN NaN NaN NaN 1.000000e+00
401 NaN NaN NaN NaN 1.000000e+00
402 NaN NaN NaN NaN 1.000000e+00
403 NaN NaN NaN NaN 1.000000e+00
404 NaN NaN NaN NaN 1.000000e+00
405 NaN NaN NaN NaN 1.000000e+00
406 NaN NaN NaN NaN 1.000000e+00
407 NaN NaN NaN NaN 1.000000e+00
408 NaN NaN NaN NaN 1.000000e+00
409 NaN NaN NaN NaN 1.000000e+00
410 NaN NaN NaN NaN 1.000000e+00
411 NaN NaN NaN NaN 1.000000e+00
412 NaN NaN NaN NaN 1.000000e+00
413 NaN NaN NaN NaN 1.000000e+00
414 NaN NaN NaN NaN 1.000000e+00
415 NaN NaN NaN NaN 1.000000e+00
416 NaN NaN NaN NaN 1.000000e+00
417 NaN NaN NaN NaN 1.000000e+00
418 NaN NaN NaN NaN 1.000000e+00
419 NaN NaN NaN NaN 1.000000e+00
420 NaN NaN NaN NaN 1.000000e+00
421 NaN NaN NaN NaN 1.000000e+00
422 NaN NaN NaN NaN 1.000000e+00
423 NaN NaN NaN NaN 1.000000e+00
424 NaN NaN NaN NaN 1.000000e+00
425 NaN NaN NaN NaN 1.000000e+00
426 NaN NaN NaN NaN 1.000000e+00
427 NaN NaN NaN NaN 1.000000e+00
428 NaN NaN NaN NaN 1.000000e+00
429 NaN NaN NaN NaN 1.000000e+00
430 NaN NaN NaN NaN 1.000000e+00
431 NaN NaN NaN NaN 1.000000e+00
432 NaN NaN NaN NaN 1.000000e+00
433 NaN NaN NaN NaN 1.000000e+00
434 NaN NaN NaN NaN 1.000000e+00
435 NaN NaN NaN NaN 1.000000e+00
436 NaN NaN NaN NaN 1.000000e+00
437 NaN NaN NaN NaN 1.000000e+00
438 NaN NaN NaN NaN 1.000000e+00
439 NaN NaN NaN NaN 1.000000e+00
440 NaN NaN NaN NaN 1.000000e+00
441 NaN NaN NaN NaN 1.000000e+00
442 NaN NaN NaN NaN 1.000000e+00
443 NaN NaN NaN NaN 1.000000e+00
444 NaN NaN NaN NaN 1.000000e+00
445 NaN NaN NaN NaN 1.000000e+00
446 NaN NaN NaN NaN 1.000000e+00
447 NaN NaN NaN NaN 1.000000e+00
448 NaN NaN NaN NaN 1.000000e+00
449 NaN NaN NaN NaN 1.000000e+00
450 NaN NaN NaN NaN 1.000000e+00
451 NaN NaN NaN NaN 1.000000e+00
452 NaN NaN NaN NaN 1.000000e+00
453 NaN NaN NaN NaN 1.000000e+00
454 NaN NaN NaN NaN 1.000000e+00
455 NaN NaN NaN NaN 1.000000e+00
456 NaN NaN NaN NaN 1.000000e+00
457 NaN NaN NaN NaN 1.000000e+00
458 NaN NaN NaN NaN 1.000000e+00
459 NaN NaN NaN NaN 1.000000e+00
result for iter 2: 8.879310e-01 3.154513e-01
iter 3
344 5.710270e+02 2.577166e+02 5.674872e+01 2.868163e-01 1.360947e-01
345 NaN NaN NaN NaN 1.000000e+00
346 7.891638e-01 1.930662e+00 1.328388e-01 8.957407e-02 0.000000e+00
347 NaN NaN NaN NaN 1.000000e+00
348 NaN NaN NaN NaN 1.000000e+00
349 NaN NaN NaN NaN 1.000000e+00
350 NaN NaN NaN NaN 1.000000e+00
351 NaN NaN NaN NaN 1.000000e+00
352 NaN NaN NaN NaN 1.000000e+00
353 NaN NaN NaN NaN 1.000000e+00
354 NaN NaN NaN NaN 1.000000e+00
355 NaN NaN NaN NaN 1.000000e+00
356 NaN NaN NaN NaN 1.000000e+00
357 NaN NaN NaN NaN 1.000000e+00
358 NaN NaN NaN NaN 1.000000e+00
359 NaN NaN NaN NaN 1.000000e+00
360 NaN NaN NaN NaN 1.000000e+00
361 NaN NaN NaN NaN 1.000000e+00
362 NaN NaN NaN NaN 1.000000e+00
363 NaN NaN NaN NaN 1.000000e+00
364 NaN NaN NaN NaN 1.000000e+00
365 NaN NaN NaN NaN 1.000000e+00
366 NaN NaN NaN NaN 1.000000e+00
367 NaN NaN NaN NaN 1.000000e+00
368 NaN NaN NaN NaN 1.000000e+00
369 NaN NaN NaN NaN 1.000000e+00
370 NaN NaN NaN NaN 1.000000e+00
371 NaN NaN NaN NaN 1.000000e+00
372 NaN NaN NaN NaN 1.000000e+00
373 NaN NaN NaN NaN 1.000000e+00
374 NaN NaN NaN NaN 1.000000e+00
375 NaN NaN NaN NaN 1.000000e+00
376 NaN NaN NaN NaN 1.000000e+00
377 NaN NaN NaN NaN 1.000000e+00
378 NaN NaN NaN NaN 1.000000e+00
379 NaN NaN NaN NaN 1.000000e+00
380 NaN NaN NaN NaN 1.000000e+00
381 NaN NaN NaN NaN 1.000000e+00
382 NaN NaN NaN NaN 1.000000e+00
383 NaN NaN NaN NaN 1.000000e+00
384 NaN NaN NaN NaN 1.000000e+00
385 NaN NaN NaN NaN 1.000000e+00
386 NaN NaN NaN NaN 1.000000e+00
387 NaN NaN NaN NaN 1.000000e+00
388 NaN NaN NaN NaN 1.000000e+00
389 NaN NaN NaN NaN 1.000000e+00
390 NaN NaN NaN NaN 1.000000e+00
391 NaN NaN NaN NaN 1.000000e+00
392 NaN NaN NaN NaN 1.000000e+00
393 NaN NaN NaN NaN 1.000000e+00
394 2.750906e+00 1.731297e+00 1.147672e-01 1.204423e-01 0.000000e+00
395 6.342062e+00 3.340783e+00 1.396097e-01 4.292786e-02 0.000000e+00
396 8.415192e+00 4.809030e+00 7.647443e-02 1.711668e-01 0.000000e+00
397 NaN NaN NaN NaN 1.000000e+00
398 NaN NaN NaN NaN 1.000000e+00
399 NaN NaN NaN NaN 1.000000e+00
400 NaN NaN NaN NaN 1.000000e+00
401 NaN NaN NaN NaN 1.000000e+00
402 NaN NaN NaN NaN 1.000000e+00
403 NaN NaN NaN NaN 1.000000e+00
404 NaN NaN NaN NaN 1.000000e+00
405 NaN NaN NaN NaN 1.000000e+00
406 NaN NaN NaN NaN 1.000000e+00
407 NaN NaN NaN NaN 1.000000e+00
408 NaN NaN NaN NaN 1.000000e+00
409 NaN NaN NaN NaN 1.000000e+00
410 NaN NaN NaN NaN 1.000000e+00
411 NaN NaN NaN NaN 1.000000e+00
412 NaN NaN NaN NaN 1.000000e+00
413 NaN NaN NaN NaN 1.000000e+00
414 2.375525e+00 8.244570e-01 6.763703e-02 1.674951e-01 0.000000e+00
415 5.176387e+00 2.098886e+00 2.076450e-01 2.311425e-01 0.000000e+00
416 5.465772e+00 2.663080e+00 1.236505e-01 2.955299e-01 0.000000e+00
417 6.218547e+00 2.235776e+00 1.799593e-01 2.384694e-01 0.000000e+00
418 NaN NaN NaN NaN 1.000000e+00
419 NaN NaN NaN NaN 1.000000e+00
420 NaN NaN NaN NaN 1.000000e+00
421 NaN NaN NaN NaN 1.000000e+00
422 NaN NaN NaN NaN 1.000000e+00
423 NaN NaN NaN NaN 1.000000e+00
424 NaN NaN NaN NaN 1.000000e+00
425 NaN NaN NaN NaN 1.000000e+00
426 NaN NaN NaN NaN 1.000000e+00
427 NaN NaN NaN NaN 1.000000e+00
428 NaN NaN NaN NaN 1.000000e+00
429 NaN NaN NaN NaN 1.000000e+00
430 NaN NaN NaN NaN 1.000000e+00
431 NaN NaN NaN NaN 1.000000e+00
432 NaN NaN NaN NaN 1.000000e+00
433 NaN NaN NaN NaN 1.000000e+00
434 NaN NaN NaN NaN 1.000000e+00
435 NaN NaN NaN NaN 1.000000e+00
436 NaN NaN NaN NaN 1.000000e+00
437 NaN NaN NaN NaN 1.000000e+00
438 NaN NaN NaN NaN 1.000000e+00
439 NaN NaN NaN NaN 1.000000e+00
440 NaN NaN NaN NaN 1.000000e+00
441 NaN NaN NaN NaN 1.000000e+00
442 NaN NaN NaN NaN 1.000000e+00
443 NaN NaN NaN NaN 1.000000e+00
444 NaN NaN NaN NaN 1.000000e+00
445 NaN NaN NaN NaN 1.000000e+00
446 NaN NaN NaN NaN 1.000000e+00
447 2.947655e+00 1.142822e+00 5.972737e-02 7.430462e-02 0.000000e+00
448 NaN NaN NaN NaN 1.000000e+00
449 NaN NaN NaN NaN 1.000000e+00
450 NaN NaN NaN NaN 1.000000e+00
451 NaN NaN NaN NaN 1.000000e+00
452 NaN NaN NaN NaN 1.000000e+00
453 NaN NaN NaN NaN 1.000000e+00
454 NaN NaN NaN NaN 1.000000e+00
455 NaN NaN NaN NaN 1.000000e+00
456 NaN NaN NaN NaN 1.000000e+00
457 NaN NaN NaN NaN 1.000000e+00
458 NaN NaN NaN NaN 1.000000e+00
459 NaN NaN NaN NaN 1.000000e+00
result for iter 3: 9.149663e-01 2.771090e-01
iter 4
344 5.417615e+02 2.993967e+02 5.698821e+01 3.603793e-01 0.000000e+00
345 5.390669e+02 2.995806e+02 5.718145e+01 2.305275e-01 0.000000e+00
346 5.407714e+02 2.995340e+02 5.704451e+01 2.109020e-01 0.000000e+00
347 5.380613e+02 2.993249e+02 5.731857e+01 7.358659e-02 0.000000e+00
348 5.382605e+02 3.003091e+02 5.747807e+01 2.776109e-01 0.000000e+00
349 5.403864e+02 3.017573e+02 5.753590e+01 2.028597e-01 0.000000e+00
350 5.389271e+02 3.025214e+02 5.731754e+01 1.562513e-02 0.000000e+00
351 NaN NaN NaN NaN 1.000000e+00
352 NaN NaN NaN NaN 1.000000e+00
353 NaN NaN NaN NaN 1.000000e+00
354 NaN NaN NaN NaN 1.000000e+00
355 NaN NaN NaN NaN 1.000000e+00
356 NaN NaN NaN NaN 1.000000e+00
357 1.056647e+00 7.737241e-01 3.885989e-01 1.488230e-01 0.000000e+00
358 NaN NaN NaN NaN 1.000000e+00
359 NaN NaN NaN NaN 1.000000e+00
360 NaN NaN NaN NaN 1.000000e+00
361 NaN NaN NaN NaN 1.000000e+00
362 NaN NaN NaN NaN 1.000000e+00
363 NaN NaN NaN NaN 1.000000e+00
364 NaN NaN NaN NaN 1.000000e+00
365 NaN NaN NaN NaN 1.000000e+00
366 NaN NaN NaN NaN 1.000000e+00
367 NaN NaN NaN NaN 1.000000e+00
368 NaN NaN NaN NaN 1.000000e+00
369 NaN NaN NaN NaN 1.000000e+00
370 NaN NaN NaN NaN 1.000000e+00
371 NaN NaN NaN NaN 1.000000e+00
372 NaN NaN NaN NaN 1.000000e+00
373 NaN NaN NaN NaN 1.000000e+00
374 NaN NaN NaN NaN 1.000000e+00
375 NaN NaN NaN NaN 1.000000e+00
376 NaN NaN NaN NaN 1.000000e+00
377 NaN NaN NaN NaN 1.000000e+00
378 NaN NaN NaN NaN 1.000000e+00
379 NaN NaN NaN NaN 1.000000e+00
380 NaN NaN NaN NaN 1.000000e+00
381 NaN NaN NaN NaN 1.000000e+00
382 NaN NaN NaN NaN 1.000000e+00
383 NaN NaN NaN NaN 1.000000e+00
384 2.803564e+00 1.093661e+00 2.968342e-02 1.115803e-01 0.000000e+00
385 5.315576e+00 1.723290e+00 3.215204e-01 9.352469e-02 0.000000e+00
386 3.670960e+00 2.226658e+00 1.532339e-01 7.923866e-02 0.000000e+00
387 4.613971e-01 2.961492e+00 3.779338e-01 3.423044e-02 0.000000e+00
388 NaN NaN NaN NaN 1.000000e+00
389 NaN NaN NaN NaN 1.000000e+00
390 1.846491e+00 6.318550e-01 1.845207e-01 1.140296e-03 0.000000e+00
391 NaN NaN NaN NaN 1.000000e+00
392 NaN NaN NaN NaN 1.000000e+00
393 NaN NaN NaN NaN 1.000000e+00
394 NaN NaN NaN NaN 1.000000e+00
395 NaN NaN NaN NaN 1.000000e+00
396 NaN NaN NaN NaN 1.000000e+00
397 NaN NaN NaN NaN 1.000000e+00
398 NaN NaN NaN NaN 1.000000e+00
399 NaN NaN NaN NaN 1.000000e+00
400 NaN NaN NaN NaN 1.000000e+00
401 NaN NaN NaN NaN 1.000000e+00
402 NaN NaN NaN NaN 1.000000e+00
403 NaN NaN NaN NaN 1.000000e+00
404 NaN NaN NaN NaN 1.000000e+00
405 NaN NaN NaN NaN 1.000000e+00
406 NaN NaN NaN NaN 1.000000e+00
407 NaN NaN NaN NaN 1.000000e+00
408 NaN NaN NaN NaN 1.000000e+00
409 NaN NaN NaN NaN 1.000000e+00
410 NaN NaN NaN NaN 1.000000e+00
411 NaN NaN NaN NaN 1.000000e+00
412 NaN NaN NaN NaN 1.000000e+00
413 NaN NaN NaN NaN 1.000000e+00
414 NaN NaN NaN NaN 1.000000e+00
415 NaN NaN NaN NaN 1.000000e+00
416 NaN NaN NaN NaN 1.000000e+00
417 NaN NaN NaN NaN 1.000000e+00
418 NaN NaN NaN NaN 1.000000e+00
419 NaN NaN NaN NaN 1.000000e+00
420 NaN NaN NaN NaN 1.000000e+00
421 NaN NaN NaN NaN 1.000000e+00
422 NaN NaN NaN NaN 1.000000e+00
423 NaN NaN NaN NaN 1.000000e+00
424 NaN NaN NaN NaN 1.000000e+00
425 NaN NaN NaN NaN 1.000000e+00
426 NaN NaN NaN NaN 1.000000e+00
427 NaN NaN NaN NaN 1.000000e+00
428 NaN NaN NaN NaN 1.000000e+00
429 NaN NaN NaN NaN 1.000000e+00
430 NaN NaN NaN NaN 1.000000e+00
431 NaN NaN NaN NaN 1.000000e+00
432 NaN NaN NaN NaN 1.000000e+00
433 NaN NaN NaN NaN 1.000000e+00
434 NaN NaN NaN NaN 1.000000e+00
435 NaN NaN NaN NaN 1.000000e+00
436 NaN NaN NaN NaN 1.000000e+00
437 NaN NaN NaN NaN 1.000000e+00
438 NaN NaN NaN NaN 1.000000e+00
439 NaN NaN NaN NaN 1.000000e+00
440 NaN NaN NaN NaN 1.000000e+00
441 NaN NaN NaN NaN 1.000000e+00
442 NaN NaN NaN NaN 1.000000e+00
443 NaN NaN NaN NaN 1.000000e+00
444 NaN NaN NaN NaN 1.000000e+00
445 NaN NaN NaN NaN 1.000000e+00
446 NaN NaN NaN NaN 1.000000e+00
447 NaN NaN NaN NaN 1.000000e+00
448 NaN NaN NaN NaN 1.000000e+00
449 NaN NaN NaN NaN 1.000000e+00
450 NaN NaN NaN NaN 1.000000e+00
451 NaN NaN NaN NaN 1.000000e+00
452 NaN NaN NaN NaN 1.000000e+00
453 NaN NaN NaN NaN 1.000000e+00
454 NaN NaN NaN NaN 1.000000e+00
455 NaN NaN NaN NaN 1.000000e+00
456 NaN NaN NaN NaN 1.000000e+00
457 NaN NaN NaN NaN 1.000000e+00
458 NaN NaN NaN NaN 1.000000e+00
459 NaN NaN NaN NaN 1.000000e+00
result for iter 4: 8.879310e-01 3.154513e-01
iter 5
344 5.062452e+02 2.704582e+02 5.683195e+01 3.555485e-01 3.525450e-01
345 5.043610e+02 2.715611e+02 5.684093e+01 5.460276e-01 1.964623e-01
346 5.054760e+02 2.733729e+02 5.682329e+01 6.531684e-01 1.403036e-01
347 5.050043e+02 2.745307e+02 5.687575e+01 8.811015e-01 8.878524e-02
348 5.043280e+02 2.764315e+02 5.699068e+01 1.028827e+00 5.552280e-02
349 5.040304e+02 2.781875e+02 5.679328e+01 1.242347e+00 3.122960e-02
350 5.024356e+02 2.791334e+02 5.701417e+01 1.457576e+00 1.902767e-02
351 5.026650e+02 2.816754e+02 5.693391e+01 1.509588e+00 2.096065e-03
352 5.026403e+02 2.821298e+02 5.704931e+01 1.494668e+00 0.000000e+00
353 5.017245e+02 2.851923e+02 5.698885e+01 1.570483e+00 0.000000e+00
354 5.033315e+02 2.874829e+02 5.668516e+01 1.679869e+00 0.000000e+00
355 5.023885e+02 2.895333e+02 5.647627e+01 1.735164e+00 0.000000e+00
356 5.010755e+02 2.902661e+02 5.648008e+01 1.729258e+00 0.000000e+00
357 5.002558e+02 2.928058e+02 5.648694e+01 1.911904e+00 0.000000e+00
358 5.037408e+02 2.941948e+02 5.642473e+01 2.201157e+00 0.000000e+00
359 5.049755e+02 2.959900e+02 5.638270e+01 2.252326e+00 0.000000e+00
360 4.998375e+02 2.984637e+02 5.641504e+01 2.390419e+00 0.000000e+00
361 4.945492e+02 2.996287e+02 5.630818e+01 2.323357e+00 0.000000e+00
362 4.929246e+02 3.029600e+02 5.585308e+01 2.248241e+00 0.000000e+00
363 4.908669e+02 3.056359e+02 5.577669e+01 2.284120e+00 0.000000e+00
364 4.862224e+02 3.099152e+02 5.593058e+01 2.005745e+00 0.000000e+00
365 4.860395e+02 3.111029e+02 5.581337e+01 2.149774e+00 0.000000e+00
366 4.827278e+02 3.133968e+02 5.567055e+01 1.873571e+00 0.000000e+00
367 4.778833e+02 3.129880e+02 5.571435e+01 1.745657e+00 0.000000e+00
368 4.746092e+02 3.138998e+02 5.581126e+01 1.727557e+00 0.000000e+00
369 4.711652e+02 3.150256e+02 5.590076e+01 1.840212e+00 0.000000e+00
370 4.676825e+02 3.150805e+02 5.581161e+01 1.687042e+00 0.000000e+00
371 4.574628e+02 3.168973e+02 5.575784e+01 1.828617e+00 0.000000e+00
372 4.522337e+02 3.180392e+02 5.569559e+01 1.733636e+00 0.000000e+00
373 4.492157e+02 3.178571e+02 5.553482e+01 1.919194e+00 0.000000e+00
374 4.405576e+02 3.181278e+02 5.543248e+01 1.627860e+00 0.000000e+00
375 4.340215e+02 3.188906e+02 5.525550e+01 1.500303e+00 0.000000e+00
376 4.273371e+02 3.195288e+02 5.531776e+01 1.621839e+00 0.000000e+00
377 4.178749e+02 3.209614e+02 5.499801e+01 1.474055e+00 0.000000e+00
378 4.093960e+02 3.214756e+02 5.480009e+01 1.450224e+00 0.000000e+00
379 4.039356e+02 3.216094e+02 5.468782e+01 1.179825e+00 0.000000e+00
380 3.960207e+02 3.224028e+02 5.430135e+01 1.045557e+00 0.000000e+00
381 3.884710e+02 3.233784e+02 5.412805e+01 8.759714e-01 0.000000e+00
382 3.822454e+02 3.248496e+02 5.408377e+01 6.521357e-01 0.000000e+00
383 3.739893e+02 3.251228e+02 5.388910e+01 7.851095e-01 0.000000e+00
384 3.653271e+02 3.244282e+02 5.368021e+01 5.239753e-01 0.000000e+00
385 3.558864e+02 3.239853e+02 5.343193e+01 5.333677e-01 0.000000e+00
386 3.437992e+02 3.257641e+02 5.334347e+01 3.207376e-01 0.000000e+00
387 NaN NaN NaN NaN 1.000000e+00
388 NaN NaN NaN NaN 1.000000e+00
389 6.534964e-01 1.270686e+00 2.021439e-01 4.436645e-02 0.000000e+00
390 NaN NaN NaN NaN 1.000000e+00
391 NaN NaN NaN NaN 1.000000e+00
392 NaN NaN NaN NaN 1.000000e+00
393 NaN NaN NaN NaN 1.000000e+00
394 NaN NaN NaN NaN 1.000000e+00
395 NaN NaN NaN NaN 1.000000e+00
396 NaN NaN NaN NaN 1.000000e+00
397 NaN NaN NaN NaN 1.000000e+00
398 NaN NaN NaN NaN 1.000000e+00
399 NaN NaN NaN NaN 1.000000e+00
400 NaN NaN NaN NaN 1.000000e+00
401 NaN NaN NaN NaN 1.000000e+00
402 NaN NaN NaN NaN 1.000000e+00
403 NaN NaN NaN NaN 1.000000e+00
404 NaN NaN NaN NaN 1.000000e+00
405 NaN NaN NaN NaN 1.000000e+00
406 NaN NaN NaN NaN 1.000000e+00
407 NaN NaN NaN NaN 1.000000e+00
408 NaN NaN NaN NaN 1.000000e+00
409 NaN NaN NaN NaN 1.000000e+00
410 NaN NaN NaN NaN 1.000000e+00
411 NaN NaN NaN NaN 1.000000e+00
412 NaN NaN NaN NaN 1.000000e+00
413 NaN NaN NaN NaN 1.000000e+00
414 NaN NaN NaN NaN 1.000000e+00
415 NaN NaN NaN NaN 1.000000e+00
416 NaN NaN NaN NaN 1.000000e+00
417 NaN NaN NaN NaN 1.000000e+00
418 NaN NaN NaN NaN 1.000000e+00
419 NaN NaN NaN NaN 1.000000e+00
420 NaN NaN NaN NaN 1.000000e+00
421 NaN NaN NaN NaN 1.000000e+00
422 NaN NaN NaN NaN 1.000000e+00
423 NaN NaN NaN NaN 1.000000e+00
424 NaN NaN NaN NaN 1.000000e+00
425 NaN NaN NaN NaN 1.000000e+00
426 NaN NaN NaN NaN 1.000000e+00
427 NaN NaN NaN NaN 1.000000e+00
428 NaN NaN NaN NaN 1.000000e+00
429 NaN NaN NaN NaN 1.000000e+00
430 NaN NaN NaN NaN 1.000000e+00
431 NaN NaN NaN NaN 1.000000e+00
432 NaN NaN NaN NaN 1.000000e+00
433 NaN NaN NaN NaN 1.000000e+00
434 NaN NaN NaN NaN 1.000000e+00
435 NaN NaN NaN NaN 1.000000e+00
436 NaN NaN NaN NaN 1.000000e+00
437 NaN NaN NaN NaN 1.000000e+00
438 2.421525e+00 5.698524e-01 1.388460e-02 1.369016e-02 0.000000e+00
439 NaN NaN NaN NaN 1.000000e+00
440 NaN NaN NaN NaN 1.000000e+00
441 NaN NaN NaN NaN 1.000000e+00
442 NaN NaN NaN NaN 1.000000e+00
443 NaN NaN NaN NaN 1.000000e+00
444 NaN NaN NaN NaN 1.000000e+00
445 NaN NaN NaN NaN 1.000000e+00
446 NaN NaN NaN NaN 1.000000e+00
447 NaN NaN NaN NaN 1.000000e+00
448 NaN NaN NaN NaN 1.000000e+00
449 NaN NaN NaN NaN 1.000000e+00
450 NaN NaN NaN NaN 1.000000e+00
451 NaN NaN NaN NaN 1.000000e+00
452 NaN NaN NaN NaN 1.000000e+00
453 NaN NaN NaN NaN 1.000000e+00
454 NaN NaN NaN NaN 1.000000e+00
455 NaN NaN NaN NaN 1.000000e+00
456 NaN NaN NaN NaN 1.000000e+00
457 NaN NaN NaN NaN 1.000000e+00
458 NaN NaN NaN NaN 1.000000e+00
459 NaN NaN NaN NaN 1.000000e+00
result for iter 5: 6.197067e-01 4.792834e-01
iter 6
344 5.757617e+02 2.707195e+02 5.708914e+01 3.310153e-01 9.659777e-02
345 5.771162e+02 2.707939e+02 5.703168e+01 3.532008e-01 7.690139e-02
346 5.774470e+02 2.704601e+02 5.697516e+01 4.045249e-01 6.637458e-02
347 5.793751e+02 2.704214e+02 5.663376e+01 2.727403e-01 6.347809e-02
348 5.819190e+02 2.723546e+02 5.629511e+01 5.300840e-02 8.961050e-03
349 5.822857e+02 2.723259e+02 5.626650e+01 2.210326e-01 3.441790e-02
350 5.870702e+02 2.712763e+02 5.649529e+01 2.668592e-01 0.000000e+00
351 5.844962e+02 2.693271e+02 5.663245e+01 3.713679e-01 5.360302e-03
352 5.888179e+02 2.664043e+02 5.672866e+01 5.113606e-01 0.000000e+00
353 5.940379e+02 2.673709e+02 5.710176e+01 4.688048e-01 0.000000e+00
354 5.947437e+02 2.652852e+02 5.732291e+01 1.998588e-01 0.000000e+00
355 NaN NaN NaN NaN 1.000000e+00
356 NaN NaN NaN NaN 1.000000e+00
357 NaN NaN NaN NaN 1.000000e+00
358 NaN NaN NaN NaN 1.000000e+00
359 NaN NaN NaN NaN 1.000000e+00
360 NaN NaN NaN NaN 1.000000e+00
361 NaN NaN NaN NaN 1.000000e+00
362 NaN NaN NaN NaN 1.000000e+00
363 NaN NaN NaN NaN 1.000000e+00
364 NaN NaN NaN NaN 1.000000e+00
365 NaN NaN NaN NaN 1.000000e+00
366 NaN NaN NaN NaN 1.000000e+00
367 NaN NaN NaN NaN 1.000000e+00
368 3.535763e+00 6.567627e-01 4.243153e-02 1.092658e-01 0.000000e+00
369 NaN NaN NaN NaN 1.000000e+00
370 NaN NaN NaN NaN 1.000000e+00
371 NaN NaN NaN NaN 1.000000e+00
372 NaN NaN NaN NaN 1.000000e+00
373 NaN NaN NaN NaN 1.000000e+00
374 NaN NaN NaN NaN 1.000000e+00
375 NaN NaN NaN NaN 1.000000e+00
376 NaN NaN NaN NaN 1.000000e+00
377 NaN NaN NaN NaN 1.000000e+00
378 NaN NaN NaN NaN 1.000000e+00
379 NaN NaN NaN NaN 1.000000e+00
380 NaN NaN NaN NaN 1.000000e+00
381 NaN NaN NaN NaN 1.000000e+00
382 NaN NaN NaN NaN 1.000000e+00
383 NaN NaN NaN NaN 1.000000e+00
384 NaN NaN NaN NaN 1.000000e+00
385 NaN NaN NaN NaN 1.000000e+00
386 NaN NaN NaN NaN 1.000000e+00
387 NaN NaN NaN NaN 1.000000e+00
388 NaN NaN NaN NaN 1.000000e+00
389 NaN NaN NaN NaN 1.000000e+00
390 NaN NaN NaN NaN 1.000000e+00
391 NaN NaN NaN NaN 1.000000e+00
392 NaN NaN NaN NaN 1.000000e+00
393 NaN NaN NaN NaN 1.000000e+00
394 NaN NaN NaN NaN 1.000000e+00
395 1.413484e+00 5.075665e-01 1.180658e-01 2.931777e-01 0.000000e+00
396 2.367938e+00 2.012227e+00 4.817906e-02 4.789840e-01 0.000000e+00
397 5.562662e+00 9.524059e-01 2.068910e-01 3.709332e-01 0.000000e+00
398 6.057567e+00 1.190859e+00 3.945887e-01 4.073217e-01 0.000000e+00
399 NaN NaN NaN NaN 1.000000e+00
400 NaN NaN NaN NaN 1.000000e+00
401 NaN NaN NaN NaN 1.000000e+00
402 NaN NaN NaN NaN 1.000000e+00
403 NaN NaN NaN NaN 1.000000e+00
404 NaN NaN NaN NaN 1.000000e+00
405 NaN NaN NaN NaN 1.000000e+00
406 NaN NaN NaN NaN 1.000000e+00
407 NaN NaN NaN NaN 1.000000e+00
408 NaN NaN NaN NaN 1.000000e+00
409 NaN NaN NaN NaN 1.000000e+00
410 NaN NaN NaN NaN 1.000000e+00
411 NaN NaN NaN NaN 1.000000e+00
412 NaN NaN NaN NaN 1.000000e+00
413 NaN NaN NaN NaN 1.000000e+00
414 NaN NaN NaN NaN 1.000000e+00
415 NaN NaN NaN NaN 1.000000e+00
416 NaN NaN NaN NaN 1.000000e+00
417 NaN NaN NaN NaN 1.000000e+00
418 NaN NaN NaN NaN 1.000000e+00
419 NaN NaN NaN NaN 1.000000e+00
420 NaN NaN NaN NaN 1.000000e+00
421 NaN NaN NaN NaN 1.000000e+00
422 NaN NaN NaN NaN 1.000000e+00
423 NaN NaN NaN NaN 1.000000e+00
424 NaN NaN NaN NaN 1.000000e+00
425 NaN NaN NaN NaN 1.000000e+00
426 NaN NaN NaN NaN 1.000000e+00
427 NaN NaN NaN NaN 1.000000e+00
428 NaN NaN NaN NaN 1.000000e+00
429 NaN NaN NaN NaN 1.000000e+00
430 NaN NaN NaN NaN 1.000000e+00
431 NaN NaN NaN NaN 1.000000e+00
432 NaN NaN NaN NaN 1.000000e+00
433 NaN NaN NaN NaN 1.000000e+00
434 NaN NaN NaN NaN 1.000000e+00
435 NaN NaN NaN NaN 1.000000e+00
436 NaN NaN NaN NaN 1.000000e+00
437 NaN NaN NaN NaN 1.000000e+00
438 NaN NaN NaN NaN 1.000000e+00
439 NaN NaN NaN NaN 1.000000e+00
440 NaN NaN NaN NaN 1.000000e+00
441 NaN NaN NaN NaN 1.000000e+00
442 NaN NaN NaN NaN 1.000000e+00
443 NaN NaN NaN NaN 1.000000e+00
444 NaN NaN NaN NaN 1.000000e+00
445 NaN NaN NaN NaN 1.000000e+00
446 NaN NaN NaN NaN 1.000000e+00
447 NaN NaN NaN NaN 1.000000e+00
448 NaN NaN NaN NaN 1.000000e+00
449 NaN NaN NaN NaN 1.000000e+00
450 NaN NaN NaN NaN 1.000000e+00
451 NaN NaN NaN NaN 1.000000e+00
452 NaN NaN NaN NaN 1.000000e+00
453 NaN NaN NaN NaN 1.000000e+00
454 NaN NaN NaN NaN 1.000000e+00
455 NaN NaN NaN NaN 1.000000e+00
456 NaN NaN NaN NaN 1.000000e+00
457 NaN NaN NaN NaN 1.000000e+00
458 NaN NaN NaN NaN 1.000000e+00
459 NaN NaN NaN NaN 1.000000e+00
result for iter 6: 8.651042e-01 3.374595e-01
iter 7
344 5.330571e+02 2.839258e+02 5.705267e+01 3.850447e-01 0.000000e+00
345 5.360743e+02 2.854228e+02 5.744270e+01 2.934441e-01 0.000000e+00
346 5.355877e+02 2.853686e+02 5.771440e+01 4.733393e-01 0.000000e+00
347 5.387901e+02 2.853334e+02 5.771466e+01 2.179520e-01 0.000000e+00
348 NaN NaN NaN NaN 1.000000e+00
349 NaN NaN NaN NaN 1.000000e+00
350 NaN NaN NaN NaN 1.000000e+00
351 NaN NaN NaN NaN 1.000000e+00
352 NaN NaN NaN NaN 1.000000e+00
353 NaN NaN NaN NaN 1.000000e+00
354 NaN NaN NaN NaN 1.000000e+00
355 NaN NaN NaN NaN 1.000000e+00
356 NaN NaN NaN NaN 1.000000e+00
357 NaN NaN NaN NaN 1.000000e+00
358 NaN NaN NaN NaN 1.000000e+00
359 NaN NaN NaN NaN 1.000000e+00
360 NaN NaN NaN NaN 1.000000e+00
361 NaN NaN NaN NaN 1.000000e+00
362 NaN NaN NaN NaN 1.000000e+00
363 NaN NaN NaN NaN 1.000000e+00
364 NaN NaN NaN NaN 1.000000e+00
365 NaN NaN NaN NaN 1.000000e+00
366 NaN NaN NaN NaN 1.000000e+00
367 NaN NaN NaN NaN 1.000000e+00
368 NaN NaN NaN NaN 1.000000e+00
369 NaN NaN NaN NaN 1.000000e+00
370 NaN NaN NaN NaN 1.000000e+00
371 NaN NaN NaN NaN 1.000000e+00
372 NaN NaN NaN NaN 1.000000e+00
373 NaN NaN NaN NaN 1.000000e+00
374 NaN NaN NaN NaN 1.000000e+00
375 NaN NaN NaN NaN 1.000000e+00
376 NaN NaN NaN NaN 1.000000e+00
377 NaN NaN NaN NaN 1.000000e+00
378 NaN NaN NaN NaN 1.000000e+00
379 NaN NaN NaN NaN 1.000000e+00
380 NaN NaN NaN NaN 1.000000e+00
381 NaN NaN NaN NaN 1.000000e+00
382 NaN NaN NaN NaN 1.000000e+00
383 NaN NaN NaN NaN 1.000000e+00
384 NaN NaN NaN NaN 1.000000e+00
385 NaN NaN NaN NaN 1.000000e+00
386 NaN NaN NaN NaN 1.000000e+00
387 NaN NaN NaN NaN 1.000000e+00
388 NaN NaN NaN NaN 1.000000e+00
389 NaN NaN NaN NaN 1.000000e+00
390 NaN NaN NaN NaN 1.000000e+00
391 NaN NaN NaN NaN 1.000000e+00
392 NaN NaN NaN NaN 1.000000e+00
393 NaN NaN NaN NaN 1.000000e+00
394 NaN NaN NaN NaN 1.000000e+00
395 NaN NaN NaN NaN 1.000000e+00
396 NaN NaN NaN NaN 1.000000e+00
397 NaN NaN NaN NaN 1.000000e+00
398 NaN NaN NaN NaN 1.000000e+00
399 NaN NaN NaN NaN 1.000000e+00
400 NaN NaN NaN NaN 1.000000e+00
401 NaN NaN NaN NaN 1.000000e+00
402 NaN NaN NaN NaN 1.000000e+00
403 NaN NaN NaN NaN 1.000000e+00
404 8.627831e-01 7.187886e-01 1.066560e-01 3.432852e-02 0.000000e+00
405 NaN NaN NaN NaN 1.000000e+00
406 NaN NaN NaN NaN 1.000000e+00
407 NaN NaN NaN NaN 1.000000e+00
408 NaN NaN NaN NaN 1.000000e+00
409 4.082004e+00 6.837571e-01 7.197874e-02 1.030989e-01 0.000000e+00
410 NaN NaN NaN NaN 1.000000e+00
411 NaN NaN NaN NaN 1.000000e+00
412 NaN NaN NaN NaN 1.000000e+00
413 NaN NaN NaN NaN 1.000000e+00
414 NaN NaN NaN NaN 1.000000e+00
415 NaN NaN NaN NaN 1.000000e+00
416 NaN NaN NaN NaN 1.000000e+00
417 NaN NaN NaN NaN 1.000000e+00
418 NaN NaN NaN NaN 1.000000e+00
419 NaN NaN NaN NaN 1.000000e+00
420 NaN NaN NaN NaN 1.000000e+00
421 NaN NaN NaN NaN 1.000000e+00
422 NaN NaN NaN NaN 1.000000e+00
423 NaN NaN NaN NaN 1.000000e+00
424 NaN NaN NaN NaN 1.000000e+00
425 NaN NaN NaN NaN 1.000000e+00
426 NaN NaN NaN NaN 1.000000e+00
427 NaN NaN NaN NaN 1.000000e+00
428 NaN NaN NaN NaN 1.000000e+00
429 NaN NaN NaN NaN 1.000000e+00
430 NaN NaN NaN NaN 1.000000e+00
431 NaN NaN NaN NaN 1.000000e+00
432 NaN NaN NaN NaN 1.000000e+00
433 NaN NaN NaN NaN 1.000000e+00
434 NaN NaN NaN NaN 1.000000e+00
435 NaN NaN NaN NaN 1.000000e+00
436 NaN NaN NaN NaN 1.000000e+00
437 NaN NaN NaN NaN 1.000000e+00
438 NaN NaN NaN NaN 1.000000e+00
439 NaN NaN NaN NaN 1.000000e+00
440 NaN NaN NaN NaN 1.000000e+00
441 NaN NaN NaN NaN 1.000000e+00
442 NaN NaN NaN NaN 1.000000e+00
443 NaN NaN NaN NaN 1.000000e+00
444 NaN NaN NaN NaN 1.000000e+00
445 NaN NaN NaN NaN 1.000000e+00
446 NaN NaN NaN NaN 1.000000e+00
447 2.392425e+00 1.264301e+00 1.602310e-01 1.360022e-01 0.000000e+00
448 3.016146e+00 2.264071e+00 3.430953e-01 1.632024e-01 0.000000e+00
449 NaN NaN NaN NaN 1.000000e+00
450 NaN NaN NaN NaN 1.000000e+00
451 NaN NaN NaN NaN 1.000000e+00
452 NaN NaN NaN NaN 1.000000e+00
453 NaN NaN NaN NaN 1.000000e+00
454 NaN NaN NaN NaN 1.000000e+00
455 NaN NaN NaN NaN 1.000000e+00
456 NaN NaN NaN NaN 1.000000e+00
457 NaN NaN NaN NaN 1.000000e+00
458 9.782435e-01 6.769717e-01 3.517792e-03 6.301574e-02 0.000000e+00
459 NaN NaN NaN NaN 1.000000e+00
result for iter 7: 9.224138e-01 2.675193e-01
iter 8
344 5.758751e+02 2.271441e+02 5.704366e+01 4.883708e-01 0.000000e+00
345 5.786707e+02 2.260427e+02 5.679647e+01 2.811163e-01 0.000000e+00
346 5.775661e+02 2.250321e+02 5.668011e+01 4.245634e-01 0.000000e+00
347 5.793351e+02 2.252529e+02 5.660297e+01 4.657816e-01 0.000000e+00
348 5.836560e+02 2.241366e+02 5.677127e+01 5.109107e-01 0.000000e+00
349 5.847335e+02 2.243049e+02 5.675630e+01 6.352378e-01 0.000000e+00
350 5.870117e+02 2.244709e+02 5.694349e+01 8.376730e-01 0.000000e+00
351 5.840289e+02 2.251824e+02 5.649344e+01 9.488784e-01 4.741927e-03
352 5.844363e+02 2.255692e+02 5.627741e+01 9.973430e-01 3.157969e-03
353 5.835413e+02 2.262160e+02 5.603014e+01 9.588725e-01 7.724872e-03
354 5.811240e+02 2.267889e+02 5.564744e+01 1.108117e+00 2.033222e-02
355 5.832768e+02 2.275788e+02 5.569356e+01 1.527331e+00 6.547421e-03
356 5.891074e+02 2.289053e+02 5.561088e+01 1.343496e+00 0.000000e+00
357 5.877422e+02 2.291637e+02 5.539091e+01 1.359571e+00 0.000000e+00
358 5.944282e+02 2.279619e+02 5.529542e+01 1.223484e+00 0.000000e+00
359 6.000807e+02 2.286830e+02 5.490077e+01 1.269659e+00 0.000000e+00
360 5.978867e+02 2.272033e+02 5.456227e+01 1.392534e+00 0.000000e+00
361 5.978154e+02 2.258732e+02 5.434595e+01 1.667265e+00 0.000000e+00
362 5.978750e+02 2.255327e+02 5.415033e+01 1.730535e+00 0.000000e+00
363 5.947800e+02 2.240480e+02 5.400690e+01 2.084360e+00 0.000000e+00
364 5.959644e+02 2.239034e+02 5.345997e+01 2.368871e+00 0.000000e+00
365 5.984807e+02 2.225825e+02 5.308983e+01 2.582956e+00 0.000000e+00
366 6.002208e+02 2.216818e+02 5.295573e+01 2.944942e+00 0.000000e+00
367 6.036681e+02 2.205665e+02 5.276714e+01 2.981688e+00 0.000000e+00
368 6.057823e+02 2.191434e+02 5.243879e+01 3.322495e+00 0.000000e+00
369 6.080379e+02 2.191190e+02 5.221637e+01 3.745186e+00 0.000000e+00
370 6.148588e+02 2.185814e+02 5.225203e+01 3.953230e+00 0.000000e+00
371 6.194010e+02 2.176120e+02 5.216258e+01 4.366627e+00 0.000000e+00
372 6.251254e+02 2.166556e+02 5.205055e+01 4.559686e+00 0.000000e+00
373 6.266970e+02 2.144698e+02 5.176165e+01 4.749796e+00 0.000000e+00
374 6.286328e+02 2.127008e+02 5.162432e+01 4.724415e+00 0.000000e+00
375 6.306818e+02 2.109701e+02 5.179761e+01 4.904769e+00 0.000000e+00
376 6.310858e+02 2.094308e+02 5.182260e+01 5.137999e+00 0.000000e+00
377 6.342948e+02 2.070091e+02 5.173450e+01 5.173405e+00 0.000000e+00
378 6.385566e+02 2.055440e+02 5.165797e+01 5.337129e+00 0.000000e+00
379 NaN NaN NaN NaN 1.000000e+00
380 NaN NaN NaN NaN 1.000000e+00
381 NaN NaN NaN NaN 1.000000e+00
382 NaN NaN NaN NaN 1.000000e+00
383 NaN NaN NaN NaN 1.000000e+00
384 NaN NaN NaN NaN 1.000000e+00
385 NaN NaN NaN NaN 1.000000e+00
386 NaN NaN NaN NaN 1.000000e+00
387 NaN NaN NaN NaN 1.000000e+00
388 NaN NaN NaN NaN 1.000000e+00
389 NaN NaN NaN NaN 1.000000e+00
390 NaN NaN NaN NaN 1.000000e+00
391 NaN NaN NaN NaN 1.000000e+00
392 NaN NaN NaN NaN 1.000000e+00
393 NaN NaN NaN NaN 1.000000e+00
394 NaN NaN NaN NaN 1.000000e+00
395 NaN NaN NaN NaN 1.000000e+00
396 NaN NaN NaN NaN 1.000000e+00
397 NaN NaN NaN NaN 1.000000e+00
398 NaN NaN NaN NaN 1.000000e+00
399 NaN NaN NaN NaN 1.000000e+00
400 NaN NaN NaN NaN 1.000000e+00
401 NaN NaN NaN NaN 1.000000e+00
402 NaN NaN NaN NaN 1.000000e+00
403 NaN NaN NaN NaN 1.000000e+00
404 NaN NaN NaN NaN 1.000000e+00
405 NaN NaN NaN NaN 1.000000e+00
406 NaN NaN NaN NaN 1.000000e+00
407 NaN NaN NaN NaN 1.000000e+00
408 NaN NaN NaN NaN 1.000000e+00
409 NaN NaN NaN NaN 1.000000e+00
410 4.135978e+00 9.244179e-01 1.965582e-01 1.772739e-02 0.000000e+00
411 1.184391e+01 1.670762e+00 5.620733e-02 9.718534e-02 0.000000e+00
412 NaN NaN NaN NaN 1.000000e+00
413 1.200899e+00 6.550418e-01 5.144523e-02 8.776269e-02 0.000000e+00
414 NaN NaN NaN NaN 1.000000e+00
415 NaN NaN NaN NaN 1.000000e+00
416 NaN NaN NaN NaN 1.000000e+00
417 NaN NaN NaN NaN 1.000000e+00
418 NaN NaN NaN NaN 1.000000e+00
419 NaN NaN NaN NaN 1.000000e+00
420 7.018676e-01 1.084186e+00 4.075631e-02 6.257846e-02 0.000000e+00
421 4.286581e+00 1.283880e+00 8.465605e-02 8.380913e-02 0.000000e+00
422 NaN NaN NaN NaN 1.000000e+00
423 NaN NaN NaN NaN 1.000000e+00
424 NaN NaN NaN NaN 1.000000e+00
425 NaN NaN NaN NaN 1.000000e+00
426 NaN NaN NaN NaN 1.000000e+00
427 NaN NaN NaN NaN 1.000000e+00
428 NaN NaN NaN NaN 1.000000e+00
429 NaN NaN NaN NaN 1.000000e+00
430 1.271763e+00 1.590176e+00 9.398828e-03 1.986037e-01 0.000000e+00
431 NaN NaN NaN NaN 1.000000e+00
432 NaN NaN NaN NaN 1.000000e+00
433 NaN NaN NaN NaN 1.000000e+00
434 NaN NaN NaN NaN 1.000000e+00
435 NaN NaN NaN NaN 1.000000e+00
436 NaN NaN NaN NaN 1.000000e+00
437 NaN NaN NaN NaN 1.000000e+00
438 NaN NaN NaN NaN 1.000000e+00
439 NaN NaN NaN NaN 1.000000e+00
440 NaN NaN NaN NaN 1.000000e+00
441 NaN NaN NaN NaN 1.000000e+00
442 NaN NaN NaN NaN 1.000000e+00
443 NaN NaN NaN NaN 1.000000e+00
444 NaN NaN NaN NaN 1.000000e+00
445 NaN NaN NaN NaN 1.000000e+00
446 NaN NaN NaN NaN 1.000000e+00
447 NaN NaN NaN NaN 1.000000e+00
448 NaN NaN NaN NaN 1.000000e+00
449 NaN NaN NaN NaN 1.000000e+00
450 1.878851e+00 1.388437e+00 9.902233e-02 4.891838e-02 0.000000e+00
451 NaN NaN NaN NaN 1.000000e+00
452 NaN NaN NaN NaN 1.000000e+00
453 NaN NaN NaN NaN 1.000000e+00
454 NaN NaN NaN NaN 1.000000e+00
455 NaN NaN NaN NaN 1.000000e+00
456 NaN NaN NaN NaN 1.000000e+00
457 NaN NaN NaN NaN 1.000000e+00
458 NaN NaN NaN NaN 1.000000e+00
459 NaN NaN NaN NaN 1.000000e+00
result for iter 8: 6.382975e-01 4.801168e-01
iter 9
344 4.823090e+02 3.013439e+02 5.716904e+01 1.508708e-01 0.000000e+00
345 4.830530e+02 3.005624e+02 5.704325e+01 7.268286e-02 0.000000e+00
346 4.845283e+02 2.997088e+02 5.700777e+01 9.393180e-02 0.000000e+00
347 4.860576e+02 2.970686e+02 5.689557e+01 3.209562e-01 0.000000e+00
348 4.868850e+02 2.952982e+02 5.700885e+01 6.108021e-01 0.000000e+00
349 4.944320e+02 2.934887e+02 5.680227e+01 7.831683e-01 0.000000e+00
350 4.958702e+02 2.933998e+02 5.666353e+01 8.995897e-01 0.000000e+00
351 4.984817e+02 2.930008e+02 5.635859e+01 9.753281e-01 0.000000e+00
352 4.972756e+02 2.910172e+02 5.648940e+01 1.408766e+00 0.000000e+00
353 4.969848e+02 2.885703e+02 5.647723e+01 1.690124e+00 0.000000e+00
354 4.971269e+02 2.878443e+02 5.622491e+01 2.150028e+00 0.000000e+00
355 4.989775e+02 2.859867e+02 5.599760e+01 2.250428e+00 0.000000e+00
356 5.001901e+02 2.868267e+02 5.606184e+01 2.195730e+00 0.000000e+00
357 5.037472e+02 2.855361e+02 5.581243e+01 2.364636e+00 0.000000e+00
358 5.077089e+02 2.840759e+02 5.566784e+01 2.275602e+00 0.000000e+00
359 5.056174e+02 2.843669e+02 5.548114e+01 2.247804e+00 0.000000e+00
360 5.068607e+02 2.849620e+02 5.523290e+01 2.553405e+00 0.000000e+00
361 5.068486e+02 2.870833e+02 5.515385e+01 2.508400e+00 0.000000e+00
362 5.123595e+02 2.886322e+02 5.500378e+01 2.432667e+00 0.000000e+00
363 5.141208e+02 2.887674e+02 5.498029e+01 2.414684e+00 0.000000e+00
364 5.175940e+02 2.898093e+02 5.503706e+01 2.703129e+00 0.000000e+00
365 5.208340e+02 2.891189e+02 5.492513e+01 2.634567e+00 0.000000e+00
366 5.198750e+02 2.912085e+02 5.477236e+01 2.675672e+00 0.000000e+00
367 5.197340e+02 2.920994e+02 5.448703e+01 2.861888e+00 0.000000e+00
368 5.207679e+02 2.924376e+02 5.414902e+01 3.083271e+00 0.000000e+00
369 5.243127e+02 2.929414e+02 5.410226e+01 3.311597e+00 0.000000e+00
370 5.254061e+02 2.936364e+02 5.404285e+01 3.511753e+00 0.000000e+00
371 5.249451e+02 2.922679e+02 5.404171e+01 3.719944e+00 0.000000e+00
372 5.235491e+02 2.900095e+02 5.389547e+01 4.351437e+00 0.000000e+00
373 5.249199e+02 2.903834e+02 5.378929e+01 4.267332e+00 0.000000e+00
374 5.261778e+02 2.883175e+02 5.382304e+01 4.584412e+00 0.000000e+00
375 5.267143e+02 2.889271e+02 5.360549e+01 4.621838e+00 0.000000e+00
376 5.257406e+02 2.869980e+02 5.359487e+01 4.714037e+00 0.000000e+00
377 5.259336e+02 2.873122e+02 5.347730e+01 4.830973e+00 0.000000e+00
378 5.282338e+02 2.858980e+02 5.358833e+01 4.715475e+00 0.000000e+00
379 5.257911e+02 2.848654e+02 5.360723e+01 4.739368e+00 0.000000e+00
380 5.268305e+02 2.845493e+02 5.352171e+01 4.927352e+00 0.000000e+00
381 5.292339e+02 2.855588e+02 5.355552e+01 4.811523e+00 0.000000e+00
382 5.258354e+02 2.856016e+02 5.349269e+01 4.847332e+00 0.000000e+00
383 5.216153e+02 2.843303e+02 5.323971e+01 4.755268e+00 0.000000e+00
384 5.181722e+02 2.834096e+02 5.291794e+01 4.978478e+00 0.000000e+00
385 5.131956e+02 2.822744e+02 5.296958e+01 5.026708e+00 0.000000e+00
386 5.067580e+02 2.817893e+02 5.289713e+01 4.998319e+00 4.768963e-04
387 5.030473e+02 2.793359e+02 5.291507e+01 5.290365e+00 5.028944e-03
388 5.018310e+02 2.779095e+02 5.297799e+01 5.301599e+00 7.369855e-03
389 4.969697e+02 2.763743e+02 5.303940e+01 5.332291e+00 8.253987e-03
390 4.964529e+02 2.747515e+02 5.286855e+01 5.402341e+00 1.023502e-02
391 4.952221e+02 2.747871e+02 5.275293e+01 5.389964e+00 9.605457e-03
392 4.929443e+02 2.742552e+02 5.265405e+01 5.622540e+00 8.743479e-03
393 4.872459e+02 2.724759e+02 5.276245e+01 5.548224e+00 7.404568e-03
394 4.794183e+02 2.711932e+02 5.275291e+01 5.406614e+00 2.995972e-03
395 4.768178e+02 2.679900e+02 5.274696e+01 5.533959e+00 1.423834e-03
396 4.705370e+02 2.664010e+02 5.256969e+01 5.500625e+00 0.000000e+00
397 4.636830e+02 2.647206e+02 5.268781e+01 5.497546e+00 0.000000e+00
398 4.584326e+02 2.631092e+02 5.269466e+01 5.246404e+00 0.000000e+00
399 4.503047e+02 2.612545e+02 5.281248e+01 4.794347e+00 0.000000e+00
400 4.460268e+02 2.587882e+02 5.268976e+01 4.060207e+00 0.000000e+00
401 4.419611e+02 2.561022e+02 5.266710e+01 3.890386e+00 0.000000e+00
402 4.386702e+02 2.541358e+02 5.289635e+01 3.530802e+00 0.000000e+00
403 4.343882e+02 2.522437e+02 5.317935e+01 3.424845e+00 0.000000e+00
404 4.358000e+02 2.485134e+02 5.351778e+01 3.109813e+00 0.000000e+00
405 4.336262e+02 2.460347e+02 5.356995e+01 2.581058e+00 0.000000e+00
406 4.339955e+02 2.430109e+02 5.375955e+01 2.271912e+00 0.000000e+00
407 4.336525e+02 2.405800e+02 5.417995e+01 1.777908e+00 0.000000e+00
408 4.376506e+02 2.364699e+02 5.441344e+01 1.668654e+00 0.000000e+00
409 4.378554e+02 2.351819e+02 5.464170e+01 1.335286e+00 0.000000e+00
410 4.380595e+02 2.313925e+02 5.475121e+01 1.023738e+00 0.000000e+00
411 4.414721e+02 2.278567e+02 5.507714e+01 5.058006e-01 0.000000e+00
412 NaN NaN NaN NaN 1.000000e+00
413 NaN NaN NaN NaN 1.000000e+00
414 NaN NaN NaN NaN 1.000000e+00
415 NaN NaN NaN NaN 1.000000e+00
416 NaN NaN NaN NaN 1.000000e+00
417 NaN NaN NaN NaN 1.000000e+00
418 NaN NaN NaN NaN 1.000000e+00
419 NaN NaN NaN NaN 1.000000e+00
420 NaN NaN NaN NaN 1.000000e+00
421 NaN NaN NaN NaN 1.000000e+00
422 NaN NaN NaN NaN 1.000000e+00
423 NaN NaN NaN NaN 1.000000e+00
424 NaN NaN NaN NaN 1.000000e+00
425 NaN NaN NaN NaN 1.000000e+00
426 NaN NaN NaN NaN 1.000000e+00
427 NaN NaN NaN NaN 1.000000e+00
428 NaN NaN NaN NaN 1.000000e+00
429 NaN NaN NaN NaN 1.000000e+00
430 NaN NaN NaN NaN 1.000000e+00
431 NaN NaN NaN NaN 1.000000e+00
432 NaN NaN NaN NaN 1.000000e+00
433 NaN NaN NaN NaN 1.000000e+00
434 NaN NaN NaN NaN 1.000000e+00
435 NaN NaN NaN NaN 1.000000e+00
436 NaN NaN NaN NaN 1.000000e+00
437 NaN NaN NaN NaN 1.000000e+00
438 NaN NaN NaN NaN 1.000000e+00
439 NaN NaN NaN NaN 1.000000e+00
440 NaN NaN NaN NaN 1.000000e+00
441 NaN NaN NaN NaN 1.000000e+00
442 NaN NaN NaN NaN 1.000000e+00
443 NaN NaN NaN NaN 1.000000e+00
444 NaN NaN NaN NaN 1.000000e+00
445 NaN NaN NaN NaN 1.000000e+00
446 NaN NaN NaN NaN 1.000000e+00
447 NaN NaN NaN NaN 1.000000e+00
448 NaN NaN NaN NaN 1.000000e+00
449 NaN NaN NaN NaN 1.000000e+00
450 NaN NaN NaN NaN 1.000000e+00
451 NaN NaN NaN NaN 1.000000e+00
452 NaN NaN NaN NaN 1.000000e+00
453 NaN NaN NaN NaN 1.000000e+00
454 NaN NaN NaN NaN 1.000000e+00
455 NaN NaN NaN NaN 1.000000e+00
456 NaN NaN NaN NaN 1.000000e+00
457 NaN NaN NaN NaN 1.000000e+00
458 NaN NaN NaN NaN 1.000000e+00
459 NaN NaN NaN NaN 1.000000e+00
result for iter 9: 4.143236e-01 4.920704e-01
iter 10
344 4.947495e+02 2.706114e+02 5.705289e+01 2.373442e-01 2.642072e-01
345 5.002085e+02 2.698520e+02 5.698240e+01 3.238108e-01 3.372707e-01
346 5.069096e+02 2.703668e+02 5.681545e+01 5.514064e-01 2.334892e-01
347 5.065000e+02 2.691893e+02 5.672792e+01 6.594119e-01 2.126709e-01
348 5.083577e+02 2.697113e+02 5.691230e+01 5.529746e-01 2.557093e-01
349 5.133570e+02 2.694698e+02 5.669109e+01 4.033460e-01 4.064407e-01
350 5.143086e+02 2.704783e+02 5.667505e+01 5.809342e-01 2.654036e-01
351 5.144933e+02 2.712360e+02 5.684638e+01 4.840116e-01 2.982609e-01
352 5.109520e+02 2.716972e+02 5.703612e+01 3.559483e-01 3.557934e-01
353 5.144789e+02 2.732502e+02 5.718442e+01 5.771358e-01 2.024333e-01
354 5.174513e+02 2.753762e+02 5.712438e+01 5.083490e-01 1.859774e-01
355 5.197655e+02 2.767735e+02 5.716807e+01 4.817226e-01 1.624473e-01
356 5.215758e+02 2.785956e+02 5.711851e+01 6.590386e-01 8.026682e-02
357 5.213457e+02 2.813574e+02 5.699940e+01 7.303895e-01 1.363334e-02
358 5.210493e+02 2.834647e+02 5.712661e+01 6.158621e-01 0.000000e+00
359 5.198708e+02 2.854732e+02 5.682667e+01 6.576602e-01 0.000000e+00
360 5.186136e+02 2.883335e+02 5.677729e+01 5.248666e-01 0.000000e+00
361 5.183845e+02 2.904272e+02 5.666658e+01 6.812043e-01 0.000000e+00
362 5.184099e+02 2.943487e+02 5.685581e+01 5.233529e-01 0.000000e+00
363 5.200477e+02 2.951038e+02 5.675413e+01 5.271945e-01 0.000000e+00
364 5.196694e+02 2.989247e+02 5.656121e+01 4.782377e-01 0.000000e+00
365 5.187096e+02 3.018928e+02 5.635351e+01 4.134581e-01 0.000000e+00
366 5.171771e+02 3.032735e+02 5.619377e+01 2.885711e-01 0.000000e+00
367 5.168718e+02 3.071642e+02 5.606839e+01 5.097285e-01 0.000000e+00
368 5.173838e+02 3.106389e+02 5.589045e+01 5.336739e-01 0.000000e+00
369 5.185504e+02 3.147986e+02 5.585876e+01 6.605775e-01 0.000000e+00
370 5.190963e+02 3.180687e+02 5.579183e+01 6.349970e-01 0.000000e+00
371 5.161863e+02 3.218815e+02 5.574705e+01 4.157725e-01 0.000000e+00
372 5.130295e+02 3.247742e+02 5.582602e+01 2.874055e-01 0.000000e+00
373 5.119918e+02 3.291637e+02 5.587443e+01 3.809210e-01 0.000000e+00
374 5.106122e+02 3.326666e+02 5.572429e+01 8.597063e-02 0.000000e+00
375 5.107347e+02 3.352455e+02 5.565021e+01 9.509043e-03 0.000000e+00
376 5.115927e+02 3.382340e+02 5.555288e+01 2.508765e-03 0.000000e+00
377 5.151017e+02 3.393392e+02 5.543367e+01 1.251196e-01 0.000000e+00
378 5.162010e+02 3.428132e+02 5.536649e+01 1.031509e-01 0.000000e+00
379 5.169422e+02 3.448992e+02 5.560090e+01 3.141224e-01 0.000000e+00
380 5.160636e+02 3.484100e+02 5.593303e+01 1.312454e-01 0.000000e+00
381 5.206895e+02 3.517705e+02 5.578035e+01 2.864444e-01 0.000000e+00
382 5.224250e+02 3.539408e+02 5.544793e+01 4.036419e-01 0.000000e+00
383 5.253228e+02 3.573177e+02 5.536474e+01 6.091216e-01 0.000000e+00
384 5.264318e+02 3.591099e+02 5.509015e+01 8.079328e-01 0.000000e+00
385 5.302475e+02 3.620630e+02 5.522564e+01 1.062704e+00 0.000000e+00
386 5.353734e+02 3.655662e+02 5.544421e+01 1.532031e+00 0.000000e+00
387 5.422368e+02 3.704740e+02 5.548787e+01 1.679906e+00 0.000000e+00
388 5.474891e+02 3.755699e+02 5.564770e+01 1.875635e+00 0.000000e+00
389 5.521207e+02 3.788310e+02 5.580252e+01 2.256813e+00 0.000000e+00
390 5.542870e+02 3.817757e+02 5.594264e+01 2.858319e+00 0.000000e+00
391 5.587246e+02 3.838871e+02 5.580711e+01 3.214157e+00 0.000000e+00
392 5.618124e+02 3.865206e+02 5.583361e+01 3.455831e+00 0.000000e+00
393 5.662033e+02 3.870541e+02 5.594630e+01 3.580533e+00 0.000000e+00
394 5.732602e+02 3.869299e+02 5.604159e+01 3.936950e+00 0.000000e+00
395 5.817325e+02 3.887527e+02 5.605635e+01 3.929437e+00 0.000000e+00
396 5.880461e+02 3.890294e+02 5.607585e+01 4.184443e+00 0.000000e+00
397 6.001904e+02 3.885069e+02 5.606379e+01 4.287159e+00 0.000000e+00
398 6.057671e+02 3.886925e+02 5.603403e+01 4.525091e+00 0.000000e+00
399 6.147961e+02 3.888618e+02 5.609762e+01 4.596465e+00 0.000000e+00
400 6.231221e+02 3.900202e+02 5.611987e+01 4.829650e+00 0.000000e+00
401 6.355088e+02 3.916599e+02 5.618380e+01 5.054382e+00 0.000000e+00
402 NaN NaN NaN NaN 1.000000e+00
403 NaN NaN NaN NaN 1.000000e+00
404 NaN NaN NaN NaN 1.000000e+00
405 NaN NaN NaN NaN 1.000000e+00
406 NaN NaN NaN NaN 1.000000e+00
407 NaN NaN NaN NaN 1.000000e+00
408 NaN NaN NaN NaN 1.000000e+00
409 NaN NaN NaN NaN 1.000000e+00
410 NaN NaN NaN NaN 1.000000e+00
411 NaN NaN NaN NaN 1.000000e+00
412 NaN NaN NaN NaN 1.000000e+00
413 NaN NaN NaN NaN 1.000000e+00
414 NaN NaN NaN NaN 1.000000e+00
415 NaN NaN NaN NaN 1.000000e+00
416 NaN NaN NaN NaN 1.000000e+00
417 NaN NaN NaN NaN 1.000000e+00
418 NaN NaN NaN NaN 1.000000e+00
419 NaN NaN NaN NaN 1.000000e+00
420 NaN NaN NaN NaN 1.000000e+00
421 NaN NaN NaN NaN 1.000000e+00
422 NaN NaN NaN NaN 1.000000e+00
423 NaN NaN NaN NaN 1.000000e+00
424 NaN NaN NaN NaN 1.000000e+00
425 NaN NaN NaN NaN 1.000000e+00
426 NaN NaN NaN NaN 1.000000e+00
427 NaN NaN NaN NaN 1.000000e+00
428 NaN NaN NaN NaN 1.000000e+00
429 NaN NaN NaN NaN 1.000000e+00
430 NaN NaN NaN NaN 1.000000e+00
431 NaN NaN NaN NaN 1.000000e+00
432 NaN NaN NaN NaN 1.000000e+00
433 NaN NaN NaN NaN 1.000000e+00
434 NaN NaN NaN NaN 1.000000e+00
435 NaN NaN NaN NaN 1.000000e+00
436 NaN NaN NaN NaN 1.000000e+00
437 NaN NaN NaN NaN 1.000000e+00
438 NaN NaN NaN NaN 1.000000e+00
439 NaN NaN NaN NaN 1.000000e+00
440 NaN NaN NaN NaN 1.000000e+00
441 NaN NaN NaN NaN 1.000000e+00
442 NaN NaN NaN NaN 1.000000e+00
443 NaN NaN NaN NaN 1.000000e+00
444 NaN NaN NaN NaN 1.000000e+00
445 NaN NaN NaN NaN 1.000000e+00
446 NaN NaN NaN NaN 1.000000e+00
447 NaN NaN NaN NaN 1.000000e+00
448 NaN NaN NaN NaN 1.000000e+00
449 NaN NaN NaN NaN 1.000000e+00
450 NaN NaN NaN NaN 1.000000e+00
451 NaN NaN NaN NaN 1.000000e+00
452 NaN NaN NaN NaN 1.000000e+00
453 NaN NaN NaN NaN 1.000000e+00
454 NaN NaN NaN NaN 1.000000e+00
455 NaN NaN NaN NaN 1.000000e+00
456 NaN NaN NaN NaN 1.000000e+00
457 NaN NaN NaN NaN 1.000000e+00
458 NaN NaN NaN NaN 1.000000e+00
459 NaN NaN NaN NaN 1.000000e+00
result for iter 10: 5.282242e-01 4.783417e-01
iter 11
344 4.801757e+02 3.092316e+02 5.694110e+01 3.483376e-01 0.000000e+00
345 4.845760e+02 3.084958e+02 5.708782e+01 3.498704e-01 0.000000e+00
346 4.902676e+02 3.086590e+02 5.704765e+01 4.436683e-01 0.000000e+00
347 4.940630e+02 3.098166e+02 5.722546e+01 5.650725e-01 0.000000e+00
348 4.954678e+02 3.097648e+02 5.747118e+01 5.364411e-01 0.000000e+00
349 4.962417e+02 3.085886e+02 5.779334e+01 5.246256e-01 0.000000e+00
350 4.973462e+02 3.077097e+02 5.797753e+01 6.510166e-01 0.000000e+00
351 4.976350e+02 3.077876e+02 5.820421e+01 4.492982e-01 0.000000e+00
352 4.999271e+02 3.105520e+02 5.853421e+01 3.931054e-01 0.000000e+00
353 4.966580e+02 3.107201e+02 5.886955e+01 6.571709e-01 0.000000e+00
354 4.963702e+02 3.124421e+02 5.895817e+01 4.201564e-01 0.000000e+00
355 5.007110e+02 3.138482e+02 5.930089e+01 5.068123e-01 0.000000e+00
356 5.021258e+02 3.131835e+02 5.985178e+01 7.549596e-01 0.000000e+00
357 5.004323e+02 3.151238e+02 6.010582e+01 7.279743e-01 0.000000e+00
358 5.042921e+02 3.155232e+02 6.061328e+01 4.271536e-01 0.000000e+00
359 5.061939e+02 3.160654e+02 6.082202e+01 5.133002e-01 0.000000e+00
360 5.076352e+02 3.160717e+02 6.104823e+01 7.410110e-01 0.000000e+00
361 5.056183e+02 3.146874e+02 6.134929e+01 7.620303e-01 0.000000e+00
362 5.069666e+02 3.141190e+02 6.138691e+01 5.797654e-01 0.000000e+00
363 5.061999e+02 3.142507e+02 6.176213e+01 6.400757e-01 0.000000e+00
364 5.044553e+02 3.148573e+02 6.187406e+01 6.114242e-01 0.000000e+00
365 5.043761e+02 3.119078e+02 6.252273e+01 9.062246e-01 0.000000e+00
366 4.982127e+02 3.105757e+02 6.295211e+01 1.225031e+00 0.000000e+00
367 4.950470e+02 3.094493e+02 6.329735e+01 1.312628e+00 0.000000e+00
368 4.943411e+02 3.091741e+02 6.355833e+01 1.377738e+00 0.000000e+00
369 4.979240e+02 3.095706e+02 6.382119e+01 1.719701e+00 0.000000e+00
370 4.978593e+02 3.087468e+02 6.382321e+01 2.053822e+00 0.000000e+00
371 5.021334e+02 3.074100e+02 6.423787e+01 2.196960e+00 0.000000e+00
372 5.055850e+02 3.078188e+02 6.469333e+01 2.602072e+00 0.000000e+00
373 5.071730e+02 3.097044e+02 6.475493e+01 2.756527e+00 0.000000e+00
374 5.071396e+02 3.100069e+02 6.478901e+01 2.846746e+00 0.000000e+00
375 5.093672e+02 3.091658e+02 6.518214e+01 2.979316e+00 0.000000e+00
376 5.091665e+02 3.093904e+02 6.540686e+01 3.331684e+00 0.000000e+00
377 5.150073e+02 3.109300e+02 6.556273e+01 3.420761e+00 0.000000e+00
378 5.189896e+02 3.131405e+02 6.584360e+01 3.661116e+00 0.000000e+00
379 5.204167e+02 3.150102e+02 6.604788e+01 3.672414e+00 0.000000e+00
380 5.205530e+02 3.157377e+02 6.636539e+01 3.791659e+00 0.000000e+00
381 5.228047e+02 3.176854e+02 6.687769e+01 4.189388e+00 0.000000e+00
382 5.225308e+02 3.182379e+02 6.704210e+01 4.525026e+00 0.000000e+00
383 5.272801e+02 3.196052e+02 6.740544e+01 4.595779e+00 0.000000e+00
384 5.308880e+02 3.219016e+02 6.752917e+01 4.930876e+00 0.000000e+00
385 5.295505e+02 3.241450e+02 6.774276e+01 5.270781e+00 0.000000e+00
386 5.336649e+02 3.267314e+02 6.797191e+01 5.619254e+00 0.000000e+00
387 5.335585e+02 3.277456e+02 6.766119e+01 5.810524e+00 0.000000e+00
388 5.351523e+02 3.307286e+02 6.785523e+01 6.064488e+00 0.000000e+00
389 5.363375e+02 3.329255e+02 6.800507e+01 6.337555e+00 0.000000e+00
390 5.412195e+02 3.361193e+02 6.790253e+01 6.651804e+00 0.000000e+00
391 5.478870e+02 3.382964e+02 6.782911e+01 6.998175e+00 0.000000e+00
392 5.536099e+02 3.394801e+02 6.787242e+01 7.262039e+00 0.000000e+00
393 5.568310e+02 3.413612e+02 6.787808e+01 7.568952e+00 0.000000e+00
394 5.615160e+02 3.431784e+02 6.756824e+01 8.073283e+00 0.000000e+00
395 5.687038e+02 3.452891e+02 6.784235e+01 8.538017e+00 0.000000e+00
396 5.697417e+02 3.466156e+02 6.803399e+01 9.013467e+00 0.000000e+00
397 5.748063e+02 3.501316e+02 6.825332e+01 9.453922e+00 0.000000e+00
398 5.781159e+02 3.526462e+02 6.811035e+01 9.728472e+00 0.000000e+00
399 5.852454e+02 3.550528e+02 6.831921e+01 1.033736e+01 0.000000e+00
400 5.920011e+02 3.560111e+02 6.828333e+01 1.094604e+01 0.000000e+00
401 5.926041e+02 3.581180e+02 6.847581e+01 1.132367e+01 0.000000e+00
402 6.002741e+02 3.600789e+02 6.837695e+01 1.192738e+01 0.000000e+00
403 6.009911e+02 3.635545e+02 6.830891e+01 1.249197e+01 0.000000e+00
404 6.009499e+02 3.665147e+02 6.841202e+01 1.280876e+01 0.000000e+00
405 6.062338e+02 3.684966e+02 6.874453e+01 1.327416e+01 0.000000e+00
406 6.063797e+02 3.717786e+02 6.886113e+01 1.390086e+01 0.000000e+00
407 6.075465e+02 3.748898e+02 6.906737e+01 1.459138e+01 0.000000e+00
408 6.106189e+02 3.762388e+02 6.950598e+01 1.494163e+01 0.000000e+00
409 6.141547e+02 3.791732e+02 6.957022e+01 1.548619e+01 0.000000e+00
410 6.148020e+02 3.807235e+02 6.972857e+01 1.613564e+01 0.000000e+00
411 6.198366e+02 3.840594e+02 7.002671e+01 1.677136e+01 0.000000e+00
412 6.206619e+02 3.881377e+02 7.019564e+01 1.740610e+01 0.000000e+00
413 6.256457e+02 3.885418e+02 7.072027e+01 1.800483e+01 0.000000e+00
414 6.315300e+02 3.906529e+02 7.082973e+01 1.821859e+01 0.000000e+00
415 6.388082e+02 3.935752e+02 7.129434e+01 1.862701e+01 0.000000e+00
416 NaN NaN NaN NaN 1.000000e+00
417 NaN NaN NaN NaN 1.000000e+00
418 NaN NaN NaN NaN 1.000000e+00
419 NaN NaN NaN NaN 1.000000e+00
420 NaN NaN NaN NaN 1.000000e+00
421 NaN NaN NaN NaN 1.000000e+00
422 NaN NaN NaN NaN 1.000000e+00
423 NaN NaN NaN NaN 1.000000e+00
424 NaN NaN NaN NaN 1.000000e+00
425 NaN NaN NaN NaN 1.000000e+00
426 NaN NaN NaN NaN 1.000000e+00
427 2.266935e+00 1.372474e+00 2.732183e-01 3.097128e-01 0.000000e+00
428 1.899732e+00 1.323540e+00 9.454232e-02 2.553358e-01 0.000000e+00
429 NaN NaN NaN NaN 1.000000e+00
430 NaN NaN NaN NaN 1.000000e+00
431 NaN NaN NaN NaN 1.000000e+00
432 NaN NaN NaN NaN 1.000000e+00
433 NaN NaN NaN NaN 1.000000e+00
434 NaN NaN NaN NaN 1.000000e+00
435 NaN NaN NaN NaN 1.000000e+00
436 NaN NaN NaN NaN 1.000000e+00
437 NaN NaN NaN NaN 1.000000e+00
438 NaN NaN NaN NaN 1.000000e+00
439 NaN NaN NaN NaN 1.000000e+00
440 NaN NaN NaN NaN 1.000000e+00
441 NaN NaN NaN NaN 1.000000e+00
442 NaN NaN NaN NaN 1.000000e+00
443 NaN NaN NaN NaN 1.000000e+00
444 NaN NaN NaN NaN 1.000000e+00
445 NaN NaN NaN NaN 1.000000e+00
446 NaN NaN NaN NaN 1.000000e+00
447 NaN NaN NaN NaN 1.000000e+00
448 NaN NaN NaN NaN 1.000000e+00
449 NaN NaN NaN NaN 1.000000e+00
450 NaN NaN NaN NaN 1.000000e+00
451 NaN NaN NaN NaN 1.000000e+00
452 NaN NaN NaN NaN 1.000000e+00
453 NaN NaN NaN NaN 1.000000e+00
454 NaN NaN NaN NaN 1.000000e+00
455 NaN NaN NaN NaN 1.000000e+00
456 NaN NaN NaN NaN 1.000000e+00
457 NaN NaN NaN NaN 1.000000e+00
458 NaN NaN NaN NaN 1.000000e+00
459 NaN NaN NaN NaN 1.000000e+00
result for iter 11: 3.620690e-01 4.805986e-01
iter 12
344 5.105341e+02 2.334635e+02 5.709270e+01 4.163410e-01 0.000000e+00
345 5.096046e+02 2.322709e+02 5.728582e+01 5.535627e-01 0.000000e+00
346 5.122951e+02 2.328486e+02 5.757844e+01 5.180572e-01 0.000000e+00
347 5.112518e+02 2.319342e+02 5.772079e+01 2.486259e-01 0.000000e+00
348 5.123041e+02 2.322094e+02 5.750087e+01 4.053383e-01 0.000000e+00
349 5.091371e+02 2.327485e+02 5.743462e+01 2.160546e-01 0.000000e+00
350 5.122845e+02 2.331227e+02 5.734691e+01 1.939949e-01 0.000000e+00
351 5.154793e+02 2.329350e+02 5.737916e+01 4.572822e-01 0.000000e+00
352 5.128487e+02 2.326108e+02 5.715010e+01 4.902227e-01 0.000000e+00
353 5.106184e+02 2.325739e+02 5.708494e+01 7.609329e-01 1.923276e-01
354 5.031042e+02 2.317575e+02 5.685598e+01 9.980855e-01 1.783037e-01
355 4.963056e+02 2.310460e+02 5.671956e+01 1.026455e+00 1.364087e-01
356 4.888612e+02 2.298264e+02 5.644924e+01 1.097701e+00 8.907973e-02
357 4.855255e+02 2.296192e+02 5.636580e+01 1.179989e+00 6.669664e-02
358 4.782044e+02 2.290162e+02 5.627701e+01 1.242293e+00 2.965224e-02
359 4.686024e+02 2.291280e+02 5.599650e+01 1.372890e+00 0.000000e+00
360 4.571919e+02 2.265269e+02 5.579085e+01 1.681485e+00 0.000000e+00
361 4.492976e+02 2.260193e+02 5.564281e+01 1.931839e+00 0.000000e+00
362 4.352389e+02 2.243958e+02 5.548577e+01 1.987981e+00 0.000000e+00
363 4.233537e+02 2.233099e+02 5.548364e+01 2.190358e+00 0.000000e+00
364 4.136387e+02 2.216120e+02 5.530497e+01 2.299571e+00 0.000000e+00
365 3.978219e+02 2.191521e+02 5.503244e+01 2.299329e+00 0.000000e+00
366 3.854930e+02 2.173160e+02 5.512537e+01 2.606145e+00 0.000000e+00
367 3.715125e+02 2.157656e+02 5.511574e+01 2.734499e+00 0.000000e+00
368 3.594543e+02 2.132824e+02 5.502255e+01 2.822221e+00 0.000000e+00
369 3.482335e+02 2.111827e+02 5.514314e+01 2.741793e+00 0.000000e+00
370 3.362600e+02 2.083322e+02 5.510787e+01 2.907381e+00 0.000000e+00
371 3.187239e+02 2.064516e+02 5.515166e+01 3.285366e+00 0.000000e+00
372 3.078141e+02 2.038271e+02 5.512671e+01 3.837365e+00 0.000000e+00
373 2.968683e+02 2.006164e+02 5.515576e+01 3.949258e+00 0.000000e+00
374 2.879845e+02 1.987022e+02 5.520294e+01 4.218576e+00 0.000000e+00
375 2.757116e+02 1.973447e+02 5.522788e+01 4.582158e+00 0.000000e+00
376 2.616340e+02 1.946125e+02 5.539700e+01 4.841142e+00 0.000000e+00
377 2.509459e+02 1.939544e+02 5.547754e+01 5.174948e+00 0.000000e+00
378 2.360891e+02 1.927758e+02 5.548220e+01 5.558624e+00 0.000000e+00
379 2.215066e+02 1.904616e+02 5.554582e+01 5.879546e+00 0.000000e+00
380 2.058966e+02 1.873211e+02 5.559910e+01 6.115171e+00 0.000000e+00
381 1.883669e+02 1.850128e+02 5.563334e+01 6.554843e+00 0.000000e+00
382 1.702080e+02 1.827604e+02 5.580933e+01 7.090001e+00 0.000000e+00
383 1.546507e+02 1.813970e+02 5.579945e+01 7.454320e+00 0.000000e+00
384 1.443057e+02 1.780649e+02 5.586960e+01 7.546654e+00 0.000000e+00
385 1.319317e+02 1.752739e+02 5.573423e+01 7.835362e+00 0.000000e+00
386 1.206219e+02 1.743961e+02 5.557986e+01 8.181481e+00 0.000000e+00
387 1.066202e+02 1.715826e+02 5.557757e+01 8.548282e+00 0.000000e+00
388 9.147437e+01 1.680046e+02 5.552495e+01 8.909179e+00 0.000000e+00
389 7.786360e+01 1.647960e+02 5.567712e+01 9.211198e+00 0.000000e+00
390 6.260366e+01 1.653250e+02 5.562313e+01 9.442201e+00 0.000000e+00
391 4.942493e+01 1.639604e+02 5.563721e+01 9.916169e+00 0.000000e+00
392 3.308732e+01 1.604813e+02 5.563890e+01 1.032024e+01 0.000000e+00
393 1.990860e+01 1.580842e+02 5.566286e+01 1.044749e+01 0.000000e+00
394 6.860731e+00 1.554607e+02 5.573885e+01 1.064777e+01 0.000000e+00
395 NaN NaN NaN NaN 1.000000e+00
396 NaN NaN NaN NaN 1.000000e+00
397 NaN NaN NaN NaN 1.000000e+00
398 NaN NaN NaN NaN 1.000000e+00
399 NaN NaN NaN NaN 1.000000e+00
400 NaN NaN NaN NaN 1.000000e+00
401 NaN NaN NaN NaN 1.000000e+00
402 NaN NaN NaN NaN 1.000000e+00
403 NaN NaN NaN NaN 1.000000e+00
404 NaN NaN NaN NaN 1.000000e+00
405 NaN NaN NaN NaN 1.000000e+00
406 NaN NaN NaN NaN 1.000000e+00
407 NaN NaN NaN NaN 1.000000e+00
408 NaN NaN NaN NaN 1.000000e+00
409 NaN NaN NaN NaN 1.000000e+00
410 NaN NaN NaN NaN 1.000000e+00
411 NaN NaN NaN NaN 1.000000e+00
412 NaN NaN NaN NaN 1.000000e+00
413 NaN NaN NaN NaN 1.000000e+00
414 NaN NaN NaN NaN 1.000000e+00
415 NaN NaN NaN NaN 1.000000e+00
416 NaN NaN NaN NaN 1.000000e+00
417 NaN NaN NaN NaN 1.000000e+00
418 NaN NaN NaN NaN 1.000000e+00
419 NaN NaN NaN NaN 1.000000e+00
420 NaN NaN NaN NaN 1.000000e+00
421 NaN NaN NaN NaN 1.000000e+00
422 NaN NaN NaN NaN 1.000000e+00
423 NaN NaN NaN NaN 1.000000e+00
424 NaN NaN NaN NaN 1.000000e+00
425 NaN NaN NaN NaN 1.000000e+00
426 NaN NaN NaN NaN 1.000000e+00
427 NaN NaN NaN NaN 1.000000e+00
428 NaN NaN NaN NaN 1.000000e+00
429 NaN NaN NaN NaN 1.000000e+00
430 NaN NaN NaN NaN 1.000000e+00
431 NaN NaN NaN NaN 1.000000e+00
432 NaN NaN NaN NaN 1.000000e+00
433 NaN NaN NaN NaN 1.000000e+00
434 NaN NaN NaN NaN 1.000000e+00
435 NaN NaN NaN NaN 1.000000e+00
436 NaN NaN NaN NaN 1.000000e+00
437 NaN NaN NaN NaN 1.000000e+00
438 NaN NaN NaN NaN 1.000000e+00
439 NaN NaN NaN NaN 1.000000e+00
440 NaN NaN NaN NaN 1.000000e+00
441 NaN NaN NaN NaN 1.000000e+00
442 NaN NaN NaN NaN 1.000000e+00
443 NaN NaN NaN NaN 1.000000e+00
444 NaN NaN NaN NaN 1.000000e+00
445 NaN NaN NaN NaN 1.000000e+00
446 NaN NaN NaN NaN 1.000000e+00
447 NaN NaN NaN NaN 1.000000e+00
448 NaN NaN NaN NaN 1.000000e+00
449 NaN NaN NaN NaN 1.000000e+00
450 NaN NaN NaN NaN 1.000000e+00
451 NaN NaN NaN NaN 1.000000e+00
452 NaN NaN NaN NaN 1.000000e+00
453 NaN NaN NaN NaN 1.000000e+00
454 NaN NaN NaN NaN 1.000000e+00
455 NaN NaN NaN NaN 1.000000e+00
456 NaN NaN NaN NaN 1.000000e+00
457 NaN NaN NaN NaN 1.000000e+00
458 NaN NaN NaN NaN 1.000000e+00
459 NaN NaN NaN NaN 1.000000e+00
result for iter 12: 5.663144e-01 4.904085e-01
iter 13
344 4.925798e+02 2.219431e+02 5.700584e+01 1.927719e-01 0.000000e+00
345 4.966855e+02 2.236231e+02 5.717372e+01 1.092952e-01 0.000000e+00
346 4.971436e+02 2.238547e+02 5.707008e+01 2.973935e-01 0.000000e+00
347 4.987273e+02 2.228037e+02 5.712118e+01 1.924870e-01 0.000000e+00
348 5.008507e+02 2.214884e+02 5.710535e+01 1.265684e-01 0.000000e+00
349 5.017155e+02 2.206531e+02 5.712380e+01 3.613580e-01 0.000000e+00
350 5.017659e+02 2.190536e+02 5.719383e+01 3.670319e-01 0.000000e+00
351 5.027235e+02 2.180032e+02 5.723997e+01 3.036998e-01 0.000000e+00
352 5.038018e+02 2.146068e+02 5.730930e+01 2.959314e-01 0.000000e+00
353 5.003652e+02 2.133274e+02 5.738233e+01 3.776024e-01 0.000000e+00
354 4.965980e+02 2.120146e+02 5.733378e+01 2.909545e-01 0.000000e+00
355 4.920991e+02 2.098857e+02 5.717785e+01 2.614683e-01 0.000000e+00
356 4.871749e+02 2.079940e+02 5.727242e+01 1.031146e-01 0.000000e+00
357 4.842188e+02 2.055009e+02 5.741590e+01 1.530413e-01 0.000000e+00
358 4.811087e+02 2.049375e+02 5.745829e+01 1.219661e-01 0.000000e+00
359 4.806616e+02 2.028744e+02 5.761660e+01 5.564100e-02 0.000000e+00
360 NaN NaN NaN NaN 1.000000e+00
361 NaN NaN NaN NaN 1.000000e+00
362 NaN NaN NaN NaN 1.000000e+00
363 NaN NaN NaN NaN 1.000000e+00
364 NaN NaN NaN NaN 1.000000e+00
365 NaN NaN NaN NaN 1.000000e+00
366 NaN NaN NaN NaN 1.000000e+00
367 NaN NaN NaN NaN 1.000000e+00
368 NaN NaN NaN NaN 1.000000e+00
369 NaN NaN NaN NaN 1.000000e+00
370 NaN NaN NaN NaN 1.000000e+00
371 NaN NaN NaN NaN 1.000000e+00
372 NaN NaN NaN NaN 1.000000e+00
373 NaN NaN NaN NaN 1.000000e+00
374 NaN NaN NaN NaN 1.000000e+00
375 NaN NaN NaN NaN 1.000000e+00
376 NaN NaN NaN NaN 1.000000e+00
377 NaN NaN NaN NaN 1.000000e+00
378 NaN NaN NaN NaN 1.000000e+00
379 NaN NaN NaN NaN 1.000000e+00
380 NaN NaN NaN NaN 1.000000e+00
381 NaN NaN NaN NaN 1.000000e+00
382 NaN NaN NaN NaN 1.000000e+00
383 NaN NaN NaN NaN 1.000000e+00
384 NaN NaN NaN NaN 1.000000e+00
385 NaN NaN NaN NaN 1.000000e+00
386 NaN NaN NaN NaN 1.000000e+00
387 NaN NaN NaN NaN 1.000000e+00
388 NaN NaN NaN NaN 1.000000e+00
389 NaN NaN NaN NaN 1.000000e+00
390 NaN NaN NaN NaN 1.000000e+00
391 NaN NaN NaN NaN 1.000000e+00
392 NaN NaN NaN NaN 1.000000e+00
393 NaN NaN NaN NaN 1.000000e+00
394 NaN NaN NaN NaN 1.000000e+00
395 NaN NaN NaN NaN 1.000000e+00
396 NaN NaN NaN NaN 1.000000e+00
397 NaN NaN NaN NaN 1.000000e+00
398 NaN NaN NaN NaN 1.000000e+00
399 NaN NaN NaN NaN 1.000000e+00
400 NaN NaN NaN NaN 1.000000e+00
401 NaN NaN NaN NaN 1.000000e+00
402 NaN NaN NaN NaN 1.000000e+00
403 NaN NaN NaN NaN 1.000000e+00
404 NaN NaN NaN NaN 1.000000e+00
405 NaN NaN NaN NaN 1.000000e+00
406 NaN NaN NaN NaN 1.000000e+00
407 NaN NaN NaN NaN 1.000000e+00
408 NaN NaN NaN NaN 1.000000e+00
409 NaN NaN NaN NaN 1.000000e+00
410 NaN NaN NaN NaN 1.000000e+00
411 NaN NaN NaN NaN 1.000000e+00
412 NaN NaN NaN NaN 1.000000e+00
413 NaN NaN NaN NaN 1.000000e+00
414 NaN NaN NaN NaN 1.000000e+00
415 NaN NaN NaN NaN 1.000000e+00
416 NaN NaN NaN NaN 1.000000e+00
417 NaN NaN NaN NaN 1.000000e+00
418 NaN NaN NaN NaN 1.000000e+00
419 NaN NaN NaN NaN 1.000000e+00
420 NaN NaN NaN NaN 1.000000e+00
421 NaN NaN NaN NaN 1.000000e+00
422 NaN NaN NaN NaN 1.000000e+00
423 NaN NaN NaN NaN 1.000000e+00
424 NaN NaN NaN NaN 1.000000e+00
425 NaN NaN NaN NaN 1.000000e+00
426 NaN NaN NaN NaN 1.000000e+00
427 NaN NaN NaN NaN 1.000000e+00
428 NaN NaN NaN NaN 1.000000e+00
429 NaN NaN NaN NaN 1.000000e+00
430 NaN NaN NaN NaN 1.000000e+00
431 NaN NaN NaN NaN 1.000000e+00
432 NaN NaN NaN NaN 1.000000e+00
433 NaN NaN NaN NaN 1.000000e+00
434 NaN NaN NaN NaN 1.000000e+00
435 NaN NaN NaN NaN 1.000000e+00
436 NaN NaN NaN NaN 1.000000e+00
437 4.608371e+00 6.167571e-01 1.487278e-01 6.637580e-02 0.000000e+00
438 5.756852e+00 1.097561e+00 2.205702e-01 1.607362e-01 0.000000e+00
439 7.793515e+00 1.236911e+00 8.962063e-02 1.848308e-01 0.000000e+00
440 6.219496e+00 1.133965e+00 2.387267e-01 3.081679e-01 0.000000e+00
441 1.003156e+01 6.487347e-01 2.080983e-01 4.665480e-01 0.000000e+00
442 NaN NaN NaN NaN 1.000000e+00
443 NaN NaN NaN NaN 1.000000e+00
444 NaN NaN NaN NaN 1.000000e+00
445 NaN NaN NaN NaN 1.000000e+00
446 NaN NaN NaN NaN 1.000000e+00
447 NaN NaN NaN NaN 1.000000e+00
448 5.308141e-01 9.657574e-01 2.174785e-01 8.104487e-03 0.000000e+00
449 NaN NaN NaN NaN 1.000000e+00
450 NaN NaN NaN NaN 1.000000e+00
451 NaN NaN NaN NaN 1.000000e+00
452 NaN NaN NaN NaN 1.000000e+00
453 NaN NaN NaN NaN 1.000000e+00
454 NaN NaN NaN NaN 1.000000e+00
455 NaN NaN NaN NaN 1.000000e+00
456 NaN NaN NaN NaN 1.000000e+00
457 NaN NaN NaN NaN 1.000000e+00
458 NaN NaN NaN NaN 1.000000e+00
459 NaN NaN NaN NaN 1.000000e+00
result for iter 13: 8.103448e-01 3.920282e-01
iter 14
344 5.370404e+02 2.443460e+02 5.713899e+01 2.481262e-01 0.000000e+00
345 5.342152e+02 2.441423e+02 5.706965e+01 1.582161e-01 0.000000e+00
346 5.305841e+02 2.441788e+02 5.691926e+01 1.127414e-01 0.000000e+00
347 5.325395e+02 2.442405e+02 5.682640e+01 1.976940e-01 0.000000e+00
348 5.298150e+02 2.440485e+02 5.672018e+01 1.738218e-01 0.000000e+00
349 5.241852e+02 2.438387e+02 5.663480e+01 4.196875e-01 1.415557e-01
350 5.187945e+02 2.433265e+02 5.639350e+01 3.536875e-02 0.000000e+00
351 NaN NaN NaN NaN 1.000000e+00
352 NaN NaN NaN NaN 1.000000e+00
353 NaN NaN NaN NaN 1.000000e+00
354 NaN NaN NaN NaN 1.000000e+00
355 NaN NaN NaN NaN 1.000000e+00
356 NaN NaN NaN NaN 1.000000e+00
357 NaN NaN NaN NaN 1.000000e+00
358 NaN NaN NaN NaN 1.000000e+00
359 NaN NaN NaN NaN 1.000000e+00
360 NaN NaN NaN NaN 1.000000e+00
361 NaN NaN NaN NaN 1.000000e+00
362 NaN NaN NaN NaN 1.000000e+00
363 NaN NaN NaN NaN 1.000000e+00
364 NaN NaN NaN NaN 1.000000e+00
365 NaN NaN NaN NaN 1.000000e+00
366 NaN NaN NaN NaN 1.000000e+00
367 NaN NaN NaN NaN 1.000000e+00
368 NaN NaN NaN NaN 1.000000e+00
369 NaN NaN NaN NaN 1.000000e+00
370 NaN NaN NaN NaN 1.000000e+00
371 NaN NaN NaN NaN 1.000000e+00
372 NaN NaN NaN NaN 1.000000e+00
373 NaN NaN NaN NaN 1.000000e+00
374 NaN NaN NaN NaN 1.000000e+00
375 NaN NaN NaN NaN 1.000000e+00
376 NaN NaN NaN NaN 1.000000e+00
377 NaN NaN NaN NaN 1.000000e+00
378 NaN NaN NaN NaN 1.000000e+00
379 NaN NaN NaN NaN 1.000000e+00
380 NaN NaN NaN NaN 1.000000e+00
381 NaN NaN NaN NaN 1.000000e+00
382 NaN NaN NaN NaN 1.000000e+00
383 NaN NaN NaN NaN 1.000000e+00
384 NaN NaN NaN NaN 1.000000e+00
385 8.752062e-01 1.885738e+00 1.644447e-01 1.850961e-01 0.000000e+00
386 1.879816e+00 2.985786e+00 5.723719e-02 3.106685e-01 0.000000e+00
387 NaN NaN NaN NaN 1.000000e+00
388 NaN NaN NaN NaN 1.000000e+00
389 1.827800e+00 7.190564e-01 1.227599e-01 1.364278e-01 0.000000e+00
390 2.522456e+00 1.433225e+00 2.779231e-01 2.726316e-01 0.000000e+00
391 1.199477e+00 1.926604e+00 6.909701e-01 4.529222e-01 0.000000e+00
392 2.553226e-01 7.583394e-01 5.536062e-01 1.583654e-01 0.000000e+00
393 7.658597e-01 1.900148e+00 2.293821e-01 9.601545e-02 0.000000e+00
394 NaN NaN NaN NaN 1.000000e+00
395 NaN NaN NaN NaN 1.000000e+00
396 NaN NaN NaN NaN 1.000000e+00
397 NaN NaN NaN NaN 1.000000e+00
398 NaN NaN NaN NaN 1.000000e+00
399 NaN NaN NaN NaN 1.000000e+00
400 NaN NaN NaN NaN 1.000000e+00
401 NaN NaN NaN NaN 1.000000e+00
402 NaN NaN NaN NaN 1.000000e+00
403 NaN NaN NaN NaN 1.000000e+00
404 NaN NaN NaN NaN 1.000000e+00
405 NaN NaN NaN NaN 1.000000e+00
406 NaN NaN NaN NaN 1.000000e+00
407 NaN NaN NaN NaN 1.000000e+00
408 NaN NaN NaN NaN 1.000000e+00
409 NaN NaN NaN NaN 1.000000e+00
410 NaN NaN NaN NaN 1.000000e+00
411 NaN NaN NaN NaN 1.000000e+00
412 NaN NaN NaN NaN 1.000000e+00
413 NaN NaN NaN NaN 1.000000e+00
414 NaN NaN NaN NaN 1.000000e+00
415 NaN NaN NaN NaN 1.000000e+00
416 NaN NaN NaN NaN 1.000000e+00
417 NaN NaN NaN NaN 1.000000e+00
418 NaN NaN NaN NaN 1.000000e+00
419 NaN NaN NaN NaN 1.000000e+00
420 NaN NaN NaN NaN 1.000000e+00
421 NaN NaN NaN NaN 1.000000e+00
422 NaN NaN NaN NaN 1.000000e+00
423 NaN NaN NaN NaN 1.000000e+00
424 NaN NaN NaN NaN 1.000000e+00
425 NaN NaN NaN NaN 1.000000e+00
426 NaN NaN NaN NaN 1.000000e+00
427 NaN NaN NaN NaN 1.000000e+00
428 NaN NaN NaN NaN 1.000000e+00
429 NaN NaN NaN NaN 1.000000e+00
430 NaN NaN NaN NaN 1.000000e+00
431 NaN NaN NaN NaN 1.000000e+00
432 NaN NaN NaN NaN 1.000000e+00
433 NaN NaN NaN NaN 1.000000e+00
434 NaN NaN NaN NaN 1.000000e+00
435 NaN NaN NaN NaN 1.000000e+00
436 NaN NaN NaN NaN 1.000000e+00
437 NaN NaN NaN NaN 1.000000e+00
438 NaN NaN NaN NaN 1.000000e+00
439 NaN NaN NaN NaN 1.000000e+00
440 NaN NaN NaN NaN 1.000000e+00
441 NaN NaN NaN NaN 1.000000e+00
442 NaN NaN NaN NaN 1.000000e+00
443 NaN NaN NaN NaN 1.000000e+00
444 NaN NaN NaN NaN 1.000000e+00
445 NaN NaN NaN NaN 1.000000e+00
446 NaN NaN NaN NaN 1.000000e+00
447 NaN NaN NaN NaN 1.000000e+00
448 NaN NaN NaN NaN 1.000000e+00
449 NaN NaN NaN NaN 1.000000e+00
450 NaN NaN NaN NaN 1.000000e+00
451 NaN NaN NaN NaN 1.000000e+00
452 NaN NaN NaN NaN 1.000000e+00
453 NaN NaN NaN NaN 1.000000e+00
454 NaN NaN NaN NaN 1.000000e+00
455 NaN NaN NaN NaN 1.000000e+00
456 NaN NaN NaN NaN 1.000000e+00
457 NaN NaN NaN NaN 1.000000e+00
458 NaN NaN NaN NaN 1.000000e+00
459 NaN NaN NaN NaN 1.000000e+00
result for iter 14: 8.805307e-01 3.227210e-01
iter 15
344 4.831360e+02 2.691675e+02 5.687524e+01 3.308204e-01 1.440323e-01
345 4.809742e+02 2.686293e+02 5.675591e+01 1.414387e-01 7.612904e-02
346 4.802976e+02 2.686027e+02 5.701646e+01 3.398129e-01 1.129572e-01
347 4.813971e+02 2.692404e+02 5.676461e+01 2.964400e-01 1.263736e-01
348 4.831294e+02 2.705580e+02 5.675848e+01 1.686293e-01 1.108976e-01
349 4.806649e+02 2.723061e+02 5.676817e+01 1.446345e-01 7.418760e-02
350 4.806154e+02 2.736113e+02 5.665072e+01 9.373650e-02 4.795847e-02
351 4.810247e+02 2.734506e+02 5.632715e+01 6.947034e-03 3.566697e-03
352 NaN NaN NaN NaN 1.000000e+00
353 NaN NaN NaN NaN 1.000000e+00
354 NaN NaN NaN NaN 1.000000e+00
355 NaN NaN NaN NaN 1.000000e+00
356 NaN NaN NaN NaN 1.000000e+00
357 NaN NaN NaN NaN 1.000000e+00
358 NaN NaN NaN NaN 1.000000e+00
359 NaN NaN NaN NaN 1.000000e+00
360 2.072675e+00 7.006662e-01 1.121727e-01 1.231289e-01 0.000000e+00
361 NaN NaN NaN NaN 1.000000e+00
362 NaN NaN NaN NaN 1.000000e+00
363 NaN NaN NaN NaN 1.000000e+00
364 NaN NaN NaN NaN 1.000000e+00
365 NaN NaN NaN NaN 1.000000e+00
366 NaN NaN NaN NaN 1.000000e+00
367 NaN NaN NaN NaN 1.000000e+00
368 NaN NaN NaN NaN 1.000000e+00
369 NaN NaN NaN NaN 1.000000e+00
370 NaN NaN NaN NaN 1.000000e+00
371 NaN NaN NaN NaN 1.000000e+00
372 NaN NaN NaN NaN 1.000000e+00
373 NaN NaN NaN NaN 1.000000e+00
374 NaN NaN NaN NaN 1.000000e+00
375 NaN NaN NaN NaN 1.000000e+00
376 NaN NaN NaN NaN 1.000000e+00
377 NaN NaN NaN NaN 1.000000e+00
378 NaN NaN NaN NaN 1.000000e+00
379 NaN NaN NaN NaN 1.000000e+00
380 NaN NaN NaN NaN 1.000000e+00
381 NaN NaN NaN NaN 1.000000e+00
382 NaN NaN NaN NaN 1.000000e+00
383 NaN NaN NaN NaN 1.000000e+00
384 NaN NaN NaN NaN 1.000000e+00
385 NaN NaN NaN NaN 1.000000e+00
386 NaN NaN NaN NaN 1.000000e+00
387 NaN NaN NaN NaN 1.000000e+00
388 NaN NaN NaN NaN 1.000000e+00
389 NaN NaN NaN NaN 1.000000e+00
390 NaN NaN NaN NaN 1.000000e+00
391 NaN NaN NaN NaN 1.000000e+00
392 NaN NaN NaN NaN 1.000000e+00
393 NaN NaN NaN NaN 1.000000e+00
394 NaN NaN NaN NaN 1.000000e+00
395 NaN NaN NaN NaN 1.000000e+00
396 NaN NaN NaN NaN 1.000000e+00
397 NaN NaN NaN NaN 1.000000e+00
398 NaN NaN NaN NaN 1.000000e+00
399 NaN NaN NaN NaN 1.000000e+00
400 NaN NaN NaN NaN 1.000000e+00
401 NaN NaN NaN NaN 1.000000e+00
402 NaN NaN NaN NaN 1.000000e+00
403 NaN NaN NaN NaN 1.000000e+00
404 NaN NaN NaN NaN 1.000000e+00
405 NaN NaN NaN NaN 1.000000e+00
406 NaN NaN NaN NaN 1.000000e+00
407 NaN NaN NaN NaN 1.000000e+00
408 NaN NaN NaN NaN 1.000000e+00
409 NaN NaN NaN NaN 1.000000e+00
410 NaN NaN NaN NaN 1.000000e+00
411 NaN NaN NaN NaN 1.000000e+00
412 NaN NaN NaN NaN 1.000000e+00
413 NaN NaN NaN NaN 1.000000e+00
414 NaN NaN NaN NaN 1.000000e+00
415 NaN NaN NaN NaN 1.000000e+00
416 NaN NaN NaN NaN 1.000000e+00
417 NaN NaN NaN NaN 1.000000e+00
418 NaN NaN NaN NaN 1.000000e+00
419 NaN NaN NaN NaN 1.000000e+00
420 NaN NaN NaN NaN 1.000000e+00
421 NaN NaN NaN NaN 1.000000e+00
422 NaN NaN NaN NaN 1.000000e+00
423 NaN NaN NaN NaN 1.000000e+00
424 NaN NaN NaN NaN 1.000000e+00
425 NaN NaN NaN NaN 1.000000e+00
426 NaN NaN NaN NaN 1.000000e+00
427 NaN NaN NaN NaN 1.000000e+00
428 NaN NaN NaN NaN 1.000000e+00
429 NaN NaN NaN NaN 1.000000e+00
430 NaN NaN NaN NaN 1.000000e+00
431 NaN NaN NaN NaN 1.000000e+00
432 NaN NaN NaN NaN 1.000000e+00
433 NaN NaN NaN NaN 1.000000e+00
434 NaN NaN NaN NaN 1.000000e+00
435 NaN NaN NaN NaN 1.000000e+00
436 NaN NaN NaN NaN 1.000000e+00
437 NaN NaN NaN NaN 1.000000e+00
438 NaN NaN NaN NaN 1.000000e+00
439 NaN NaN NaN NaN 1.000000e+00
440 NaN NaN NaN NaN 1.000000e+00
441 NaN NaN NaN NaN 1.000000e+00
442 NaN NaN NaN NaN 1.000000e+00
443 NaN NaN NaN NaN 1.000000e+00
444 NaN NaN NaN NaN 1.000000e+00
445 NaN NaN NaN NaN 1.000000e+00
446 NaN NaN NaN NaN 1.000000e+00
447 NaN NaN NaN NaN 1.000000e+00
448 NaN NaN NaN NaN 1.000000e+00
449 NaN NaN NaN NaN 1.000000e+00
450 NaN NaN NaN NaN 1.000000e+00
451 NaN NaN NaN NaN 1.000000e+00
452 9.115951e-01 1.867872e+00 6.189259e-02 1.797044e-02 0.000000e+00
453 3.783443e+00 1.613757e+00 2.266536e-01 1.368565e-01 0.000000e+00
454 NaN NaN NaN NaN 1.000000e+00
455 NaN NaN NaN NaN 1.000000e+00
456 NaN NaN NaN NaN 1.000000e+00
457 NaN NaN NaN NaN 1.000000e+00
458 NaN NaN NaN NaN 1.000000e+00
459 NaN NaN NaN NaN 1.000000e+00
result for iter 15: 9.111733e-01 2.749282e-01
iter 16
344 4.802964e+02 2.996124e+02 5.697823e+01 8.906263e-02 0.000000e+00
345 4.811963e+02 3.000342e+02 5.686513e+01 6.952703e-02 0.000000e+00
346 NaN NaN NaN NaN 1.000000e+00
347 NaN NaN NaN NaN 1.000000e+00
348 NaN NaN NaN NaN 1.000000e+00
349 NaN NaN NaN NaN 1.000000e+00
350 NaN NaN NaN NaN 1.000000e+00
351 NaN NaN NaN NaN 1.000000e+00
352 NaN NaN NaN NaN 1.000000e+00
353 NaN NaN NaN NaN 1.000000e+00
354 NaN NaN NaN NaN 1.000000e+00
355 NaN NaN NaN NaN 1.000000e+00
356 NaN NaN NaN NaN 1.000000e+00
357 NaN NaN NaN NaN 1.000000e+00
358 NaN NaN NaN NaN 1.000000e+00
359 NaN NaN NaN NaN 1.000000e+00
360 NaN NaN NaN NaN 1.000000e+00
361 NaN NaN NaN NaN 1.000000e+00
362 NaN NaN NaN NaN 1.000000e+00
363 NaN NaN NaN NaN 1.000000e+00
364 NaN NaN NaN NaN 1.000000e+00
365 NaN NaN NaN NaN 1.000000e+00
366 NaN NaN NaN NaN 1.000000e+00
367 NaN NaN NaN NaN 1.000000e+00
368 NaN NaN NaN NaN 1.000000e+00
369 NaN NaN NaN NaN 1.000000e+00
370 NaN NaN NaN NaN 1.000000e+00
371 NaN NaN NaN NaN 1.000000e+00
372 NaN NaN NaN NaN 1.000000e+00
373 NaN NaN NaN NaN 1.000000e+00
374 NaN NaN NaN NaN 1.000000e+00
375 1.695065e+00 1.505182e+00 4.835161e-01 2.028228e-02 0.000000e+00
376 NaN NaN NaN NaN 1.000000e+00
377 NaN NaN NaN NaN 1.000000e+00
378 NaN NaN NaN NaN 1.000000e+00
379 NaN NaN NaN NaN 1.000000e+00
380 NaN NaN NaN NaN 1.000000e+00
381 NaN NaN NaN NaN 1.000000e+00
382 NaN NaN NaN NaN 1.000000e+00
383 NaN NaN NaN NaN 1.000000e+00
384 NaN NaN NaN NaN 1.000000e+00
385 NaN NaN NaN NaN 1.000000e+00
386 NaN NaN NaN NaN 1.000000e+00
387 NaN NaN NaN NaN 1.000000e+00
388 NaN NaN NaN NaN 1.000000e+00
389 NaN NaN NaN NaN 1.000000e+00
390 2.455872e+00 5.108789e-01 2.723834e-01 1.258992e-01 0.000000e+00
391 NaN NaN NaN NaN 1.000000e+00
392 NaN NaN NaN NaN 1.000000e+00
393 NaN NaN NaN NaN 1.000000e+00
394 NaN NaN NaN NaN 1.000000e+00
395 NaN NaN NaN NaN 1.000000e+00
396 NaN NaN NaN NaN 1.000000e+00
397 NaN NaN NaN NaN 1.000000e+00
398 NaN NaN NaN NaN 1.000000e+00
399 NaN NaN NaN NaN 1.000000e+00
400 NaN NaN NaN NaN 1.000000e+00
401 NaN NaN NaN NaN 1.000000e+00
402 NaN NaN NaN NaN 1.000000e+00
403 NaN NaN NaN NaN 1.000000e+00
404 NaN NaN NaN NaN 1.000000e+00
405 NaN NaN NaN NaN 1.000000e+00
406 NaN NaN NaN NaN 1.000000e+00
407 NaN NaN NaN NaN 1.000000e+00
408 7.922934e-01 1.350819e+00 6.122431e-02 4.993395e-02 0.000000e+00
409 NaN NaN NaN NaN 1.000000e+00
410 NaN NaN NaN NaN 1.000000e+00
411 NaN NaN NaN NaN 1.000000e+00
412 7.522721e-01 6.035684e-01 1.631412e-01 1.038292e-01 0.000000e+00
413 NaN NaN NaN NaN 1.000000e+00
414 NaN NaN NaN NaN 1.000000e+00
415 NaN NaN NaN NaN 1.000000e+00
416 NaN NaN NaN NaN 1.000000e+00
417 NaN NaN NaN NaN 1.000000e+00
418 NaN NaN NaN NaN 1.000000e+00
419 NaN NaN NaN NaN 1.000000e+00
420 NaN NaN NaN NaN 1.000000e+00
421 NaN NaN NaN NaN 1.000000e+00
422 NaN NaN NaN NaN 1.000000e+00
423 NaN NaN NaN NaN 1.000000e+00
424 NaN NaN NaN NaN 1.000000e+00
425 NaN NaN NaN NaN 1.000000e+00
426 NaN NaN NaN NaN 1.000000e+00
427 NaN NaN NaN NaN 1.000000e+00
428 NaN NaN NaN NaN 1.000000e+00
429 NaN NaN NaN NaN 1.000000e+00
430 NaN NaN NaN NaN 1.000000e+00
431 NaN NaN NaN NaN 1.000000e+00
432 NaN NaN NaN NaN 1.000000e+00
433 NaN NaN NaN NaN 1.000000e+00
434 NaN NaN NaN NaN 1.000000e+00
435 NaN NaN NaN NaN 1.000000e+00
436 NaN NaN NaN NaN 1.000000e+00
437 NaN NaN NaN NaN 1.000000e+00
438 NaN NaN NaN NaN 1.000000e+00
439 NaN NaN NaN NaN 1.000000e+00
440 NaN NaN NaN NaN 1.000000e+00
441 NaN NaN NaN NaN 1.000000e+00
442 NaN NaN NaN NaN 1.000000e+00
443 NaN NaN NaN NaN 1.000000e+00
444 NaN NaN NaN NaN 1.000000e+00
445 NaN NaN NaN NaN 1.000000e+00
446 NaN NaN NaN NaN 1.000000e+00
447 NaN NaN NaN NaN 1.000000e+00
448 NaN NaN NaN NaN 1.000000e+00
449 NaN NaN NaN NaN 1.000000e+00
450 NaN NaN NaN NaN 1.000000e+00
451 NaN NaN NaN NaN 1.000000e+00
452 NaN NaN NaN NaN 1.000000e+00
453 NaN NaN NaN NaN 1.000000e+00
454 NaN NaN NaN NaN 1.000000e+00
455 NaN NaN NaN NaN 1.000000e+00
456 NaN NaN NaN NaN 1.000000e+00
457 NaN NaN NaN NaN 1.000000e+00
458 NaN NaN NaN NaN 1.000000e+00
459 NaN NaN NaN NaN 1.000000e+00
result for iter 16: 9.482759e-01 2.214695e-01
iter 17
344 4.971787e+02 2.474416e+02 5.698725e+01 2.770730e-01 0.000000e+00
345 4.989926e+02 2.471487e+02 5.713517e+01 3.087255e-01 2.159587e-02
346 4.990574e+02 2.469138e+02 5.712874e+01 6.825766e-01 2.277442e-01
347 4.966102e+02 2.472202e+02 5.715077e+01 5.613576e-01 2.149978e-01
348 4.939117e+02 2.475180e+02 5.714152e+01 5.845902e-01 2.043804e-01
349 4.942022e+02 2.481416e+02 5.692650e+01 4.157112e-01 1.340260e-01
350 4.960611e+02 2.485082e+02 5.694846e+01 4.832589e-01 1.919518e-01
351 4.951186e+02 2.481574e+02 5.671363e+01 5.613545e-01 2.111085e-01
352 4.884451e+02 2.486745e+02 5.655517e+01 7.484541e-01 1.278253e-01
353 4.842745e+02 2.472554e+02 5.636776e+01 8.578934e-01 8.348402e-02
354 4.834990e+02 2.472617e+02 5.603730e+01 7.276030e-01 9.088475e-02
355 4.843164e+02 2.493981e+02 5.581335e+01 8.983546e-01 7.801899e-02
356 4.790595e+02 2.494043e+02 5.547942e+01 1.122522e+00 3.406585e-02
357 4.799162e+02 2.496223e+02 5.520092e+01 1.160755e+00 3.621974e-02
358 4.784278e+02 2.504318e+02 5.492088e+01 1.194634e+00 2.671844e-02
359 4.768655e+02 2.516361e+02 5.458039e+01 1.265505e+00 1.645247e-02
360 4.784054e+02 2.518795e+02 5.435677e+01 1.163787e+00 2.492870e-02
361 4.783637e+02 2.516334e+02 5.377336e+01 1.473650e+00 1.747558e-02
362 4.795689e+02 2.524420e+02 5.345620e+01 1.508725e+00 2.098004e-02
363 4.812500e+02 2.506720e+02 5.323530e+01 1.498410e+00 2.748962e-02
364 4.791180e+02 2.514525e+02 5.311202e+01 1.496730e+00 1.803366e-02
365 4.778041e+02 2.516871e+02 5.283909e+01 1.288552e+00 1.322485e-02
366 4.714705e+02 2.508228e+02 5.243155e+01 1.316939e+00 0.000000e+00
367 4.696041e+02 2.513827e+02 5.197147e+01 1.338553e+00 0.000000e+00
368 4.668635e+02 2.527479e+02 5.177534e+01 1.367438e+00 0.000000e+00
369 4.634640e+02 2.525280e+02 5.150260e+01 1.274965e+00 0.000000e+00
370 4.618043e+02 2.506836e+02 5.136326e+01 1.175512e+00 0.000000e+00
371 4.561936e+02 2.504994e+02 5.117134e+01 1.003685e+00 0.000000e+00
372 4.519680e+02 2.495888e+02 5.054597e+01 8.980032e-01 0.000000e+00
373 4.490014e+02 2.480455e+02 5.041997e+01 5.981255e-01 0.000000e+00
374 4.477730e+02 2.468060e+02 4.993543e+01 4.803535e-01 0.000000e+00
375 4.448747e+02 2.463322e+02 4.980749e+01 3.087579e-01 0.000000e+00
376 4.426544e+02 2.441194e+02 4.944979e+01 7.521474e-02 0.000000e+00
377 NaN NaN NaN NaN 1.000000e+00
378 NaN NaN NaN NaN 1.000000e+00
379 NaN NaN NaN NaN 1.000000e+00
380 NaN NaN NaN NaN 1.000000e+00
381 NaN NaN NaN NaN 1.000000e+00
382 NaN NaN NaN NaN 1.000000e+00
383 NaN NaN NaN NaN 1.000000e+00
384 NaN NaN NaN NaN 1.000000e+00
385 NaN NaN NaN NaN 1.000000e+00
386 NaN NaN NaN NaN 1.000000e+00
387 NaN NaN NaN NaN 1.000000e+00
388 NaN NaN NaN NaN 1.000000e+00
389 NaN NaN NaN NaN 1.000000e+00
390 NaN NaN NaN NaN 1.000000e+00
391 NaN NaN NaN NaN 1.000000e+00
392 NaN NaN NaN NaN 1.000000e+00
393 NaN NaN NaN NaN 1.000000e+00
394 NaN NaN NaN NaN 1.000000e+00
395 NaN NaN NaN NaN 1.000000e+00
396 NaN NaN NaN NaN 1.000000e+00
397 NaN NaN NaN NaN 1.000000e+00
398 NaN NaN NaN NaN 1.000000e+00
399 NaN NaN NaN NaN 1.000000e+00
400 NaN NaN NaN NaN 1.000000e+00
401 NaN NaN NaN NaN 1.000000e+00
402 NaN NaN NaN NaN 1.000000e+00
403 NaN NaN NaN NaN 1.000000e+00
404 NaN NaN NaN NaN 1.000000e+00
405 NaN NaN NaN NaN 1.000000e+00
406 NaN NaN NaN NaN 1.000000e+00
407 NaN NaN NaN NaN 1.000000e+00
408 NaN NaN NaN NaN 1.000000e+00
409 NaN NaN NaN NaN 1.000000e+00
410 NaN NaN NaN NaN 1.000000e+00
411 NaN NaN NaN NaN 1.000000e+00
412 NaN NaN NaN NaN 1.000000e+00
413 NaN NaN NaN NaN 1.000000e+00
414 NaN NaN NaN NaN 1.000000e+00
415 NaN NaN NaN NaN 1.000000e+00
416 NaN NaN NaN NaN 1.000000e+00
417 NaN NaN NaN NaN 1.000000e+00
418 NaN NaN NaN NaN 1.000000e+00
419 NaN NaN NaN NaN 1.000000e+00
420 NaN NaN NaN NaN 1.000000e+00
421 NaN NaN NaN NaN 1.000000e+00
422 NaN NaN NaN NaN 1.000000e+00
423 NaN NaN NaN NaN 1.000000e+00
424 NaN NaN NaN NaN 1.000000e+00
425 NaN NaN NaN NaN 1.000000e+00
426 NaN NaN NaN NaN 1.000000e+00
427 NaN NaN NaN NaN 1.000000e+00
428 NaN NaN NaN NaN 1.000000e+00
429 NaN NaN NaN NaN 1.000000e+00
430 NaN NaN NaN NaN 1.000000e+00
431 1.386690e+00 8.037120e-01 5.185655e-02 2.326757e-01 0.000000e+00
432 2.887511e+00 1.478112e+00 4.047755e-02 2.383291e-01 0.000000e+00
433 NaN NaN NaN NaN 1.000000e+00
434 NaN NaN NaN NaN 1.000000e+00
435 NaN NaN NaN NaN 1.000000e+00
436 NaN NaN NaN NaN 1.000000e+00
437 NaN NaN NaN NaN 1.000000e+00
438 NaN NaN NaN NaN 1.000000e+00
439 NaN NaN NaN NaN 1.000000e+00
440 NaN NaN NaN NaN 1.000000e+00
441 NaN NaN NaN NaN 1.000000e+00
442 NaN NaN NaN NaN 1.000000e+00
443 NaN NaN NaN NaN 1.000000e+00
444 NaN NaN NaN NaN 1.000000e+00
445 NaN NaN NaN NaN 1.000000e+00
446 NaN NaN NaN NaN 1.000000e+00
447 NaN NaN NaN NaN 1.000000e+00
448 NaN NaN NaN NaN 1.000000e+00
449 NaN NaN NaN NaN 1.000000e+00
450 NaN NaN NaN NaN 1.000000e+00
451 NaN NaN NaN NaN 1.000000e+00
452 NaN NaN NaN NaN 1.000000e+00
453 NaN NaN NaN NaN 1.000000e+00
454 NaN NaN NaN NaN 1.000000e+00
455 NaN NaN NaN NaN 1.000000e+00
456 NaN NaN NaN NaN 1.000000e+00
457 NaN NaN NaN NaN 1.000000e+00
458 NaN NaN NaN NaN 1.000000e+00
459 NaN NaN NaN NaN 1.000000e+00
result for iter 17: 7.139794e-01 4.369814e-01
iter 18
344 5.560299e+02 3.021880e+02 5.692036e+01 2.940447e-01 0.000000e+00
345 5.576332e+02 3.011266e+02 5.696451e+01 4.590217e-01 0.000000e+00
346 5.523754e+02 3.011371e+02 5.709740e+01 4.647593e-01 0.000000e+00
347 5.501328e+02 3.020188e+02 5.710017e+01 3.078937e-01 0.000000e+00
348 5.514270e+02 3.009971e+02 5.713366e+01 1.704580e-01 0.000000e+00
349 5.501637e+02 2.993453e+02 5.713757e+01 3.634383e-01 0.000000e+00
350 5.502040e+02 2.985854e+02 5.724437e+01 6.478824e-01 0.000000e+00
351 5.502546e+02 2.961641e+02 5.739309e+01 1.175318e+00 0.000000e+00
352 5.489049e+02 2.968434e+02 5.729622e+01 1.106996e+00 0.000000e+00
353 5.472808e+02 2.957868e+02 5.760128e+01 1.144049e+00 0.000000e+00
354 5.446957e+02 2.933181e+02 5.775075e+01 1.028092e+00 0.000000e+00
355 5.429032e+02 2.903484e+02 5.793498e+01 7.923183e-01 0.000000e+00
356 5.434525e+02 2.887853e+02 5.814675e+01 8.566801e-01 0.000000e+00
357 5.399502e+02 2.867902e+02 5.831866e+01 6.099151e-01 0.000000e+00
358 5.407548e+02 2.860878e+02 5.876798e+01 6.361040e-01 0.000000e+00
359 5.380408e+02 2.849761e+02 5.886478e+01 6.919038e-01 0.000000e+00
360 5.355719e+02 2.837013e+02 5.906879e+01 5.096836e-01 0.000000e+00
361 5.332368e+02 2.824890e+02 5.922877e+01 4.911096e-01 0.000000e+00
362 5.310798e+02 2.823782e+02 5.955242e+01 5.464280e-01 0.000000e+00
363 5.286751e+02 2.813567e+02 5.983264e+01 2.943979e-01 3.437744e-02
364 NaN NaN NaN NaN 1.000000e+00
365 NaN NaN NaN NaN 1.000000e+00
366 NaN NaN NaN NaN 1.000000e+00
367 NaN NaN NaN NaN 1.000000e+00
368 NaN NaN NaN NaN 1.000000e+00
369 NaN NaN NaN NaN 1.000000e+00
370 NaN NaN NaN NaN 1.000000e+00
371 NaN NaN NaN NaN 1.000000e+00
372 NaN NaN NaN NaN 1.000000e+00
373 NaN NaN NaN NaN 1.000000e+00
374 NaN NaN NaN NaN 1.000000e+00
375 NaN NaN NaN NaN 1.000000e+00
376 NaN NaN NaN NaN 1.000000e+00
377 NaN NaN NaN NaN 1.000000e+00
378 NaN NaN NaN NaN 1.000000e+00
379 NaN NaN NaN NaN 1.000000e+00
380 NaN NaN NaN NaN 1.000000e+00
381 NaN NaN NaN NaN 1.000000e+00
382 3.598668e+00 1.395924e+00 2.865574e-03 1.349963e-01 0.000000e+00
383 NaN NaN NaN NaN 1.000000e+00
384 NaN NaN NaN NaN 1.000000e+00
385 NaN NaN NaN NaN 1.000000e+00
386 NaN NaN NaN NaN 1.000000e+00
387 NaN NaN NaN NaN 1.000000e+00
388 NaN NaN NaN NaN 1.000000e+00
389 NaN NaN NaN NaN 1.000000e+00
390 NaN NaN NaN NaN 1.000000e+00
391 NaN NaN NaN NaN 1.000000e+00
392 NaN NaN NaN NaN 1.000000e+00
393 NaN NaN NaN NaN 1.000000e+00
394 NaN NaN NaN NaN 1.000000e+00
395 NaN NaN NaN NaN 1.000000e+00
396 NaN NaN NaN NaN 1.000000e+00
397 NaN NaN NaN NaN 1.000000e+00
398 NaN NaN NaN NaN 1.000000e+00
399 NaN NaN NaN NaN 1.000000e+00
400 NaN NaN NaN NaN 1.000000e+00
401 NaN NaN NaN NaN 1.000000e+00
402 NaN NaN NaN NaN 1.000000e+00
403 NaN NaN NaN NaN 1.000000e+00
404 NaN NaN NaN NaN 1.000000e+00
405 NaN NaN NaN NaN 1.000000e+00
406 NaN NaN NaN NaN 1.000000e+00
407 NaN NaN NaN NaN 1.000000e+00
408 NaN NaN NaN NaN 1.000000e+00
409 NaN NaN NaN NaN 1.000000e+00
410 NaN NaN NaN NaN 1.000000e+00
411 NaN NaN NaN NaN 1.000000e+00
412 NaN NaN NaN NaN 1.000000e+00
413 NaN NaN NaN NaN 1.000000e+00
414 NaN NaN NaN NaN 1.000000e+00
415 NaN NaN NaN NaN 1.000000e+00
416 NaN NaN NaN NaN 1.000000e+00
417 NaN NaN NaN NaN 1.000000e+00
418 NaN NaN NaN NaN 1.000000e+00
419 NaN NaN NaN NaN 1.000000e+00
420 NaN NaN NaN NaN 1.000000e+00
421 NaN NaN NaN NaN 1.000000e+00
422 NaN NaN NaN NaN 1.000000e+00
423 NaN NaN NaN NaN 1.000000e+00
424 NaN NaN NaN NaN 1.000000e+00
425 NaN NaN NaN NaN 1.000000e+00
426 NaN NaN NaN NaN 1.000000e+00
427 NaN NaN NaN NaN 1.000000e+00
428 NaN NaN NaN NaN 1.000000e+00
429 NaN NaN NaN NaN 1.000000e+00
430 NaN NaN NaN NaN 1.000000e+00
431 NaN NaN NaN NaN 1.000000e+00
432 NaN NaN NaN NaN 1.000000e+00
433 2.171825e+00 7.707127e-01 2.023057e-01 1.690904e-01 0.000000e+00
434 9.045565e+00 2.068051e+00 1.959482e-01 5.789783e-02 0.000000e+00
435 NaN NaN NaN NaN 1.000000e+00
436 NaN NaN NaN NaN 1.000000e+00
437 3.584724e+00 1.072746e+00 4.890275e-02 1.079390e-01 0.000000e+00
438 NaN NaN NaN NaN 1.000000e+00
439 NaN NaN NaN NaN 1.000000e+00
440 NaN NaN NaN NaN 1.000000e+00
441 NaN NaN NaN NaN 1.000000e+00
442 NaN NaN NaN NaN 1.000000e+00
443 NaN NaN NaN NaN 1.000000e+00
444 NaN NaN NaN NaN 1.000000e+00
445 NaN NaN NaN NaN 1.000000e+00
446 NaN NaN NaN NaN 1.000000e+00
447 NaN NaN NaN NaN 1.000000e+00
448 NaN NaN NaN NaN 1.000000e+00
449 NaN NaN NaN NaN 1.000000e+00
450 NaN NaN NaN NaN 1.000000e+00
451 NaN NaN NaN NaN 1.000000e+00
452 NaN NaN NaN NaN 1.000000e+00
453 NaN NaN NaN NaN 1.000000e+00
454 NaN NaN NaN NaN 1.000000e+00
455 NaN NaN NaN NaN 1.000000e+00
456 NaN NaN NaN NaN 1.000000e+00
457 NaN NaN NaN NaN 1.000000e+00
458 NaN NaN NaN NaN 1.000000e+00
459 NaN NaN NaN NaN 1.000000e+00
result for iter 18: 7.933998e-01 4.045125e-01
iter 19
344 4.839450e+02 2.750947e+02 5.696438e+01 1.755646e-01 8.688385e-02
345 4.845133e+02 2.761183e+02 5.712944e+01 9.697163e-02 7.366481e-02
346 4.832465e+02 2.779424e+02 5.727474e+01 1.226477e-01 4.951816e-02
347 NaN NaN NaN NaN 1.000000e+00
348 NaN NaN NaN NaN 1.000000e+00
349 NaN NaN NaN NaN 1.000000e+00
350 NaN NaN NaN NaN 1.000000e+00
351 NaN NaN NaN NaN 1.000000e+00
352 NaN NaN NaN NaN 1.000000e+00
353 NaN NaN NaN NaN 1.000000e+00
354 NaN NaN NaN NaN 1.000000e+00
355 NaN NaN NaN NaN 1.000000e+00
356 NaN NaN NaN NaN 1.000000e+00
357 NaN NaN NaN NaN 1.000000e+00
358 NaN NaN NaN NaN 1.000000e+00
359 NaN NaN NaN NaN 1.000000e+00
360 NaN NaN NaN NaN 1.000000e+00
361 NaN NaN NaN NaN 1.000000e+00
362 NaN NaN NaN NaN 1.000000e+00
363 NaN NaN NaN NaN 1.000000e+00
364 NaN NaN NaN NaN 1.000000e+00
365 NaN NaN NaN NaN 1.000000e+00
366 NaN NaN NaN NaN 1.000000e+00
367 NaN NaN NaN NaN 1.000000e+00
368 NaN NaN NaN NaN 1.000000e+00
369 NaN NaN NaN NaN 1.000000e+00
370 NaN NaN NaN NaN 1.000000e+00
371 NaN NaN NaN NaN 1.000000e+00
372 NaN NaN NaN NaN 1.000000e+00
373 NaN NaN NaN NaN 1.000000e+00
374 NaN NaN NaN NaN 1.000000e+00
375 NaN NaN NaN NaN 1.000000e+00
376 NaN NaN NaN NaN 1.000000e+00
377 NaN NaN NaN NaN 1.000000e+00
378 NaN NaN NaN NaN 1.000000e+00
379 NaN NaN NaN NaN 1.000000e+00
380 NaN NaN NaN NaN 1.000000e+00
381 NaN NaN NaN NaN 1.000000e+00
382 NaN NaN NaN NaN 1.000000e+00
383 NaN NaN NaN NaN 1.000000e+00
384 NaN NaN NaN NaN 1.000000e+00
385 NaN NaN NaN NaN 1.000000e+00
386 NaN NaN NaN NaN 1.000000e+00
387 NaN NaN NaN NaN 1.000000e+00
388 NaN NaN NaN NaN 1.000000e+00
389 NaN NaN NaN NaN 1.000000e+00
390 NaN NaN NaN NaN 1.000000e+00
391 NaN NaN NaN NaN 1.000000e+00
392 NaN NaN NaN NaN 1.000000e+00
393 NaN NaN NaN NaN 1.000000e+00
394 NaN NaN NaN NaN 1.000000e+00
395 NaN NaN NaN NaN 1.000000e+00
396 NaN NaN NaN NaN 1.000000e+00
397 NaN NaN NaN NaN 1.000000e+00
398 NaN NaN NaN NaN 1.000000e+00
399 NaN NaN NaN NaN 1.000000e+00
400 NaN NaN NaN NaN 1.000000e+00
401 NaN NaN NaN NaN 1.000000e+00
402 NaN NaN NaN NaN 1.000000e+00
403 NaN NaN NaN NaN 1.000000e+00
404 NaN NaN NaN NaN 1.000000e+00
405 NaN NaN NaN NaN 1.000000e+00
406 NaN NaN NaN NaN 1.000000e+00
407 NaN NaN NaN NaN 1.000000e+00
408 NaN NaN NaN NaN 1.000000e+00
409 NaN NaN NaN NaN 1.000000e+00
410 NaN NaN NaN NaN 1.000000e+00
411 NaN NaN NaN NaN 1.000000e+00
412 NaN NaN NaN NaN 1.000000e+00
413 NaN NaN NaN NaN 1.000000e+00
414 NaN NaN NaN NaN 1.000000e+00
415 NaN NaN NaN NaN 1.000000e+00
416 NaN NaN NaN NaN 1.000000e+00
417 NaN NaN NaN NaN 1.000000e+00
418 NaN NaN NaN NaN 1.000000e+00
419 NaN NaN NaN NaN 1.000000e+00
420 NaN NaN NaN NaN 1.000000e+00
421 NaN NaN NaN NaN 1.000000e+00
422 NaN NaN NaN NaN 1.000000e+00
423 NaN NaN NaN NaN 1.000000e+00
424 NaN NaN NaN NaN 1.000000e+00
425 4.553184e+00 9.320204e-01 1.231300e-02 3.834122e-01 0.000000e+00
426 NaN NaN NaN NaN 1.000000e+00
427 NaN NaN NaN NaN 1.000000e+00
428 NaN NaN NaN NaN 1.000000e+00
429 NaN NaN NaN NaN 1.000000e+00
430 NaN NaN NaN NaN 1.000000e+00
431 NaN NaN NaN NaN 1.000000e+00
432 NaN NaN NaN NaN 1.000000e+00
433 NaN NaN NaN NaN 1.000000e+00
434 NaN NaN NaN NaN 1.000000e+00
435 NaN NaN NaN NaN 1.000000e+00
436 NaN NaN NaN NaN 1.000000e+00
437 NaN NaN NaN NaN 1.000000e+00
438 NaN NaN NaN NaN 1.000000e+00
439 NaN NaN NaN NaN 1.000000e+00
440 NaN NaN NaN NaN 1.000000e+00
441 NaN NaN NaN NaN 1.000000e+00
442 NaN NaN NaN NaN 1.000000e+00
443 NaN NaN NaN NaN 1.000000e+00
444 NaN NaN NaN NaN 1.000000e+00
445 NaN NaN NaN NaN 1.000000e+00
446 NaN NaN NaN NaN 1.000000e+00
447 NaN NaN NaN NaN 1.000000e+00
448 NaN NaN NaN NaN 1.000000e+00
449 NaN NaN NaN NaN 1.000000e+00
450 NaN NaN NaN NaN 1.000000e+00
451 NaN NaN NaN NaN 1.000000e+00
452 NaN NaN NaN NaN 1.000000e+00
453 NaN NaN NaN NaN 1.000000e+00
454 NaN NaN NaN NaN 1.000000e+00
455 NaN NaN NaN NaN 1.000000e+00
456 NaN NaN NaN NaN 1.000000e+00
457 NaN NaN NaN NaN 1.000000e+00
458 NaN NaN NaN NaN 1.000000e+00
459 NaN NaN NaN NaN 1.000000e+00
result for iter 19: 9.673282e-01 1.729927e-01
iter 20
344 4.890156e+02 2.390660e+02 5.706991e+01 1.527478e-01 0.000000e+00
345 4.866599e+02 2.416685e+02 5.677142e+01 3.453021e-02 0.000000e+00
346 NaN NaN NaN NaN 1.000000e+00
347 NaN NaN NaN NaN 1.000000e+00
348 NaN NaN NaN NaN 1.000000e+00
349 NaN NaN NaN NaN 1.000000e+00
350 NaN NaN NaN NaN 1.000000e+00
351 NaN NaN NaN NaN 1.000000e+00
352 NaN NaN NaN NaN 1.000000e+00
353 NaN NaN NaN NaN 1.000000e+00
354 NaN NaN NaN NaN 1.000000e+00
355 NaN NaN NaN NaN 1.000000e+00
356 NaN NaN NaN NaN 1.000000e+00
357 NaN NaN NaN NaN 1.000000e+00
358 NaN NaN NaN NaN 1.000000e+00
359 NaN NaN NaN NaN 1.000000e+00
360 NaN NaN NaN NaN 1.000000e+00
361 NaN NaN NaN NaN 1.000000e+00
362 NaN NaN NaN NaN 1.000000e+00
363 5.678945e-01 9.425242e-01 6.854388e-02 3.638603e-03 0.000000e+00
364 NaN NaN NaN NaN 1.000000e+00
365 NaN NaN NaN NaN 1.000000e+00
366 NaN NaN NaN NaN 1.000000e+00
367 NaN NaN NaN NaN 1.000000e+00
368 NaN NaN NaN NaN 1.000000e+00
369 NaN NaN NaN NaN 1.000000e+00
370 NaN NaN NaN NaN 1.000000e+00
371 NaN NaN NaN NaN 1.000000e+00
372 NaN NaN NaN NaN 1.000000e+00
373 NaN NaN NaN NaN 1.000000e+00
374 NaN NaN NaN NaN 1.000000e+00
375 NaN NaN NaN NaN 1.000000e+00
376 NaN NaN NaN NaN 1.000000e+00
377 NaN NaN NaN NaN 1.000000e+00
378 NaN NaN NaN NaN 1.000000e+00
379 NaN NaN NaN NaN 1.000000e+00
380 NaN NaN NaN NaN 1.000000e+00
381 NaN NaN NaN NaN 1.000000e+00
382 NaN NaN NaN NaN 1.000000e+00
383 NaN NaN NaN NaN 1.000000e+00
384 NaN NaN NaN NaN 1.000000e+00
385 NaN NaN NaN NaN 1.000000e+00
386 NaN NaN NaN NaN 1.000000e+00
387 NaN NaN NaN NaN 1.000000e+00
388 NaN NaN NaN NaN 1.000000e+00
389 NaN NaN NaN NaN 1.000000e+00
390 NaN NaN NaN NaN 1.000000e+00
391 NaN NaN NaN NaN 1.000000e+00
392 NaN NaN NaN NaN 1.000000e+00
393 NaN NaN NaN NaN 1.000000e+00
394 NaN NaN NaN NaN 1.000000e+00
395 NaN NaN NaN NaN 1.000000e+00
396 NaN NaN NaN NaN 1.000000e+00
397 NaN NaN NaN NaN 1.000000e+00
398 NaN NaN NaN NaN 1.000000e+00
399 NaN NaN NaN NaN 1.000000e+00
400 NaN NaN NaN NaN 1.000000e+00
401 NaN NaN NaN NaN 1.000000e+00
402 NaN NaN NaN NaN 1.000000e+00
403 NaN NaN NaN NaN 1.000000e+00
404 NaN NaN NaN NaN 1.000000e+00
405 NaN NaN NaN NaN 1.000000e+00
406 NaN NaN NaN NaN 1.000000e+00
407 NaN NaN NaN NaN 1.000000e+00
408 1.739938e+00 2.129718e+00 5.856412e-02 2.738322e-01 0.000000e+00
409 4.101848e+00 2.676050e+00 1.148633e-01 1.046170e-01 0.000000e+00
410 1.377108e+00 2.642931e+00 2.012041e-01 2.667027e-01 0.000000e+00
411 1.556698e+00 3.992366e+00 2.106772e-02 3.919741e-01 0.000000e+00
412 4.288149e+00 5.226917e+00 5.176242e-02 2.663565e-01 0.000000e+00
413 NaN NaN NaN NaN 1.000000e+00
414 NaN NaN NaN NaN 1.000000e+00
415 NaN NaN NaN NaN 1.000000e+00
416 NaN NaN NaN NaN 1.000000e+00
417 NaN NaN NaN NaN 1.000000e+00
418 NaN NaN NaN NaN 1.000000e+00
419 NaN NaN NaN NaN 1.000000e+00
420 NaN NaN NaN NaN 1.000000e+00
421 NaN NaN NaN NaN 1.000000e+00
422 NaN NaN NaN NaN 1.000000e+00
423 NaN NaN NaN NaN 1.000000e+00
424 NaN NaN NaN NaN 1.000000e+00
425 NaN NaN NaN NaN 1.000000e+00
426 NaN NaN NaN NaN 1.000000e+00
427 NaN NaN NaN NaN 1.000000e+00
428 NaN NaN NaN NaN 1.000000e+00
429 NaN NaN NaN NaN 1.000000e+00
430 NaN NaN NaN NaN 1.000000e+00
431 2.037182e+00 7.354183e-01 9.113307e-02 7.228214e-02 0.000000e+00
432 NaN NaN NaN NaN 1.000000e+00
433 NaN NaN NaN NaN 1.000000e+00
434 NaN NaN NaN NaN 1.000000e+00
435 NaN NaN NaN NaN 1.000000e+00
436 NaN NaN NaN NaN 1.000000e+00
437 NaN NaN NaN NaN 1.000000e+00
438 NaN NaN NaN NaN 1.000000e+00
439 NaN NaN NaN NaN 1.000000e+00
440 NaN NaN NaN NaN 1.000000e+00
441 NaN NaN NaN NaN 1.000000e+00
442 NaN NaN NaN NaN 1.000000e+00
443 NaN NaN NaN NaN 1.000000e+00
444 NaN NaN NaN NaN 1.000000e+00
445 NaN NaN NaN NaN 1.000000e+00
446 NaN NaN NaN NaN 1.000000e+00
447 NaN NaN NaN NaN 1.000000e+00
448 NaN NaN NaN NaN 1.000000e+00
449 NaN NaN NaN NaN 1.000000e+00
450 NaN NaN NaN NaN 1.000000e+00
451 NaN NaN NaN NaN 1.000000e+00
452 NaN NaN NaN NaN 1.000000e+00
453 NaN NaN NaN NaN 1.000000e+00
454 NaN NaN NaN NaN 1.000000e+00
455 NaN NaN NaN NaN 1.000000e+00
456 NaN NaN NaN NaN 1.000000e+00
457 NaN NaN NaN NaN 1.000000e+00
458 NaN NaN NaN NaN 1.000000e+00
459 NaN NaN NaN NaN 1.000000e+00
result for iter 20: 9.224138e-01 2.675193e-01
