344 5.290414e+02 2.605478e+02 5.700002e+01 3.157374e-01 7.932854e-01
345 5.275469e+02 2.617074e+02 5.724216e+01 2.693297e-01 7.264395e-01
346 5.265024e+02 2.635342e+02 5.677706e+01 3.361348e-01 9.182830e-01
347 5.261311e+02 2.649461e+02 5.661829e+01 2.966006e-01 8.961102e-01
348 5.269209e+02 2.657165e+02 5.508224e+01 3.765517e-01 7.696925e-01
349 5.295649e+02 2.652902e+02 5.504800e+01 3.280847e-01 8.810744e-01
350 5.328946e+02 2.645642e+02 5.422529e+01 3.282171e-01 8.854749e-01
351 5.325736e+02 2.622848e+02 5.453325e+01 3.680997e-01 8.620528e-01
352 5.288387e+02 2.648149e+02 4.546274e+01 3.541321e-01 7.133947e-01
353 5.287600e+02 2.658142e+02 4.057364e+01 4.232837e-01 6.400746e-01
354 5.309435e+02 2.636267e+02 3.472816e+01 5.697067e-01 6.092660e-01
355 5.353117e+02 2.610824e+02 3.144756e+01 7.281896e-01 5.517116e-01
356 5.398270e+02 2.589616e+02 2.918513e+01 8.943778e-01 5.120198e-01
357 5.409672e+02 2.581248e+02 2.744128e+01 1.040400e+00 4.814259e-01
358 5.453843e+02 2.565595e+02 2.443527e+01 1.127220e+00 4.212977e-01
359 5.549158e+02 2.555913e+02 2.306180e+01 1.254261e+00 4.045929e-01
360 5.602650e+02 2.556080e+02 2.029270e+01 1.453613e+00 3.498742e-01
361 5.562269e+02 2.574529e+02 1.860066e+01 1.631213e+00 3.207011e-01
362 5.606164e+02 2.585712e+02 1.704857e+01 1.649941e+00 2.990978e-01
363 5.674009e+02 2.636799e+02 1.904537e+01 9.318549e-01 2.989344e-01
364 5.620709e+02 2.636882e+02 1.782454e+01 1.210479e+00 3.127112e-01
365 5.448165e+02 2.625164e+02 2.058687e+01 1.123212e+00 3.549460e-01
366 5.408608e+02 2.631613e+02 2.319347e+01 9.419631e-01 4.069029e-01
367 5.343532e+02 2.637385e+02 2.794948e+01 7.520530e-01 4.903418e-01
368 5.317837e+02 2.639523e+02 3.118026e+01 6.536368e-01 5.470220e-01
369 5.286782e+02 2.645860e+02 3.643167e+01 5.643252e-01 6.183428e-01
370 5.322478e+02 2.642714e+02 3.958338e+01 4.859712e-01 6.839740e-01
371 5.365791e+02 2.628922e+02 4.258465e+01 4.980552e-01 7.470992e-01
372 5.411947e+02 2.627274e+02 4.535584e+01 4.255891e-01 7.685138e-01
373 5.423197e+02 2.615651e+02 4.790148e+01 4.403685e-01 7.487776e-01
374 5.399778e+02 2.601077e+02 5.091975e+01 4.652890e-01 6.717434e-01
375 5.357419e+02 2.612022e+02 5.545798e+01 3.407301e-01 7.566952e-01
376 5.310173e+02 2.609944e+02 5.732703e+01 3.617494e-01 8.051845e-01
377 5.273787e+02 2.598876e+02 5.909416e+01 3.542989e-01 7.887030e-01
378 5.348723e+02 2.603255e+02 5.758957e+01 3.294296e-01 7.018419e-01
379 5.442787e+02 2.616570e+02 5.482428e+01 3.378940e-01 6.422443e-01
380 5.321322e+02 2.652638e+02 5.764791e+01 3.294552e-01 8.081344e-01
381 5.209059e+02 2.689595e+02 5.986428e+01 3.030191e-01 6.336905e-01
382 5.092000e+02 2.702745e+02 6.146021e+01 2.051696e-01 4.875349e-01
383 5.036904e+02 2.725064e+02 6.536621e+01 1.347167e-01 3.523801e-01
384 4.949697e+02 2.740272e+02 7.127574e+01 9.218722e-02 2.449321e-01
385 4.848833e+02 2.755973e+02 7.567166e+01 3.682358e-02 8.841577e-02
386 4.744467e+02 2.771048e+02 7.939519e+01 5.111386e-02 1.022141e-01
387 4.638501e+02 2.753445e+02 8.256161e+01 4.780993e-02 7.083425e-02
388 4.536443e+02 2.738326e+02 8.614022e+01 6.399542e-02 6.331669e-02
389 4.484597e+02 2.732119e+02 9.002984e+01 7.626760e-02 7.020006e-02
390 4.536722e+02 2.723366e+02 9.260809e+01 9.558352e-02 1.577134e-01
391 4.511418e+02 2.720810e+02 9.573768e+01 8.236322e-02 1.450970e-01
392 4.517459e+02 2.719706e+02 9.859367e+01 7.186676e-02 1.542783e-01
393 4.499992e+02 2.722000e+02 1.014405e+02 4.952182e-02 1.147657e-01
394 4.493822e+02 2.721268e+02 1.038270e+02 6.235003e-02 1.590598e-01
395 4.495394e+02 2.717843e+02 1.066300e+02 7.161697e-02 2.096653e-01
396 4.508951e+02 2.712306e+02 1.095667e+02 7.028053e-02 2.436356e-01
397 4.562262e+02 2.712416e+02 1.095312e+02 7.602865e-02 3.064584e-01
398 4.585900e+02 2.699649e+02 1.108680e+02 9.675642e-02 3.739404e-01
399 4.617177e+02 2.706563e+02 1.115446e+02 7.055824e-02 3.472057e-01
400 4.651166e+02 2.685135e+02 1.126381e+02 1.272433e-01 4.156505e-01
401 4.723139e+02 2.648810e+02 1.137650e+02 1.399158e-01 5.010328e-01
402 4.725681e+02 2.665356e+02 1.125514e+02 1.272671e-01 5.064351e-01
403 4.803644e+02 2.663581e+02 1.114937e+02 1.206861e-01 5.202087e-01
404 5.097044e+02 2.647645e+02 1.134247e+02 1.360910e-01 5.025362e-01
405 5.136259e+02 2.637932e+02 1.134407e+02 1.341479e-01 5.043315e-01
406 4.964859e+02 2.614191e+02 1.113214e+02 2.006002e-01 4.127223e-01
407 4.771804e+02 2.569558e+02 1.079261e+02 2.891207e-01 2.993153e-01
408 4.698288e+02 2.551571e+02 1.080311e+02 2.549437e-01 3.076844e-01
409 4.950355e+02 2.558714e+02 1.150026e+02 1.906356e-01 3.064014e-01
410 4.868914e+02 2.554234e+02 1.160806e+02 1.557901e-01 2.581602e-01
411 4.687809e+02 2.544849e+02 1.169868e+02 1.997170e-01 2.938754e-01
412 4.522415e+02 2.568174e+02 1.190190e+02 2.357961e-01 2.762395e-01
413 4.432105e+02 2.572584e+02 1.199070e+02 1.861591e-01 2.684518e-01
414 4.344814e+02 2.508150e+02 1.175616e+02 2.859149e-01 1.732925e-01
415 4.321073e+02 2.495076e+02 1.193029e+02 2.611517e-01 1.811630e-01
416 4.337588e+02 2.512676e+02 1.189437e+02 3.346099e-01 1.737766e-01
417 4.347872e+02 2.526786e+02 1.182593e+02 2.652907e-01 2.476545e-01
418 4.388293e+02 2.543978e+02 1.181465e+02 2.113421e-01 2.920918e-01
419 4.392286e+02 2.554700e+02 1.146635e+02 1.862916e-01 3.195508e-01
420 4.431724e+02 2.577090e+02 1.115503e+02 3.104123e-01 2.842639e-01
421 4.471507e+02 2.591196e+02 1.089422e+02 2.139506e-01 4.324106e-01
422 4.537518e+02 2.588988e+02 1.052008e+02 1.737249e-01 3.862715e-01
423 4.601029e+02 2.594015e+02 1.005442e+02 2.008315e-01 4.151363e-01
424 4.703198e+02 2.594878e+02 9.552114e+01 2.129226e-01 4.249279e-01
425 4.771604e+02 2.600126e+02 9.078795e+01 1.975743e-01 3.070214e-01
426 4.660475e+02 2.598452e+02 8.725280e+01 2.345396e-01 3.682618e-01
427 4.539043e+02 2.616909e+02 8.448208e+01 1.927913e-01 4.447981e-01
428 4.584523e+02 2.623448e+02 7.980085e+01 1.891948e-01 4.084229e-01
429 4.475401e+02 2.619229e+02 7.571032e+01 2.526219e-01 4.881397e-01
430 4.415995e+02 2.607494e+02 6.720695e+01 2.896705e-01 4.281404e-01
431 4.308439e+02 2.605342e+02 5.785829e+01 4.513836e-01 5.300757e-01
432 4.216230e+02 2.605892e+02 5.040199e+01 4.813268e-01 6.519534e-01
433 4.175728e+02 2.629794e+02 4.593366e+01 4.979786e-01 5.670783e-01
434 4.105383e+02 2.629194e+02 3.859559e+01 6.812483e-01 5.221466e-01
435 4.033644e+02 2.627570e+02 3.150292e+01 7.689243e-01 4.701928e-01
436 4.006329e+02 2.640215e+02 3.043740e+01 6.510481e-01 3.499615e-01
437 3.955098e+02 2.625460e+02 2.737430e+01 6.909475e-01 2.339446e-01
438 3.979459e+02 2.601802e+02 2.021918e+01 9.522526e-01 4.337816e-02
439 3.817040e+02 2.584211e+02 1.329271e+01 1.536147e+00 8.219566e-02
440 3.662243e+02 2.576482e+02 1.431389e+01 2.074396e+00 1.496621e-01
441 3.621768e+02 2.594564e+02 1.497022e+01 1.895362e+00 3.867426e-02
442 3.595536e+02 2.587996e+02 1.151705e+01 2.074833e+00 0.000000e+00
443 3.492063e+02 2.586333e+02 8.100952e+00 2.864158e+00 0.000000e+00
444 3.307462e+02 2.551586e+02 7.549928e+00 3.952592e+00 0.000000e+00
445 3.142461e+02 2.535070e+02 5.604424e+00 5.142351e+00 0.000000e+00
446 2.968120e+02 2.528011e+02 4.657890e+00 6.264399e+00 0.000000e+00
447 2.818386e+02 2.532302e+02 4.307754e+00 7.344673e+00 0.000000e+00
448 2.657938e+02 2.537697e+02 3.966068e+00 8.523778e+00 0.000000e+00
449 2.505223e+02 2.543044e+02 3.824579e+00 9.790829e+00 0.000000e+00
450 2.371961e+02 2.558458e+02 3.566870e+00 1.115232e+01 0.000000e+00
451 2.202377e+02 2.568306e+02 3.494027e+00 1.213969e+01 0.000000e+00
452 2.038571e+02 2.574966e+02 2.992201e+00 1.317839e+01 0.000000e+00
453 1.904585e+02 2.563736e+02 2.941999e+00 1.381345e+01 0.000000e+00
454 1.859515e+02 2.532284e+02 2.039618e+00 1.368865e+01 0.000000e+00
455 1.835451e+02 2.529910e+02 1.969318e+00 1.415568e+01 0.000000e+00
456 1.826103e+02 2.539541e+02 3.900630e+00 1.380547e+01 0.000000e+00
457 1.842568e+02 2.540434e+02 4.326908e+00 1.382199e+01 0.000000e+00
458 1.841892e+02 2.538477e+02 4.535373e+00 1.385318e+01 0.000000e+00
459 1.847345e+02 2.529337e+02 3.624429e+00 1.393299e+01 0.000000e+00
3.646634e-01 2.615595e-01
