344 5.300508e+02 2.643672e+02 5.699995e+01 3.157883e-01 9.443545e-01
345 5.299837e+02 2.645700e+02 5.670985e+01 3.093858e-01 9.346324e-01
346 5.292574e+02 2.645655e+02 5.756204e+01 3.343365e-01 8.772808e-01
347 5.280485e+02 2.646084e+02 5.752639e+01 3.280621e-01 9.123345e-01
348 5.281412e+02 2.646697e+02 5.905009e+01 3.397130e-01 8.318595e-01
349 5.281550e+02 2.628085e+02 5.725502e+01 3.739672e-01 8.406703e-01
350 5.291978e+02 2.614378e+02 5.469732e+01 3.997110e-01 8.233029e-01
351 5.296335e+02 2.618681e+02 5.242971e+01 3.913931e-01 8.771648e-01
352 5.280107e+02 2.630382e+02 4.997444e+01 3.851389e-01 8.767445e-01
353 5.315397e+02 2.631760e+02 4.294762e+01 4.719959e-01 7.534669e-01
354 5.330411e+02 2.626584e+02 3.820165e+01 5.570311e-01 6.702044e-01
355 5.378892e+02 2.616095e+02 3.596082e+01 6.330864e-01 6.308916e-01
356 5.420469e+02 2.603643e+02 3.411526e+01 7.151646e-01 5.985134e-01
357 5.445892e+02 2.598789e+02 3.421076e+01 7.855473e-01 6.001888e-01
358 5.438512e+02 2.592204e+02 3.402363e+01 7.963798e-01 5.866142e-01
359 5.414876e+02 2.587205e+02 3.500997e+01 7.638606e-01 6.142100e-01
360 5.416041e+02 2.588288e+02 3.724993e+01 7.213497e-01 6.422401e-01
361 5.432437e+02 2.585871e+02 3.627915e+01 7.198773e-01 6.255026e-01
362 5.441496e+02 2.603330e+02 3.208081e+01 7.939255e-01 5.628213e-01
363 5.442980e+02 2.609276e+02 3.053859e+01 7.729972e-01 5.357647e-01
364 5.455642e+02 2.597788e+02 2.864361e+01 8.495258e-01 5.025194e-01
365 5.447444e+02 2.594812e+02 2.570664e+01 1.006956e+00 4.432178e-01
366 5.422668e+02 2.596642e+02 2.426126e+01 1.048593e+00 4.256361e-01
367 5.410335e+02 2.592045e+02 2.603929e+01 9.802109e-01 4.568297e-01
368 5.418236e+02 2.594820e+02 2.617021e+01 8.703700e-01 4.591264e-01
369 5.408302e+02 2.602851e+02 2.623907e+01 8.171045e-01 4.533060e-01
370 5.407862e+02 2.618150e+02 2.896172e+01 7.978020e-01 5.081003e-01
371 5.416989e+02 2.613687e+02 2.726767e+01 1.029209e+00 4.783802e-01
372 5.426830e+02 2.602053e+02 2.528080e+01 1.077511e+00 4.435229e-01
373 5.422092e+02 2.607706e+02 2.414565e+01 1.081335e+00 4.236079e-01
374 5.403466e+02 2.618085e+02 2.312229e+01 1.037046e+00 4.056543e-01
375 5.417964e+02 2.620228e+02 2.320975e+01 9.881192e-01 4.071885e-01
376 5.412191e+02 2.604628e+02 2.177114e+01 1.224718e+00 3.819498e-01
377 5.387155e+02 2.600938e+02 2.499285e+01 1.226656e+00 4.309113e-01
378 5.378859e+02 2.594462e+02 3.096622e+01 9.151139e-01 5.432671e-01
379 5.396242e+02 2.598830e+02 3.251160e+01 8.035831e-01 5.703789e-01
380 5.392582e+02 2.615912e+02 3.434606e+01 7.174690e-01 6.025624e-01
381 5.383463e+02 2.596471e+02 3.652443e+01 6.610788e-01 6.407796e-01
382 5.423751e+02 2.603564e+02 3.278346e+01 6.725605e-01 5.751485e-01
383 5.451259e+02 2.603149e+02 2.956531e+01 7.834081e-01 5.186897e-01
384 5.454643e+02 2.602007e+02 2.933607e+01 8.007274e-01 5.146679e-01
385 5.446083e+02 2.607273e+02 3.010860e+01 8.331098e-01 5.282211e-01
386 5.458507e+02 2.603200e+02 2.991411e+01 7.979523e-01 5.248089e-01
387 5.446077e+02 2.589224e+02 2.540607e+01 8.558897e-01 4.127176e-01
388 5.452971e+02 2.598347e+02 2.260923e+01 1.000895e+00 3.966532e-01
389 5.434401e+02 2.609601e+02 2.033267e+01 1.064368e+00 3.567135e-01
390 5.399659e+02 2.610359e+02 2.202126e+01 1.134038e+00 3.863379e-01
391 5.348633e+02 2.604110e+02 2.859009e+01 1.133992e+00 5.015805e-01
392 5.329605e+02 2.601640e+02 3.736702e+01 6.644179e-01 6.555618e-01
393 5.324737e+02 2.607558e+02 3.999308e+01 6.253731e-01 7.016330e-01
394 5.362243e+02 2.613803e+02 4.375144e+01 5.528475e-01 7.441734e-01
395 5.363218e+02 2.615959e+02 4.767103e+01 4.484526e-01 8.363338e-01
396 5.319172e+02 2.615382e+02 5.416764e+01 3.922902e-01 8.301155e-01
397 5.317235e+02 2.627994e+02 6.098213e+01 3.261304e-01 7.906993e-01
398 5.260144e+02 2.645660e+02 6.742237e+01 2.741226e-01 7.974774e-01
399 5.227459e+02 2.675464e+02 7.129253e+01 2.255460e-01 7.186671e-01
400 5.224533e+02 2.682260e+02 7.034998e+01 2.091811e-01 7.583765e-01
401 5.166715e+02 2.674148e+02 7.148446e+01 2.557909e-01 6.360296e-01
402 5.168163e+02 2.663933e+02 7.261900e+01 2.356314e-01 7.158991e-01
403 5.179601e+02 2.648630e+02 7.427547e+01 2.458345e-01 7.328754e-01
404 5.207685e+02 2.633781e+02 7.463607e+01 2.217994e-01 7.350167e-01
405 5.234528e+02 2.616738e+02 7.531445e+01 2.631627e-01 6.797206e-01
406 5.262363e+02 2.623031e+02 7.766734e+01 3.015431e-01 5.640536e-01
407 5.291231e+02 2.632924e+02 7.633702e+01 2.762841e-01 6.135304e-01
408 5.255385e+02 2.617190e+02 7.606690e+01 2.651834e-01 6.646037e-01
409 5.243885e+02 2.620394e+02 7.343414e+01 2.731848e-01 6.842400e-01
410 5.219349e+02 2.642676e+02 7.061355e+01 2.630109e-01 7.707126e-01
411 5.239066e+02 2.649197e+02 6.752923e+01 2.658185e-01 7.903830e-01
412 5.227632e+02 2.656213e+02 6.281256e+01 2.947725e-01 7.638254e-01
413 5.177527e+02 2.653432e+02 6.042442e+01 3.359451e-01 7.638361e-01
414 5.151270e+02 2.647327e+02 5.763805e+01 3.059105e-01 9.406516e-01
415 5.140995e+02 2.641405e+02 5.347760e+01 2.983459e-01 8.316051e-01
416 5.127907e+02 2.639286e+02 4.907378e+01 4.104868e-01 8.317590e-01
417 5.144514e+02 2.633298e+02 4.266237e+01 5.449210e-01 7.110395e-01
418 5.161407e+02 2.640010e+02 3.731528e+01 5.726182e-01 6.117259e-01
419 5.151514e+02 2.648098e+02 3.236733e+01 5.973370e-01 5.067395e-01
420 5.166456e+02 2.612471e+02 3.322612e+01 6.607547e-01 5.140066e-01
421 5.184071e+02 2.586209e+02 3.128475e+01 7.475353e-01 4.031625e-01
422 5.159635e+02 2.586070e+02 3.095419e+01 8.117289e-01 3.448610e-01
423 5.123378e+02 2.583705e+02 3.102743e+01 7.413992e-01 3.047291e-01
424 5.011246e+02 2.595733e+02 2.958144e+01 7.443790e-01 3.853986e-01
425 4.897230e+02 2.614886e+02 2.805086e+01 7.635520e-01 4.524332e-01
426 4.828233e+02 2.620800e+02 2.740197e+01 8.021873e-01 4.419672e-01
427 4.760242e+02 2.623604e+02 2.741914e+01 8.550100e-01 4.422442e-01
428 4.720353e+02 2.605617e+02 2.802410e+01 9.064283e-01 4.056986e-01
429 4.637522e+02 2.583521e+02 3.168272e+01 8.058138e-01 4.007583e-01
430 4.622616e+02 2.573778e+02 3.217614e+01 8.632441e-01 2.927876e-01
431 4.546385e+02 2.554939e+02 3.343147e+01 9.923622e-01 2.824848e-01
432 4.509682e+02 2.540387e+02 3.012025e+01 1.505861e+00 1.812412e-01
433 4.269311e+02 2.529338e+02 5.238435e+01 7.785381e-01 2.627676e-01
434 4.055911e+02 2.518608e+02 5.849854e+01 5.561815e-01 4.348179e-01
435 3.921334e+02 2.532812e+02 6.136431e+01 4.666146e-01 3.882636e-01
436 3.757964e+02 2.550919e+02 6.431074e+01 4.293399e-01 4.628339e-01
437 3.742057e+02 2.544205e+02 5.713156e+01 5.418722e-01 4.499888e-01
438 3.627263e+02 2.530732e+02 5.221688e+01 6.533428e-01 4.188833e-01
439 3.530737e+02 2.509133e+02 4.884651e+01 6.766178e-01 4.108856e-01
440 3.476773e+02 2.517218e+02 4.693122e+01 7.591772e-01 3.331892e-01
441 3.428925e+02 2.550696e+02 4.728752e+01 6.918000e-01 2.715317e-01
442 3.328452e+02 2.560949e+02 4.553824e+01 7.593897e-01 2.305713e-01
443 3.216169e+02 2.561663e+02 3.992922e+01 1.013194e+00 1.780774e-01
444 3.138073e+02 2.591932e+02 3.297059e+01 1.138099e+00 9.341161e-02
445 2.992025e+02 2.609192e+02 3.528832e+01 8.517801e-01 8.604431e-02
446 2.750440e+02 2.645095e+02 3.693282e+01 7.685026e-01 1.661021e-01
447 2.502780e+02 2.642760e+02 4.178945e+01 7.431590e-01 2.623032e-01
448 2.475765e+02 2.608370e+02 3.235977e+01 7.407473e-01 6.180946e-02
449 2.483305e+02 2.578041e+02 1.942723e+01 1.319648e+00 0.000000e+00
450 2.326019e+02 2.543075e+02 1.366445e+01 2.387756e+00 0.000000e+00
451 1.844535e+02 2.526527e+02 3.008070e+01 1.526978e+00 1.408113e-01
452 1.734938e+02 2.537454e+02 2.210664e+01 2.123612e+00 4.224304e-02
453 1.727905e+02 2.571354e+02 1.276037e+01 2.691747e+00 0.000000e+00
454 1.588817e+02 2.587624e+02 1.069921e+01 3.351532e+00 0.000000e+00
455 1.379991e+02 2.547182e+02 1.705741e+01 3.103702e+00 0.000000e+00
456 1.309650e+02 2.463432e+02 2.570514e+01 1.840610e+00 0.000000e+00
457 1.353697e+02 2.432138e+02 2.811968e+01 9.351041e-01 0.000000e+00
458 1.288564e+02 2.449914e+02 2.757797e+01 7.869618e-01 0.000000e+00
459 1.342335e+02 2.452222e+02 2.773853e+01 8.646352e-01 0.000000e+00
4.996451e-01 2.506329e-01
