344 5.291225e+02 2.639130e+02 5.700003e+01 3.157764e-01 9.755328e-01
345 5.307919e+02 2.640493e+02 5.686052e+01 3.286492e-01 9.157788e-01
346 5.303985e+02 2.630949e+02 5.632377e+01 3.739023e-01 8.285811e-01
347 5.320745e+02 2.625326e+02 5.557972e+01 3.740836e-01 8.243948e-01
348 5.337634e+02 2.624851e+02 5.254980e+01 3.904628e-01 8.553230e-01
349 5.326626e+02 2.620091e+02 4.745181e+01 4.361155e-01 8.181346e-01
350 5.337164e+02 2.614311e+02 4.577420e+01 4.878540e-01 8.030561e-01
351 5.357330e+02 2.611528e+02 4.414121e+01 5.143190e-01 7.744072e-01
352 5.366719e+02 2.610018e+02 4.014728e+01 5.645954e-01 7.043383e-01
353 5.372958e+02 2.612040e+02 4.133193e+01 5.172046e-01 7.251216e-01
354 5.387234e+02 2.611190e+02 3.972900e+01 6.101260e-01 6.970000e-01
355 5.407742e+02 2.613919e+02 3.846693e+01 6.927846e-01 6.748585e-01
356 5.416801e+02 2.613215e+02 3.290708e+01 8.086215e-01 5.773172e-01
357 5.408491e+02 2.613396e+02 3.076887e+01 9.217627e-01 5.398048e-01
358 5.389515e+02 2.604810e+02 3.289819e+01 8.986238e-01 5.672102e-01
359 5.404069e+02 2.609034e+02 4.079626e+01 6.681364e-01 6.603686e-01
360 5.378844e+02 2.613168e+02 4.392683e+01 5.484398e-01 7.471604e-01
361 5.395331e+02 2.609668e+02 4.318360e+01 5.266300e-01 7.445448e-01
362 5.428816e+02 2.606690e+02 4.261377e+01 5.736008e-01 7.278368e-01
363 5.413916e+02 2.614190e+02 4.232802e+01 5.249393e-01 7.425968e-01
364 5.396937e+02 2.617259e+02 4.157874e+01 5.457816e-01 7.294515e-01
365 5.373149e+02 2.624274e+02 4.263004e+01 5.069824e-01 7.350007e-01
366 5.395178e+02 2.618663e+02 4.195592e+01 4.703120e-01 7.196573e-01
367 5.405247e+02 2.612353e+02 4.034465e+01 5.558223e-01 7.078008e-01
368 5.473381e+02 2.604183e+02 3.683140e+01 6.816428e-01 6.461649e-01
369 5.488323e+02 2.598294e+02 3.172200e+01 7.967798e-01 5.565263e-01
370 5.496260e+02 2.601033e+02 2.779272e+01 8.457419e-01 4.875916e-01
371 5.411565e+02 2.600301e+02 2.689289e+01 9.752358e-01 4.718051e-01
372 5.420947e+02 2.599792e+02 2.393645e+01 1.118991e+00 4.199376e-01
373 5.395141e+02 2.619372e+02 2.544544e+01 1.081566e+00 4.464112e-01
374 5.392730e+02 2.621168e+02 2.669400e+01 1.042539e+00 4.683159e-01
375 5.391077e+02 2.623612e+02 3.166393e+01 9.807227e-01 5.555075e-01
376 5.397570e+02 2.618417e+02 2.840149e+01 1.086386e+00 4.982717e-01
377 5.415521e+02 2.608385e+02 2.887155e+01 9.618398e-01 4.977853e-01
378 5.443645e+02 2.603857e+02 2.625751e+01 1.025100e+00 4.606580e-01
379 5.418927e+02 2.598583e+02 2.676701e+01 9.329525e-01 4.695967e-01
380 5.396026e+02 2.607561e+02 2.408606e+01 1.085432e+00 4.225625e-01
381 5.381102e+02 2.608156e+02 2.413050e+01 1.059882e+00 4.233420e-01
382 5.369546e+02 2.609334e+02 2.597242e+01 9.534298e-01 4.556565e-01
383 5.401692e+02 2.607103e+02 2.846388e+01 7.852819e-01 4.993662e-01
384 5.409258e+02 2.610925e+02 3.060945e+01 7.520042e-01 5.370080e-01
385 5.405159e+02 2.614559e+02 3.008564e+01 7.687796e-01 5.278183e-01
386 5.406379e+02 2.613833e+02 3.174036e+01 7.186939e-01 5.568484e-01
387 5.398286e+02 2.615845e+02 2.987801e+01 7.742812e-01 5.241756e-01
388 5.424204e+02 2.605746e+02 2.911170e+01 7.920891e-01 5.107317e-01
389 5.443641e+02 2.593672e+02 2.752563e+01 8.634295e-01 4.829059e-01
390 5.461600e+02 2.592144e+02 2.367331e+01 1.020538e+00 4.153212e-01
391 5.443053e+02 2.596365e+02 2.362722e+01 1.073499e+00 4.145127e-01
392 5.427999e+02 2.598038e+02 2.002704e+01 1.233854e+00 3.513516e-01
393 5.418953e+02 2.604415e+02 1.924500e+01 1.279610e+00 3.376316e-01
394 5.420869e+02 2.607387e+02 1.944208e+01 1.270925e+00 3.410891e-01
395 5.426889e+02 2.612029e+02 1.875431e+01 1.327501e+00 3.290230e-01
396 5.445825e+02 2.613100e+02 2.202090e+01 1.085882e+00 3.863315e-01
397 5.465849e+02 2.611519e+02 2.399931e+01 9.704948e-01 4.210406e-01
398 5.471306e+02 2.616837e+02 2.453472e+01 9.202138e-01 4.304337e-01
399 5.466036e+02 2.615906e+02 2.307412e+01 1.070401e+00 4.048092e-01
400 5.426200e+02 2.615622e+02 2.231099e+01 1.206578e+00 3.914208e-01
401 5.403542e+02 2.605455e+02 2.294162e+01 1.232555e+00 4.024846e-01
402 5.426932e+02 2.585608e+02 2.536902e+01 1.024813e+00 4.450706e-01
403 5.448210e+02 2.579712e+02 2.509015e+01 1.062302e+00 4.325888e-01
404 5.477592e+02 2.578070e+02 2.591458e+01 1.049418e+00 4.546417e-01
405 5.433130e+02 2.584116e+02 2.537573e+01 1.087206e+00 4.375125e-01
406 5.432792e+02 2.586885e+02 2.569827e+01 1.025283e+00 4.508468e-01
407 5.466524e+02 2.594967e+02 2.461288e+01 1.078761e+00 4.395157e-01
408 5.457063e+02 2.608656e+02 2.482325e+01 1.027005e+00 4.354955e-01
409 5.394518e+02 2.616539e+02 2.832446e+01 9.541204e-01 5.057939e-01
410 5.393189e+02 2.615833e+02 3.170394e+01 8.216041e-01 5.562094e-01
411 5.410603e+02 2.618430e+02 3.151208e+01 7.967262e-01 5.433117e-01
412 5.377932e+02 2.619783e+02 3.254540e+01 7.980035e-01 5.709720e-01
413 5.383243e+02 2.615119e+02 3.011936e+01 9.154738e-01 5.284099e-01
414 5.351047e+02 2.610605e+02 3.152753e+01 7.773163e-01 5.435782e-01
415 5.294749e+02 2.600644e+02 3.327645e+01 7.125054e-01 5.837973e-01
416 5.252411e+02 2.593980e+02 3.211308e+01 7.814000e-01 5.442895e-01
417 5.255304e+02 2.586086e+02 3.018988e+01 9.418839e-01 5.031646e-01
418 5.222375e+02 2.590082e+02 3.294204e+01 9.101816e-01 5.400335e-01
419 5.211850e+02 2.606525e+02 3.436210e+01 7.613956e-01 5.215578e-01
420 5.176744e+02 2.622563e+02 3.884028e+01 7.039114e-01 4.971417e-01
421 5.095877e+02 2.648831e+02 3.936728e+01 6.356878e-01 5.208696e-01
422 5.025137e+02 2.655532e+02 4.587247e+01 4.470677e-01 5.469528e-01
423 4.989217e+02 2.633422e+02 4.395392e+01 5.632621e-01 4.863601e-01
424 4.941954e+02 2.628767e+02 3.996304e+01 5.953364e-01 5.048342e-01
425 4.869463e+02 2.627111e+02 3.761682e+01 6.711681e-01 5.169950e-01
426 4.816918e+02 2.593201e+02 3.250136e+01 9.337738e-01 4.888426e-01
427 4.699987e+02 2.606161e+02 3.445736e+01 6.819771e-01 5.557639e-01
428 4.574846e+02 2.635589e+02 3.662953e+01 5.885699e-01 5.723365e-01
429 4.531132e+02 2.639277e+02 3.713502e+01 5.892898e-01 5.696319e-01
430 4.553418e+02 2.642079e+02 3.453916e+01 6.810906e-01 4.009092e-01
431 4.416366e+02 2.639919e+02 3.681773e+01 6.191568e-01 4.825143e-01
432 4.433168e+02 2.611236e+02 3.396336e+01 7.634367e-01 3.182037e-01
433 4.354823e+02 2.603552e+02 2.994826e+01 9.549594e-01 2.957234e-01
434 4.064123e+02 2.598817e+02 3.816653e+01 7.446837e-01 5.782807e-01
435 3.947165e+02 2.568073e+02 4.026483e+01 6.662125e-01 5.886885e-01
436 3.928539e+02 2.546573e+02 4.026700e+01 6.916470e-01 4.272642e-01
437 3.862768e+02 2.526223e+02 4.078605e+01 7.719480e-01 4.017851e-01
438 3.722057e+02 2.515493e+02 4.014505e+01 9.304968e-01 3.774923e-01
439 3.618584e+02 2.517361e+02 4.093403e+01 1.116645e+00 2.707306e-01
440 3.472862e+02 2.531369e+02 4.725068e+01 9.681003e-01 2.612017e-01
441 3.401467e+02 2.576277e+02 5.153596e+01 8.978457e-01 1.980226e-01
442 3.378418e+02 2.584729e+02 4.474525e+01 1.609195e+00 8.168148e-02
443 3.188498e+02 2.598900e+02 5.622921e+01 1.352211e+00 8.022892e-02
444 2.886528e+02 2.625935e+02 7.295223e+01 4.546765e-01 2.673543e-01
445 2.792682e+02 2.622373e+02 6.818443e+01 3.046919e-01 2.741265e-01
446 2.601404e+02 2.617575e+02 6.728904e+01 3.414232e-01 3.185909e-01
447 2.438808e+02 2.607443e+02 6.647119e+01 3.744974e-01 3.210093e-01
448 2.282987e+02 2.593885e+02 6.736586e+01 3.782464e-01 2.823932e-01
449 2.106762e+02 2.585673e+02 6.767989e+01 3.968178e-01 2.709334e-01
450 1.918271e+02 2.561232e+02 6.614924e+01 4.476335e-01 2.558804e-01
451 1.730662e+02 2.553420e+02 6.406750e+01 5.186754e-01 2.369889e-01
452 1.519872e+02 2.527826e+02 6.084958e+01 6.254252e-01 2.160244e-01
453 1.359083e+02 2.518905e+02 6.051131e+01 6.528944e-01 1.597201e-01
454 1.190620e+02 2.534442e+02 6.079898e+01 5.796935e-01 1.394225e-01
455 9.983659e+01 2.531782e+02 5.696943e+01 5.838009e-01 1.247775e-01
456 7.731600e+01 2.520893e+02 5.486744e+01 6.708300e-01 1.551424e-01
457 5.820626e+01 2.507377e+02 5.150790e+01 7.545223e-01 1.508337e-01
458 3.449941e+01 2.555951e+02 4.461363e+01 7.649888e-01 1.999928e-01
459 8.152588e+00 2.600798e+02 3.610568e+01 7.631773e-01 3.767194e-01
4.840420e-01 1.809473e-01
