344 5.278726e+02 2.630445e+02 5.700008e+01 3.158587e-01 9.448134e-01
345 5.310541e+02 2.612386e+02 5.640901e+01 2.300324e-01 5.370653e-01
346 5.283743e+02 2.619171e+02 5.770489e+01 3.781926e-01 8.093703e-01
347 5.237657e+02 2.617505e+02 5.900188e+01 3.187493e-01 8.172050e-01
348 5.263308e+02 2.618157e+02 5.652233e+01 3.989962e-01 7.745764e-01
349 5.282967e+02 2.608523e+02 5.381901e+01 4.808677e-01 6.955229e-01
350 5.266188e+02 2.598367e+02 5.303669e+01 4.261971e-01 7.755768e-01
351 5.258675e+02 2.585176e+02 5.247837e+01 5.432364e-01 6.057397e-01
352 5.253057e+02 2.567196e+02 5.119179e+01 5.809010e-01 5.734401e-01
353 5.283684e+02 2.574122e+02 4.921073e+01 4.982882e-01 7.313436e-01
354 5.299755e+02 2.588464e+02 4.758440e+01 5.482085e-01 6.900197e-01
355 5.325110e+02 2.601127e+02 4.522878e+01 5.227259e-01 7.613474e-01
356 5.352275e+02 2.597709e+02 4.194503e+01 6.262646e-01 6.852254e-01
357 5.344247e+02 2.607665e+02 4.041235e+01 6.211996e-01 7.089886e-01
358 5.354727e+02 2.560988e+02 3.039768e+01 1.028927e+00 5.240979e-01
359 5.390261e+02 2.562953e+02 2.753430e+01 1.171256e+00 4.830578e-01
360 5.482815e+02 2.571205e+02 2.699411e+01 1.065645e+00 4.654157e-01
361 5.541399e+02 2.583126e+02 2.520485e+01 1.023670e+00 4.345663e-01
362 5.580325e+02 2.599390e+02 2.494450e+01 1.048374e+00 4.376229e-01
363 5.590518e+02 2.594849e+02 2.884930e+01 8.166740e-01 4.552321e-01
364 5.573083e+02 2.596934e+02 2.969435e+01 7.878188e-01 4.858199e-01
365 5.521184e+02 2.569522e+02 2.975195e+01 1.027276e+00 5.129647e-01
366 5.510625e+02 2.548439e+02 3.023279e+01 1.035507e+00 5.303999e-01
367 5.481795e+02 2.554924e+02 3.045425e+01 1.001418e+00 5.342851e-01
368 5.459599e+02 2.536500e+02 3.254601e+01 9.912995e-01 5.579165e-01
369 5.436990e+02 2.517790e+02 3.630213e+01 9.673476e-01 5.125748e-01
370 5.417975e+02 2.488365e+02 3.945069e+01 1.035112e+00 4.407879e-01
371 5.372700e+02 2.426825e+02 4.186585e+01 1.145682e+00 3.752735e-01
372 5.343790e+02 2.414241e+02 4.317722e+01 1.084918e+00 3.842557e-01
373 5.351318e+02 2.408617e+02 4.407320e+01 1.123959e+00 3.633682e-01
374 5.240804e+02 2.513869e+02 5.982037e+01 6.483192e-01 4.337130e-01
375 5.288484e+02 2.511601e+02 5.095260e+01 7.380097e-01 4.786780e-01
376 5.257921e+02 2.553049e+02 5.078952e+01 4.957937e-01 6.262371e-01
377 5.275163e+02 2.607298e+02 5.314411e+01 4.662210e-01 7.198709e-01
378 5.292687e+02 2.656530e+02 5.616149e+01 3.398095e-01 8.500104e-01
379 5.256223e+02 2.693341e+02 5.715802e+01 3.071202e-01 6.762612e-01
380 5.191959e+02 2.686110e+02 5.862850e+01 3.072192e-01 6.317176e-01
381 5.188067e+02 2.684023e+02 6.138464e+01 2.599086e-01 6.917001e-01
382 5.211505e+02 2.702610e+02 6.322875e+01 2.313892e-01 6.450624e-01
383 5.271482e+02 2.700159e+02 6.451696e+01 2.622661e-01 6.257325e-01
384 5.307321e+02 2.708747e+02 6.654505e+01 2.220490e-01 5.884456e-01
385 5.291125e+02 2.724600e+02 6.469342e+01 1.632925e-01 5.196532e-01
386 5.343451e+02 2.712201e+02 6.630411e+01 2.199180e-01 5.322170e-01
387 5.337193e+02 2.706972e+02 6.754497e+01 1.923492e-01 5.649246e-01
388 5.332367e+02 2.707217e+02 6.833737e+01 1.924745e-01 5.690087e-01
389 5.328619e+02 2.700807e+02 6.945252e+01 2.061565e-01 6.057005e-01
390 5.274329e+02 2.686472e+02 7.143663e+01 2.135923e-01 6.982617e-01
391 5.248781e+02 2.663896e+02 7.275989e+01 2.351956e-01 7.146191e-01
392 5.254165e+02 2.638951e+02 7.441039e+01 2.358901e-01 7.614451e-01
393 5.260344e+02 2.630152e+02 7.507581e+01 2.426969e-01 7.181969e-01
394 5.198437e+02 2.610946e+02 7.460980e+01 2.697552e-01 6.536903e-01
395 5.160788e+02 2.593146e+02 7.135038e+01 3.006418e-01 6.243821e-01
396 5.153788e+02 2.561881e+02 7.147484e+01 4.100305e-01 4.898061e-01
397 5.160846e+02 2.543236e+02 7.060264e+01 4.435489e-01 4.640485e-01
398 5.190692e+02 2.512269e+02 6.777023e+01 4.930680e-01 4.530665e-01
399 5.221802e+02 2.487714e+02 6.545697e+01 6.062674e-01 3.949760e-01
400 5.247989e+02 2.487401e+02 6.643177e+01 5.555200e-01 4.184998e-01
401 5.359913e+02 2.439476e+02 6.117805e+01 8.016799e-01 2.940037e-01
402 5.430287e+02 2.405860e+02 5.722948e+01 8.249680e-01 2.796069e-01
403 5.438674e+02 2.384628e+02 5.293265e+01 8.698339e-01 3.111772e-01
404 5.437086e+02 2.390258e+02 4.993022e+01 1.054669e+00 2.826758e-01
405 5.374187e+02 2.409932e+02 4.603215e+01 9.830692e-01 3.977657e-01
406 5.345589e+02 2.443026e+02 3.928319e+01 1.010579e+00 4.534139e-01
407 5.354590e+02 2.490279e+02 3.253704e+01 1.099373e+00 5.032108e-01
408 5.408554e+02 2.562414e+02 2.654059e+01 1.142858e+00 4.656244e-01
409 5.443268e+02 2.598826e+02 1.923462e+01 1.306384e+00 3.434753e-01
410 5.425605e+02 2.600991e+02 1.384610e+01 1.657434e+00 2.429140e-01
411 5.364059e+02 2.586722e+02 8.910567e+00 2.881846e+00 1.536305e-01
412 5.434214e+02 2.682151e+02 8.389420e+00 3.898355e+00 1.127164e-01
413 5.487251e+02 2.676671e+02 8.385502e+00 5.376643e+00 1.171430e-01
414 5.557625e+02 2.656765e+02 8.493450e+00 5.404255e+00 1.327995e-01
415 5.584185e+02 2.641453e+02 8.715100e+00 5.083213e+00 1.516625e-01
416 5.580780e+02 2.625092e+02 8.471023e+00 4.867095e+00 1.342715e-01
417 5.530156e+02 2.597749e+02 7.235130e+00 4.912834e+00 1.205855e-01
418 5.474319e+02 2.588101e+02 7.737522e+00 4.484314e+00 1.268446e-01
419 5.418773e+02 2.577745e+02 8.013209e+00 4.289265e+00 1.313641e-01
420 5.370174e+02 2.570272e+02 8.447860e+00 3.991275e+00 1.384895e-01
421 5.306627e+02 2.558738e+02 9.319447e+00 3.497137e+00 1.527778e-01
422 5.291721e+02 2.558148e+02 1.125264e+01 2.662199e+00 1.283259e-01
423 5.261775e+02 2.548588e+02 1.383857e+01 2.079377e+00 9.391114e-02
424 5.199472e+02 2.550538e+02 1.681452e+01 1.696457e+00 9.607652e-02
425 5.078505e+02 2.554080e+02 1.766805e+01 1.745210e+00 1.798308e-01
426 4.916132e+02 2.516650e+02 1.690844e+01 1.981725e+00 2.727167e-01
427 4.697042e+02 2.483975e+02 1.691991e+01 2.210042e+00 2.729018e-01
428 4.740080e+02 2.517290e+02 2.346726e+01 1.446894e+00 3.666760e-01
429 4.669882e+02 2.547048e+02 2.701692e+01 1.160309e+00 3.493929e-01
430 4.604552e+02 2.549970e+02 2.963284e+01 1.052040e+00 3.210131e-01
431 4.493553e+02 2.589100e+02 3.328936e+01 9.000531e-01 3.637639e-01
432 4.374245e+02 2.578880e+02 3.530468e+01 8.111502e-01 4.088545e-01
433 4.261210e+02 2.584631e+02 3.961816e+01 7.036560e-01 4.375606e-01
434 4.062967e+02 2.600940e+02 5.499267e+01 4.519721e-01 5.864135e-01
435 3.874059e+02 2.613897e+02 4.742624e+01 5.937079e-01 6.392657e-01
436 3.711763e+02 2.622689e+02 3.895204e+01 6.220877e-01 5.645224e-01
437 3.640433e+02 2.629578e+02 3.898492e+01 5.868726e-01 5.649989e-01
438 3.584622e+02 2.636903e+02 4.020182e+01 7.929887e-01 5.662228e-01
439 3.504617e+02 2.637920e+02 4.147701e+01 6.795101e-01 5.491426e-01
440 3.457868e+02 2.622979e+02 4.251480e+01 7.285780e-01 4.335161e-01
441 3.431614e+02 2.604944e+02 4.226114e+01 7.212705e-01 2.991584e-01
442 3.369257e+02 2.582822e+02 4.113932e+01 7.494052e-01 1.876572e-01
443 3.247575e+02 2.574643e+02 4.239277e+01 7.273545e-01 1.499005e-01
444 3.079946e+02 2.553571e+02 4.573740e+01 7.635127e-01 1.628524e-01
445 2.912465e+02 2.553143e+02 4.936100e+01 7.750093e-01 1.640743e-01
446 2.639489e+02 2.566847e+02 6.437250e+01 4.690874e-01 2.583633e-01
447 2.490098e+02 2.578101e+02 6.934555e+01 4.728051e-01 2.031091e-01
448 2.275790e+02 2.567932e+02 7.532266e+01 3.673429e-01 2.373925e-01
449 1.988407e+02 2.582610e+02 8.245619e+01 2.773260e-01 3.139419e-01
450 1.731634e+02 2.582037e+02 8.552065e+01 3.284308e-01 3.796924e-01
451 1.492822e+02 2.592804e+02 9.253947e+01 2.981343e-01 3.818837e-01
452 1.285391e+02 2.571399e+02 9.661553e+01 3.110485e-01 3.203238e-01
453 1.099644e+02 2.572276e+02 1.052463e+02 2.729916e-01 2.674692e-01
454 8.573725e+01 2.606386e+02 1.141677e+02 2.300277e-01 3.042384e-01
455 7.018036e+01 2.492087e+02 1.106364e+02 3.415395e-01 2.000204e-01
456 4.912994e+01 2.624490e+02 1.321457e+02 2.635290e-01 2.092653e-01
457 2.013421e+01 2.697369e+02 1.370948e+02 1.064212e-01 3.637322e-01
458 1.793785e+01 2.665023e+02 1.581375e+02 1.230696e-01 1.964250e-01
459 1.040419e+01 2.628016e+02 1.640897e+02 1.139813e-01 7.879111e-02
4.368737e-01 2.071794e-01
