270 5.348216e+02 4.096564e+02 4.300000e+01 1.395350e+00 8.827855e-01
271 5.320353e+02 4.056592e+02 4.300002e+01 1.395362e+00 8.020353e-01
272 5.250426e+02 3.983736e+02 4.300003e+01 1.395370e+00 8.332476e-01
273 5.176727e+02 3.925273e+02 4.300007e+01 1.395363e+00 7.420093e-01
274 5.109634e+02 3.878470e+02 4.300012e+01 1.395358e+00 6.164244e-01
275 5.113606e+02 3.862206e+02 4.300011e+01 1.395313e+00 5.296717e-01
276 5.154348e+02 3.876017e+02 4.300014e+01 1.395165e+00 1.040673e-01
277 5.174704e+02 3.805661e+02 4.300014e+01 1.395051e+00 4.535255e-02
278 5.017719e+02 3.605990e+02 4.299982e+01 1.394660e+00 1.570873e-01
279 4.956665e+02 3.512526e+02 4.300018e+01 1.394899e+00 1.427117e-01
280 4.920132e+02 3.454440e+02 4.300028e+01 1.394816e+00 7.622996e-02
281 4.840780e+02 3.357447e+02 4.300007e+01 1.394439e+00 6.710235e-02
282 4.805446e+02 3.224350e+02 4.300026e+01 1.394593e+00 8.934670e-02
283 4.781125e+02 3.103770e+02 4.300004e+01 1.394106e+00 0.000000e+00
284 4.760208e+02 2.973420e+02 4.299982e+01 1.393826e+00 0.000000e+00
285 4.750733e+02 2.748388e+02 4.299965e+01 1.393776e+00 5.885582e-02
286 4.736727e+02 2.557027e+02 4.299980e+01 1.394228e+00 8.039755e-02
287 4.681164e+02 2.411687e+02 4.300065e+01 1.394952e+00 1.051885e-01
288 4.563858e+02 2.290181e+02 4.300127e+01 1.396103e+00 1.898092e-01
289 4.407994e+02 2.038968e+02 4.300074e+01 1.395331e+00 4.460134e-01
290 4.436428e+02 1.817096e+02 4.300058e+01 1.394190e+00 3.555738e-01
291 4.381916e+02 1.737498e+02 4.300138e+01 1.396282e+00 2.857841e-01
292 4.368627e+02 1.788297e+02 4.300331e+01 1.399107e+00 1.468449e-01
293 4.282411e+02 1.701058e+02 4.300321e+01 1.398834e+00 1.757499e-01
294 4.205716e+02 1.490042e+02 4.300228e+01 1.396456e+00 1.991198e-01
295 4.143798e+02 1.397057e+02 4.300211e+01 1.395773e+00 2.131761e-01
296 4.093093e+02 1.323924e+02 4.300209e+01 1.395519e+00 2.067403e-01
297 4.053595e+02 1.208402e+02 4.300217e+01 1.395764e+00 2.401938e-01
298 4.051879e+02 1.143257e+02 4.300252e+01 1.396281e+00 1.999923e-01
299 3.971174e+02 9.948102e+01 4.300298e+01 1.396943e+00 2.083292e-01
300 3.901866e+02 9.099372e+01 4.300280e+01 1.396467e+00 2.399643e-01
301 3.909909e+02 7.789771e+01 4.300305e+01 1.397030e+00 2.671883e-01
302 3.869772e+02 8.113303e+01 4.300312e+01 1.397701e+00 1.939403e-01
303 3.854400e+02 7.731795e+01 4.300337e+01 1.398226e+00 1.611106e-01
304 3.883360e+02 7.348410e+01 4.300254e+01 1.396544e+00 1.193616e-01
305 3.861666e+02 6.718092e+01 4.300323e+01 1.397827e+00 1.290451e-01
306 3.852175e+02 4.870977e+01 4.300460e+01 1.399934e+00 2.167321e-01
307 3.796105e+02 3.835861e+01 4.300583e+01 1.401980e+00 2.607056e-01
308 3.825670e+02 3.889106e+01 4.300561e+01 1.401031e+00 2.936213e-01
309 3.829042e+02 3.696853e+01 4.300449e+01 1.398524e+00 3.071051e-01
310 3.815062e+02 2.473622e+01 4.300395e+01 1.397664e+00 3.106150e-01
311 3.774199e+02 1.626895e+01 4.300176e+01 1.392605e+00 3.028967e-01
312 3.744787e+02 1.176084e+01 4.300025e+01 1.388286e+00 2.482075e-01
313 3.758503e+02 6.507628e+00 4.300374e+01 1.395698e+00 2.493200e-01
314 3.749651e+02 2.689049e+00 4.300717e+01 1.404124e+00 2.924215e-01
315 3.740987e+02 1.934768e+00 4.301003e+01 1.412203e+00 3.267138e-01
316 3.767080e+02 1.899586e+00 4.301129e+01 1.415824e+00 3.115415e-01
317 3.767127e+02 1.426445e+00 4.301143e+01 1.416458e+00 3.339156e-01
318 3.777556e+02 2.054873e+00 4.301131e+01 1.416951e+00 3.112932e-01
319 3.799309e+02 2.532830e+00 4.301132e+01 1.417510e+00 2.934990e-01
320 3.816726e+02 1.752994e+00 4.301142e+01 1.418042e+00 2.591564e-01
321 3.758542e+02 4.098700e+00 4.301157e+01 1.418473e+00 2.992774e-01
322 3.757107e+02 1.607975e+00 4.301176e+01 1.418816e+00 2.952366e-01
323 3.768006e+02 1.342930e+00 4.301172e+01 1.419395e+00 2.613922e-01
324 3.746560e+02 1.620312e+00 4.301197e+01 1.419913e+00 2.708797e-01
325 3.741030e+02 1.592168e+00 4.301196e+01 1.420744e+00 2.548444e-01
326 3.656603e+02 1.830238e+00 4.301165e+01 1.421332e+00 3.012016e-01
327 3.637951e+02 1.574010e+00 4.301232e+01 1.421943e+00 2.873781e-01
328 3.622789e+02 1.499805e+00 4.301202e+01 1.422260e+00 3.010000e-01
329 3.573803e+02 1.883893e+00 4.301154e+01 1.422333e+00 2.624629e-01
330 3.673474e+02 1.765654e+00 4.301140e+01 1.422874e+00 3.145551e-01
331 3.603900e+02 2.059110e+00 4.301198e+01 1.423571e+00 2.829711e-01
332 2.847236e+02 1.210011e+01 4.301417e+01 1.424841e+00 0.000000e+00
333 2.728576e+02 1.960565e+01 4.301428e+01 1.425266e+00 0.000000e+00
334 3.734983e+02 1.520793e+00 4.301252e+01 1.424759e+00 3.224688e-01
335 3.680214e+02 1.479534e+00 4.301327e+01 1.425668e+00 3.252850e-01
336 3.790400e+02 1.237007e+00 4.301285e+01 1.425317e+00 3.056520e-01
337 3.819219e+02 2.076113e+00 4.301274e+01 1.425240e+00 2.958098e-01
338 3.815227e+02 1.694267e+00 4.301288e+01 1.425386e+00 2.969149e-01
339 3.782303e+02 1.423026e+00 4.301305e+01 1.425516e+00 2.866484e-01
340 3.746143e+02 1.315352e+00 4.301317e+01 1.425642e+00 2.866215e-01
341 3.755439e+02 3.497579e+00 4.301332e+01 1.425785e+00 2.865913e-01
342 3.771824e+02 3.964258e+00 4.301362e+01 1.425840e+00 2.653478e-01
343 3.757466e+02 1.986201e+00 4.301367e+01 1.425986e+00 2.501764e-01
344 3.805162e+02 2.304523e+00 4.301412e+01 1.426313e+00 2.138832e-01
345 3.864632e+02 2.020993e+00 4.301437e+01 1.426287e+00 1.780275e-01
346 3.812957e+02 2.976541e+00 4.301413e+01 1.426721e+00 1.362276e-01
347 3.826250e+02 4.527047e+00 4.301432e+01 1.426915e+00 1.316683e-01
348 3.884283e+02 2.310712e+01 4.301472e+01 1.427102e+00 2.913538e-01
349 3.894107e+02 3.876714e+01 4.301572e+01 1.427660e+00 3.391799e-01
350 3.916497e+02 4.569204e+01 4.301573e+01 1.427627e+00 3.747708e-01
351 3.908403e+02 5.475398e+01 4.301663e+01 1.428107e+00 3.652108e-01
352 3.901997e+02 5.879102e+01 4.301690e+01 1.428358e+00 3.720659e-01
353 3.908796e+02 5.847252e+01 4.301697e+01 1.428403e+00 3.458734e-01
354 3.911663e+02 7.137683e+01 4.301636e+01 1.428216e+00 2.837970e-01
355 3.864927e+02 7.765797e+01 4.301585e+01 1.427978e+00 3.011686e-01
356 3.796147e+02 8.878630e+01 4.301556e+01 1.427861e+00 3.501100e-01
357 3.775038e+02 9.371367e+01 4.301548e+01 1.427661e+00 3.690880e-01
358 3.771698e+02 9.654854e+01 4.301572e+01 1.427478e+00 3.691313e-01
359 3.761122e+02 9.985414e+01 4.301602e+01 1.427522e+00 3.937219e-01
360 3.728387e+02 1.023877e+02 4.301551e+01 1.427238e+00 3.555989e-01
361 3.684971e+02 1.066690e+02 4.301588e+01 1.427439e+00 3.278447e-01
362 3.668177e+02 1.137158e+02 4.301581e+01 1.427240e+00 3.180584e-01
363 3.664232e+02 1.185506e+02 4.301570e+01 1.426692e+00 2.957939e-01
364 3.665444e+02 1.254843e+02 4.301575e+01 1.426360e+00 2.848083e-01
365 3.684439e+02 1.360241e+02 4.301568e+01 1.426165e+00 2.877294e-01
366 3.677269e+02 1.420400e+02 4.301586e+01 1.426611e+00 1.780421e-01
367 3.663325e+02 1.601614e+02 4.301626e+01 1.426457e+00 2.612515e-01
368 3.573495e+02 1.817012e+02 4.301640e+01 1.426414e+00 3.893347e-01
369 3.611950e+02 1.918658e+02 4.301655e+01 1.426045e+00 3.948255e-01
370 3.644451e+02 1.973921e+02 4.301679e+01 1.425873e+00 3.707141e-01
371 3.656098e+02 2.097682e+02 4.301705e+01 1.425653e+00 4.124005e-01
372 3.680399e+02 2.280864e+02 4.301739e+01 1.425357e+00 5.304976e-01
373 3.673095e+02 2.315551e+02 4.301758e+01 1.425393e+00 4.627204e-01
374 3.711177e+02 2.346840e+02 4.301811e+01 1.425086e+00 3.221622e-01
375 3.686821e+02 2.472831e+02 4.301813e+01 1.425305e+00 1.992806e-01
376 3.681459e+02 2.762574e+02 4.301786e+01 1.425521e+00 3.730738e-01
377 3.668837e+02 3.033427e+02 4.301777e+01 1.425625e+00 4.724345e-01
378 3.686045e+02 3.233689e+02 4.301791e+01 1.425573e+00 5.115828e-01
379 3.758959e+02 3.390954e+02 4.301776e+01 1.425762e+00 6.057578e-01
380 3.921931e+02 3.537075e+02 4.301789e+01 1.425584e+00 7.615739e-01
381 4.077472e+02 3.730103e+02 4.301807e+01 1.425210e+00 5.423138e-01
382 4.076461e+02 3.863203e+02 4.301757e+01 1.425728e+00 5.775149e-01
383 4.171355e+02 4.023676e+02 4.301730e+01 1.425873e+00 6.086536e-01
384 4.289679e+02 4.331619e+02 4.301700e+01 1.425909e+00 5.758661e-01
3.036176e-01 1.676342e-01
