0	0.747858	-6.59239e+190
1	0.851588	2.80795e-308
2	0.861492	2.35197e+254
3	0.884775	7.21461e-128
4	0.899522	1.3618e-260
5	0.93076	9.02351e+222
6	0.940915	-1.65619e+164
7	0.920769	298.227
8	0.9525	9.27935e+212
9	0.935385	4.42948e+250
10	0.915899	1.26319e-188
11	0.902439	-2.10022e-014
12	0.95122	1.42197e-198
13	0.9606	7.55181e+174
14	0.907143	2.39741e-256
15	0.923301	2.87089e-260
16	0.865436	3.36481e+174
17	0.887626	5.9805e-061
18	0.82438	7.5487e-068
19	0.814141	-2.92124e-303
20	0.814536	1.34279e-216
21	0.78408	1.75021e-251
22	0.78408	-1.67435e-062
23	0.790883	-7.46689e-034
24	0.793903	2.36612e-271
25	0.800254	4.36419e-106
26	0.783951	-6.19336e-306
27	0.738889	-1.39311e+275
28	0.718487	-1.48083e-042
29	0.707083	2.76101e+035
30	0.726203	3.40215e+229
31	0.739426	-1.83233e-227
32	0.728234	2.31689
33	0.723032	-7.37593e-116
34	0.718597	-1.13647e+078
35	0.719281	-1.28656e-084
36	0.725624	4.24788e-140
37	0.726249	3.09417e+154
38	0.697115	1.01457e-234
39	0.703243	7.72634e-148
40	0.693045	-1.0164e+285
41	0.679184	3.11316e-182
42	0.679865	2.04124e-189
43	0.657987	2.30037e-296
44	0.6536	-2.66811e-152
45	0.654305	-6.58146e-151
46	0.667658	1.75421e-264
47	0.663265	8.19963e+281
48	0.65893	-5.75102e-263
49	0.654651	2.62078e-147
50	0.666711	-1.2184e+275
51	0.680601	-1.02567e-089
52	0.680601	-7.42491e-129
53	0.681452	1.47551e-020
54	0.677083	-7.92433e+275
55	0.663265	4.10651e+265
56	0.659041	-6.45194e+101
57	0.659041	1.8205e-302
58	0.65487	-4.18362e+127
59	0.650751	4.35116e-228
60	0.646684	-6.37438e-252
61	0.642667	4.69172e+081
62	0.634782	-2.27142e-059
63	0.614734	7.36905e-194
64	0.611008	-2.11545e+147
65	0.607327	1.39785e+106
66	0.616267	2.41363e-149
67	0.612599	1.68117e-278
68	0.592949	-1.07502e+214
69	0.621931	1.02308e+136
70	0.623029	3.0663e-227
71	0.670077	-1.43137e-044
72	0.680962	-2.66705e+154
73	0.660078	-1.73705e+289
74	0.692389	-9.72274e+280
75	0.692389	2.63774e+285
76	0.671177	6.90735e-146
77	0.65777	-1.666e+161
78	0.65777	-4.45064e-111
79	0.663938	-1.7369e-231
80	0.663938	7.29201e-304
81	0.680962	-2.29601e-060
82	0.684967	-7.58016e-263
83	0.679739	-9.96626e-112
84	0.683761	-9.27996e-101
85	0.647157	2.58358e+044
86	0.663751	-2.47342e-033
87	0.662526	-3.8995e+207
88	0.635452	-1.39564e+072
89	0.653495	2.11628e+183
90	0.661102	1.31902e+237
91	0.68902	2.0316e+094
92	0.667843	5.90385e-299
93	0.696438	2.3787e-286
94	0.694818	-3.38511e+263
95	0.708491	2.37522e-247
96	0.690779	1.01088e-052
97	0.686786	-5.82347e-083
98	0.688387	5.57488e-029
99	0.639435	1.19777e-236
100	0.63576	-7.16201e-280
101	0.621939	2.03821e+189
102	0.602878	-2.02082e-308
103	0.618743	3.61135e+046
104	0.618743	-2.80483e+277
105	0.610549	3.64917e-282
106	0.579239	2.21456e-154
107	0.579239	5.74991e+232
108	0.579239	9.88805e-018
109	0.591563	3.99473e+130
110	0.559587	-4.30571e+212
111	0.571752	-1.97736e-309
112	0.568466	4.56529e-229
113	0.568466	-5.21596e-288
114	0.568466	-1.82648e-036
115	0.584708	-1.33247e+213
116	0.577778	-2.75696e-303
117	0.594286	2.34815e-124
118	0.595455	-7.21878e-289
119	0.595455	5.70526e-031
120	0.575155	-1.00095e-037
121	0.602418	-5.31101e-230
122	0.578667	3.80735e-158
123	0.589153	3.10909e-131
124	0.600189	3.35876e-154
125	0.611813	1.00356e-295
126	0.611813	4.80782e-010
127	0.60847	-2.35381e-156
128	0.590574	1.14108e-252
129	0.590574	-5.56988e-282
130	0.595082	4.46086e+042
131	0.577049	-2.66632e+300
132	0.577049	1.37065e-093
133	0.591845	-3.55494e-308
134	0.5765	-7.57914e+022
135	0.591671	-5.39347e-282
136	0.588061	1.12448e+126
137	0.588061	3.30594e-131
138	0.588061	9.08379e-193
139	0.584249	2.70012e-066
140	0.584249	-3.90882e+176
141	0.584249	-2.52275e+114
142	0.567219	-2.97326e-306
143	0.604262	1.33667e-259
144	0.604262	-1.76298e-076
145	0.586667	-8.4654e+061
146	0.583425	-7.09821e+133
147	0.583425	4.67223e-207
148	0.58022	2.87563e-168
149	0.583425	6.54946e+079
150	0.604262	4.11003e-005
151	0.583425	-1.33167e-296
152	0.604262	5.42571e-116
153	0.583425	1.52948e-091
154	0.609685	6.9939e-283
155	0.631459	5.26492e-245
156	0.631459	4.50639e+163
157	0.634967	-6.93389e-092
158	0.660532	3.56671e+249
159	0.659286	-9.68196e-264
160	0.659286	2.29788e-210
161	0.663011	7.52041e+103
162	0.663011	5.28889e-278
163	0.644552	2.52838
164	0.644068	-1.04604e+163
165	0.669318	-7.95759e-260
166	0.669318	-8.34254e+290
167	0.694857	2.17872e-224
168	0.673143	1.33127e-302
169	0.658206	9.4352e-033
170	0.679438	1.27493e-257
171	0.683365	59.0383
172	0.664896	-6.2343e+138
173	0.644118	3.03915e-094
174	0.626964	-3.26128e+017
175	0.590116	2.29171e+146
176	0.573099	2.14315e-074
177	0.59803	1.28689e-308
178	0.577408	7.80631e-062
179	0.577408	-2.12646e+286
180	0.580805	1.57246e+221
181	0.577408	-1.48456e+015
182	0.577408	7.79778e+188
183	0.580805	3131.75
184	0.580805	5.72201e-211
185	0.565913	1.79257e-078
186	0.562603	-1.46568e+084
187	0.544444	4.49491e-132
188	0.531213	2.95881e-096
189	0.479867	1.35792e+122
190	0.482724	-2.27829e+257
191	0.482724	-1.56e-030
192	0.482724	63624.1
193	0.494792	-6.0892e+020
194	0.494792	4.60454e-252
195	0.505039	7.59438e+151
196	0.51116	-6.23328e+274
197	0.51041	-3.4984e+053
198	0.513542	6.70421e-092
199	0.516712	-2.6077e+069
200	0.507542	-6.79349e-232
201	0.510714	-4.13154e-303
202	0.513926	-7.13903e-116
203	0.521281	-1.66488e+082
204	0.521281	-5.52605e-290
205	0.547474	2.2231e-252
206	0.550984	8.30519e-090
207	0.574344	1.85076e+202
208	0.578073	1.79522e+088
209	0.585679	5.49178e-176
210	0.609888	3.46895e-229
211	0.613953	3.37011e-257
212	0.58	5.95893e+091
213	0.604027	5.71412e-294
214	0.583385	2.57233e-110
215	0.621737	2.35442e-278
216	0.623067	-2.84024e-186
217	0.626803	1.75487e-302
218	0.621944	-6.65314e+014
219	0.601326	-1.19504e-265
220	0.605531	7.39147e-099
221	0.640504	-2.58157e+289
222	0.631514	-6.23205e+030
223	0.636025	1.26798e-250
224	0.640601	-4.08854e+295
225	0.646161	-2.678e+067
226	0.651249	-1.95823e+190
227	0.647354	3.89883e-300
228	0.64	2.19598e+305
229	0.65	2.64711e-307
230	0.637037	-3.6062e+173
231	0.67474	-1.43964e-095
232	0.661765	-1.4965e+300
233	0.666855	-1.25156e-305
234	0.649497	8.80053e-156
235	0.644791	3.25125e-114
236	0.649713	-6.03863e+025
237	0.645039	5.73401e-140
238	0.635889	-6.86617e-025
239	0.631411	9.17112e-034
240	0.638678	6.16017e-042
241	0.628927	-1.02938e-117
242	0.640889	-1.00851e-199
243	0.619177	-8.64591e-136
244	0.626903	-0.00507455
245	0.644476	3.62923e-217
246	0.662259	2.20568e+132
247	0.649014	2.87567e-306
248	0.654085	-2.45584e+216
249	0.672254	-3.1184e-045
250	0.657628	5.65248e+251
251	0.661458	2.64075e-228
252	0.690178	-2.10103e-268
253	0.674772	-2.88428e-251
254	0.669417	-3.20283e-031
255	0.683707	-2.80663e+021
256	0.680006	-3.4014e-134
257	0.698768	2.07381e-133
258	0.709292	4.03722e-127
259	0.710192	-8.44048e+027
260	0.713795	-1.24147e-217
261	0.696809	-3847.62
262	0.710123	-2.25127e+134
263	0.69237	-4.30508e+096
264	0.695329	8.76501e-188
265	0.673655	-1.18311e+049
266	0.673655	-9.74295e+178
267	0.676828	-7.04597e+263
268	0.630127	-4.35981e+026
269	0.663291	-7.60279e-090
270	0.663291	-1.71589e+055
271	0.674684	-1.50174e+300
272	0.674684	3.6081e-291
273	0.674684	5.21555e-244
274	0.674684	-2.06043e-130
275	0.691139	-4.06474e+068
276	0.684204	4.21899e-244
277	0.678981	2.6111e-237
278	0.684204	7.52699e-280
279	0.700892	1.4309e+020
280	0.684204	2.93693e-143
281	0.684204	-1.62073e+150
282	0.687149	1.43604e+208
283	0.63778	-2.4079e+014
284	0.63778	8.48255e+298
285	0.64139	-2.66653e-212
286	0.625746	-6.04703e+038
287	0.645475	-8.52187e+242
288	0.633522	2.4887e-283
289	0.622003	-8.94136e-032
290	0.625991	7.10951e-303
291	0.610723	-1.54041e-156
292	0.595455	-4.68339e-111
293	0.584821	-2.54972e-228
294	0.588594	2.28826e+175
295	0.589294	1.01264e+205
296	0.59001	3.57722e+122
297	0.583554	3.69992e+077
298	0.569318	-1.41666e-049
299	0.58908	1.54619e-231
300	0.603282	3.83532e-303
301	0.629032	-7.55099e+012
302	0.62522	9.53068e+305
303	0.62522	5.49711e-051
304	0.621212	1.86576e-189
305	0.621266	-9.77359e+009
306	0.605735	-1.71286e+305
307	0.605735	-3.36463e+084
308	0.601339	4.56424e-075
309	0.589316	1.04407e-244
310	0.577137	4.74261e-308
311	0.577137	1.91983e+294
312	0.562914	7.03328e+149
313	0.566667	1.4724e-168
314	0.566667	39229.1
315	0.57047	6.97144e-215
316	0.581655	2.17991e+288
317	0.581655	-9.73208e-202
318	0.575839	3.04234e-308
319	0.575839	-3.35135e-031
320	0.54094	3.91831e-297
321	0.551979	3.71152e+053
322	0.551979	3.26222e+009
323	0.556225	-1.98229e+262
324	0.52034	7.47251e-186
325	0.53118	-9.47831e-280
326	0.53118	-8.42194e-186
327	0.535297	1.50211e-146
328	0.584653	1.03618e+016
329	0.597645	9.08095e-138
330	0.622698	1.4283e-058
331	0.684178	-2.13715
332	0.709236	-1.66827e+079
333	0.697146	-5.73121e-131
334	0.667928	-3.01215e-304
335	0.654692	9.43967e-006
336	0.646433	2.38745e-006
337	0.616202	4.66859e-028
338	0.60713	-3.0025e+287
339	0.622931	-6.28528e-289
340	0.599859	-8.68991e-119
341	0.618037	4.11527e+101
342	0.614358	-2.62923e-057
343	0.610723	1.#QNAN
344	0.626103	2.55402e+196
345	0.629808	8.40999e+196
346	0.654031	1.06818e-306
347	0.674265	3.72221e-245
348	0.670322	-5.02091e+087
349	0.673223	-2.33716e+297
350	0.673223	1.38935e+159
351	0.723886	-1.72492e+006
352	0.696438	2.37789e-303
353	0.742867	2.10819e-154
354	0.747237	5.98731e-293
355	0.741533	-1.20598e-308
356	0.741533	2.27128e+094
357	0.719723	1.6555e-309
358	0.723982	7.39046e-189
359	0.723982	9.7251e-249
360	0.712925	1.98113e-180
361	0.694782	3.44093e-307
362	0.701473	2.94975e-017
363	0.705724	-1.04859e-152
364	0.712426	2.17259e+047
365	0.711325	8422.17
366	0.713594	3.87853e-304
367	0.716901	4.9965e+108
368	0.722458	5.92296e-234
369	0.742599	-1.06991e+021
370	0.71003	546.938
371	0.732717	-9.25419e-178
372	0.738397	-1.56523e-266
373	0.729114	6.52864e+011
374	0.716888	25.0743
375	0.706851	2.78785e-039
376	0.690021	-2.37743e-105
377	0.670306	-3.11647e+154
378	0.659754	3.68688e-135
379	0.659754	1.5823e-308
380	0.683512	-3.26313e-054
381	0.687063	-3.78035e-145
382	0.691496	1.3866e-287
383	0.691496	1.72257e-100
384	0.699423	5.95411e-039
385	0.699423	3.42382e-039
386	0.678995	-5.07373e-263
387	0.697346	1.52729e+156
388	0.701904	7.52135e-069
389	0.68697	3.55622e-124
390	0.689693	2.46532e+026
391	0.679739	1.46797e+266
392	0.701754	4.02238e-270
393	0.687433	-1.0429e-280
394	0.726585	1.5297e-249
395	0.691985	7.55007e-081
396	0.6888	-1.41014e-233
397	0.671141	3.1661e+296
398	0.671141	5.40041e+277
399	0.654362	2.64527e-203
400	0.659597	1.18986e-190
401	0.645866	7.43798e-172
402	0.6562	3.3975e+053
403	0.6562	-3.71186e+053
404	0.647959	9.69714e+097
405	0.669125	7.298e+255
406	0.68435	2.17383e-307
407	0.701459	1.87037e-299
408	0.688224	2.62314e-245
409	0.670852	-9.89208e+041
410	0.675479	6.32941e+040
411	0.663197	3.17219e-116
412	0.651515	1.4904e-083
413	0.656071	1.72122e-096
414	0.644356	-3.31345e+010
415	0.639669	-6.33901e+149
416	0.623268	4.36788e-247
417	0.627657	-1.88165e+256
418	0.61114	-1.96852e-049
419	0.639669	-1.55915e+290
420	0.672926	1.05151e+179
421	0.672926	8.49369e-186
422	0.68975	-1.18763e+164
423	0.689257	-1.40906e-182
424	0.667192	4.88218e-224
425	0.628307	-7.69233e-179
426	0.606878	-2.31905e-278
427	0.594724	-8.0306e+305
428	0.615258	-3.70231e-176
429	0.619749	5.61095e-045
430	0.617647	-4.19137e+050
431	0.622222	1.67179e-182
432	0.674493	-7146.79
433	0.687464	-1.25394e+136
434	0.729047	7.0572e-292
435	0.709659	3.01954e+199
436	0.70932	-1.31281e+057
437	0.691587	-2.95521e-308
438	0.671473	-1.7772e-279
439	0.65399	-6.95329e+097
440	0.635659	1.16831e-102
441	0.551809	1.22724e+305
442	0.480405	8.70807e-303
443	0.433769	5.93131e-217
444	0.381042	1.06698e+140
445	0.35241	-1.18927e-190
446	0.364219	-2.13237e-173
447	0.354331	-1.56515e-308
448	0.346125	-5.01218e-279
449	0.35117	-9.3503e+236
450	0.33189	8.16722e+043
451	0.326414	4.0136e-269
452	0.332538	-4.41856e-274
453	0.320315	-2.35548e+135
454	0.305605	-7.96643e-251
455	0.31153	3.52896e-279
456	0.297205	1.14931e-070
457	0.296841	9.13882e-276
458	0.274496	-6.20084e+301
459	0.277015	4.69921e-075
460	0.257448	2.04391e+234
461	0.25981	1.55431e-231
462	0.223904	1.24118e-119
463	0.228013	5.44629e-043
464	0.23838	-1.6351e+153
465	0.293266	6.71586e+261
466	0.345738	1.87179e-284
467	0.438735	4.55102e-185
468	0.565789	-5.95641e-079
469	0.633803	-1.37635e-305
470	0.686567	-5.0108e-287
471	0.707692	2.18882e-088
472	0.707692	3.36276e-168
473	0.703125	-4.27674e+195
474	0.703125	-6.83899e+019
475	0.703125	2.75699e-211
476	0.6875	-5.75619e-114
477	0.671875	-1.8008e-306
478	0.640625	2.53177e+174
479	0.625	-5.24109e-308
480	0.625	-3.88727e+225
481	0.59375	-2.04542e-047
482	0.59375	7.01156e+276
483	0.59375	-7.31661e-156
484	0.584615	-9.08098e-298
485	0.584615	-1.61852e+015
486	0.584615	-1.68079e-154
487	0.584615	2.75874e-289
488	0.584615	-2.24217e-236
489	0.603989	-2.04095e+299
490	0.618849	-1.03158e+228
491	0.569421	2.56975e-206
492	0.558678	5.76235e-182
493	0.559365	-1.58739e+158
494	0.540512	-1.29905e-172
495	0.554371	9.91038e-135
496	0.54088	-4.09112e-266
497	0.531029	8.41618e-300
498	0.515152	3.81583e-005
499	0.479051	2.7564e-281
500	0.443886	-79.5326
501	0.457337	3.10591e-298
502	0.469289	-1.09595e+160
503	0.467461	5.13578e+149
504	0.494369	-4.32772e+258
505	0.548539	1.94355e-125
506	0.583749	7.99007e+115
507	0.646976	-2.8931e+212
508	0.674793	-1.09387e+305
509	0.696651	3.64023e-212
510	0.747708	-8.70314e-014
511	0.783333	1.80767e-181
512	0.8	3.75865e-293
513	0.789916	4.15262e+149
514	0.766667	1.49475e-236
515	0.760057	-2.77306e-098
516	0.733333	1.11458e+303
517	0.710744	4.27249e+274
518	0.716978	7.85598e-306
519	0.716978	9.80993e-268
520	0.729782	-1.48872e-254
521	0.72577	1.18356e+117
522	0.714651	3.18206e-307
523	0.656872	3.00599e-021
524	0.639118	5.96448e-234
525	0.628099	1.2019e-303
526	0.63995	-1.10333e-246
527	0.670375	1.92854e+204
528	0.634337	-6.68272e+074
529	0.692925	-5.37112e+088
530	0.681132	-6.05232e-236
531	0.668223	1.02795e-126
532	0.710905	1.22881e-309
533	0.710905	1.46998e+253
534	0.717141	2.69608e-248
535	0.762656	8.79572e+156
536	0.762712	-1.42125e+017
537	0.718487	-7.35738e-031
538	0.69958	6.67299e-222
539	0.75641	39545.7
540	0.720467	8.66956e-123
541	0.764868	-2.12014
542	0.760661	1.32687e-213
543	0.819174	3.07504e+043
544	0.851148	2.04583e+195
545	0.848779	-9.52799e+219
546	0.868757	2.83137e+145
547	0.866701	-9.80807e+230
548	0.866935	-1.01605e-152
549	0.84	9.4696e+270
550	0.854	9.16041e+009
551	0.894841	3.05458e-307
552	0.886078	1.56486e-156
553	0.851399	8.27238e+109
554	0.851399	1.41996e+151
555	0.869908	2.23566e-249
556	0.869908	3.7178e-146
557	0.896588	5.03314e+212
558	0.889583	3.76799e+267
559	0.882687	-1.24315e+113
560	0.92472	6.8101e+303
561	0.938462	3.7724e-132
562	0.925128	2.4512e-076
563	0.93265	8.89306e-231
564	0.92553	-6.65488e-142
565	0.946565	2.39498
566	0.932331	-2.2522e-053
567	0.932331	6.69622e+079
568	0.897049	-5.59598e-282
569	0.897049	2.43681e-115
570	0.875797	1.19886e-007
571	0.847545	-2.315e-287
572	0.805168	-2.08219e+204
573	0.777606	4.82253e+090
574	0.783409	4.77012e+064
575	0.783409	9.23462e+009
576	0.800373	-1.35297e+258
577	0.847744	-8.85923e-114
578	0.862155	3.56559e-212
579	0.902256	-4.66537e+243
580	0.902256	-1.31515e+183
581	0.909091	-1.42634e+188
582	0.83004	1.25413e-042
583	0.851064	-4.08534e-270
584	0.866477	-6.41552e-253
585	0.845583	-3.24824e+271
586	0.797646	5.52164e+067
587	0.789055	544.149
588	0.78321	1.38224e-115
589	0.771879	3.68011
590	0.768483	4.49444e+062
591	0.768483	-5.51003e-133
592	0.759259	4.20313e-286
593	0.824339	-1.53817e-284
594	0.816176	1.07119e-010
595	0.816176	2.69232e-262
596	0.82	5.0655e+118
597	0.872593	-4.92472e-201
598	0.855869	2.03903e-305
599	0.780928	4.99518e-257
600	0.741349	6.60637e-093
601	0.760333	8.47925e+067
602	0.760333	-3.20601e+208
603	0.73894	-168961
604	0.745628	5.67792e-291
605	0.732124	1.18424e+308
606	0.74923	6.27762e+079
607	0.796136	1.69771e-306
608	0.847848	-1.81452e-068
609	0.854855	7.05032e-308
610	0.836628	-4.81276e-278
611	0.853498	7.63366e-163
612	0.846502	-4.05491e-107
613	0.877902	-5.61836e+052
614	0.902985	-7.31887e+040
615	0.898073	1.33692e-180
616	0.872414	-7.28889e+130
617	0.861894	404.18
618	0.828615	-5.98146e-067
619	0.796703	-7.87907e+064
620	0.792324	-1.24137e+087
621	0.785137	1.52449e+041
622	0.762924	-7.97154e-236
623	0.817742	-3.51646e-220
624	0.820017	-1.46668e+305
625	0.793388	-1.85787e+285
626	0.818966	-3.46586e+019
627	0.834578	4.22288e-081
628	0.722397	-9.03818e+027
629	0.6253	2.03685e-151
630	0.584451	8.83094e+047
631	0.543485	3.74785e-238
632	0.555453	-1.65135e-048
633	0.55329	2.65109e-243
634	0.574321	7.06058e-132
635	0.604499	-3.82486e-308
636	0.609896	-2.73742e+101
637	0.638092	1.14163e+213
638	0.632767	1.85833e-224
639	0.619886	3.49238e+242
640	0.70083	1.88789e-301
641	0.758849	3.75729e-058
642	0.794378	-3.32153e-304
643	0.737637	-1.45086e+121
644	0.72228	-2.0249e+154
645	0.811594	-1.1954e-107
646	0.890805	-5.16045e+148
647	0.849319	-1.44364e+178
648	0.80714	-5.5727e+278
649	0.798054	2.15903e+283
650	0.748006	-1.50766e+140
651	0.703602	-5.43046e-074
652	0.757693	3.85961e-143
653	0.780413	4.55576e-215
654	0.759974	1.13408e+126
655	0.830233	-8.21678e+164
656	0.785878	-2.17538e-069
657	0.754464	-2.52431e+115
658	0.748524	-6.5824e-039
659	0.7875	1.39885e-282
660	0.805936	-1.10689e+116
661	0.79827	2.89202e-187
662	0.818487	-1.20887e+028
663	0.859303	3.71233e+276
664	0.874408	-3.42233e+098
665	0.887465	-5.27412e+045
666	0.879225	1.49455e-304
667	0.898465	-9.52048e-278
668	0.893152	-1.34139e-154
669	0.909292	-0.00018017
670	0.857456	-1.71588e+189
671	0.860352	-5.20072e+140
672	0.811189	-3.97894e+127
673	0.821429	-4.33378e-170
674	0.855726	-3.06291e-053
675	0.838484	1.51823e+307
676	0.797894	-1.78535e+146
677	0.793713	1.099e-007
678	0.781853	5.09467e-063
679	0.74929	3.97467e+074
680	0.738844	2.64682e-230
681	0.716146	-1.10875e+069
682	0.681487	6.91428e-114
683	0.667402	-3.66694e-109
684	0.654054	2.88117e-298
685	0.654655	-2.44187e+178
686	0.667013	6.96523e-031
687	0.698113	-1.80782e-208
688	0.702703	-5.02608e+036
689	0.690097	2.64136e+107
690	0.67177	-8.82581e+013
691	0.66555	1.58159e+092
692	0.648318	7.77845e-099
693	0.659102	-3.8687e+175
694	0.659102	-1.82353e+121
695	0.642202	8.77121e-125
696	0.642202	-6.07049e-115
697	0.659722	-4.08559e-308
698	0.659722	-1.04379e+214
699	0.642361	4.43512e-020
700	0.64219	1.12171e+243
701	0.641745	2.85152e-226
702	0.61879	-1.73892e-302
703	0.63522	1.75947e+303
704	0.645482	1.34201e+122
705	0.657692	-3.14271e-219
706	0.676107	1.49172e-007
707	0.656641	1.28359e+111
708	0.669269	-4.13698e+102
709	0.661731	1.80071e-154
710	0.663102	5.18212e+255
711	0.663102	-7.03767e-307
712	0.655971	4.62099e-114
713	0.663102	-1.36107e-037
714	0.683265	-5.48071e-294
715	0.658263	-1.97315e+084
716	0.676774	2.54424e-304
717	0.683824	6.13656e+236
718	0.717933	-2.19718e-013
719	0.705	-4.32869e+096
720	0.686198	-2.17763e+304
721	0.692945	-1.14278e+048
722	0.713326	7.29398e-159
723	0.720914	-4.34187e+214
724	0.728492	1.12566e+177
725	0.761563	-1.33381e-019
726	0.748948	6.03694e-272
727	0.728144	-4.00152e+090
728	0.715288	-4.45871e+092
729	0.715288	2.29399e+254
730	0.701964	-3.00076e-179
731	0.674074	2.1292e+164
732	0.68156	-1.43004e+125
733	0.659574	-1.40951e-168
734	0.667464	8.83768e+124
735	0.653343	1.12848e-305
736	0.694375	-4.09988e+106
737	0.694375	5.71852e-098
738	0.704545	1.05032e+015
739	0.681061	614.514
740	0.650505	8.72619e+293
741	0.618625	7.01611e+168
742	0.618625	4.20361e-116
743	0.542274	1.61506e+022
744	0.501798	7.33241e-009
745	0.447751	-2.37681e+279
746	0.407789	-4.84979e-093
747	0.416667	5.96329e-293
748	0.443747	-2.62591e+115
749	0.468085	-1.84225e-077
750	0.519701	-4.4489e+213
751	0.582775	-8.62519e+213
752	0.616891	1.18549e-303
753	0.652632	-9.31649e-228
754	0.681704	-5.29183e-106
755	0.70225	1.25429e+065
756	0.70225	1.56302e+284
757	0.654685	-9.70027e-148
758	0.648684	8.39577e-208
759	0.58647	-1.43552e+043
760	0.601904	-7.08712e+170
761	0.599669	-4.73028e-251
762	0.613455	3.00867e+029
763	0.645161	-3.62496e-148
764	0.65942	4.33003e-306
765	0.662531	-1.15963e-117
766	0.708303	-1.07392e+151
767	0.704861	1.72307e+083
768	0.699769	1.04301e+061
769	0.698044	6.84481e-278
770	0.730188	2.44447e+241
771	0.760882	4.4038e+194
772	0.748201	1.56646e+179
773	0.764287	-3.74078e+164
774	0.802392	3.52794e-213
775	0.744327	8.91237e+191
776	0.736574	6.12644e+287
777	0.689538	2.8785e-056
778	0.682429	3.71763e-112
779	0.655312	-5.18338e-040
780	0.61047	2.85148e+232
781	0.61678	-7.16927e-274
782	0.614907	-1.97774e+273
783	0.63354	3.08383e+231
784	0.634607	2.71008e+018
785	0.657333	-1.62586e+172
786	0.69622	1.9948e-048
787	0.721608	-1.98504e+152
788	0.674222	6.17287e+069
789	0.653061	2.16049e+043
790	0.609524	-5.06369e+191
791	0.574913	1.01443e-039
792	0.502903	1.31297e-174
793	0.457944	2.21016e+270
794	0.495075	-1.42441e+293
795	0.553998	7.77987e+069
796	0.667196	5.23872e+044
797	0.704587	7.95155e-018
798	0.752139	-2.89877e-005
799	0.745363	6.12535e+151
800	0.795455	8.78386e-255
801	0.768939	6.68795e-123
802	0.783329	-1.51315e-017
803	0.775335	-2.2129e-269
804	0.765789	1.95164e+299
805	0.710145	1.18053e-179
806	0.711207	-3.08089e+289
807	0.698006	4.86613e-133
808	0.733333	1.12815e-308
809	0.755085	4.58377e+042
810	0.748739	2.72489e-080
811	0.7975	1.68391e-018
812	0.790909	-2.3988e-304
813	0.811475	1.40081e-228
814	0.811475	1.03477e+163
815	0.811475	2.59849e-060
816	0.796748	2.81798e-291
817	0.788618	-3.44725e-202
818	0.804878	8.73978e+058
819	0.804878	3.98319e-159
820	0.804878	4.2381e+184
821	0.798387	4.97532e-092
822	0.795921	-9.42973e+154
823	0.783539	7.8962e+115
824	0.773333	-5.08766e-116
825	0.792	3.46024e-159
826	0.785714	3.39062e-114
827	0.792	-1.49158e+111
828	0.8	-3.64009e-249
829	0.806452	1.52918e+261
830	0.806452	5.76409e-255
831	0.813008	1.26293e-248
832	0.795564	-9.01379e-119
833	0.795564	4.21591e-274
834	0.763164	1.22168e+039
835	0.752857	2.80604e-150
836	0.738095	1.349e-058
837	0.74435	-5.85793e-017
838	0.757021	1.81911e+259
839	0.697436	8.07858e-177
840	0.679711	5.29878e-083
841	0.689601	-5.94499e-029
842	0.712903	3.05809e+266
843	0.730579	1.2616e+138
844	0.727812	-1.34316e-232
845	0.714886	-1.16603e-165
846	0.710801	-4.63375e+029
847	0.740418	-1.3373e+164
848	0.734447	1.99411e+247
849	0.700717	-4.33398e+177
850	0.731183	8.88401e-157
851	0.754182	1.77124e-284
852	0.760313	-9.59297e-237
853	0.760313	-3.88917e+274
854	0.716846	-3.99735e+185
855	0.686977	8.18971e-070
856	0.686977	-1.8572e-236
857	0.686977	-1.23554e-187
858	0.716846	-3.22303e-119
859	0.761051	-1.89617e-133
860	0.806452	-2.288e+017
861	0.796407	6.1752e-165
862	0.793579	1.04597e-165
863	0.793579	-2.37412e+029
864	0.7727	17.993
865	0.777814	2.95328e+289
866	0.763714	3.39593e+280
867	0.763714	-7.0888e+204
868	0.731527	-2.74351e-044
869	0.731527	1.77882e-151
870	0.689655	-2.95619e+068
871	0.672834	3.88122e-129
872	0.672834	6.26713e+280
873	0.633609	2.2753e-169
874	0.644258	1.58291e-036
875	0.628759	2.52563e-042
876	0.641026	2.13061e+173
877	0.640086	2.66761e+133
878	0.646552	-285.8
879	0.626959	-3.67737e-093
880	0.664962	2.30527e+050
881	0.632992	-1.55836e-193
882	0.712281	7.85015e+163
883	0.685429	8.74773e-104
884	0.661793	-1.15906e-168
885	0.62091	-2.39129e+220
886	0.597914	2.0041e+253
887	0.614509	-2.54617e+274
888	0.6551	3.08873e-304
889	0.660313	-5.32443e+287
890	0.644883	-4.07211e+151
891	0.661585	4.64113e+176
892	0.658301	4.68167e-170
893	0.657029	-2.12691e+067
894	0.657029	-2.89946e+185
895	0.655405	-1.80966e-146
896	0.681405	1.21589e-034
897	0.692929	2.57577e+037
898	0.691065	-3.57055e-022
899	0.695686	-1.83837e+247
900	0.700566	7.30405e+235
901	0.681632	-8.6948e+169
902	0.692323	3.19995e+053
903	0.684532	5.64185e-086
904	0.654206	2.21141e+263
905	0.64717	-7.45986e-018
906	0.628679	-6.19488e-138
907	0.628679	3.8095e+154
908	0.580096	-2.61795e-283
909	0.572762	3.38532e-258
910	0.555742	3.06769e-277
911	0.553846	1.32619e-158
912	0.508484	-1.36652e-075
913	0.490386	-1.59678e-161
914	0.477509	-5.12561e+255
915	0.499608	1.0205e-293
916	0.473389	2.6164e-032
917	0.518148	-9.89582e+110
918	0.54902	7.02482e-192
919	0.614597	6.25073e-014
920	0.621351	-3.46474e-017
921	0.699726	8.99345e-249
922	0.72093	-1.77126e+287
923	0.716387	5.32647e+276
924	0.733859	59.1457
925	0.778691	-7.85154e-233
926	0.807018	-7.19838e-286
927	0.801743	5.41636e-221
928	0.79888	1.4435e+049
929	0.733838	-2.2489e-156
930	0.809091	-3.27424e+292
931	0.834375	6.86876e-257
932	0.8525	2.20742e-050
933	0.815625	2.10129e+219
934	0.720972	-2.8677e+077
935	0.648065	1.02116e-136
936	0.648065	4.56974e-304
937	0.634581	1.3752e-244
938	0.653595	-2.95305e-203
939	0.774272	1.23748e+087
940	0.78307	-2.95067e+212
941	0.829026	2.6638e-136
942	0.830357	-4.30381e-226
943	0.830357	2.1927e-264
944	0.849057	9.95092e-266
945	0.839623	-1.16585e-091
946	0.839623	-6.54338e+012
