0	0.743553	0
1	0.82346	0
2	0.926392	0
3	0.934527	0
4	0.927367	0
5	0.940146	0
6	0.941799	0
7	0.952922	0
8	0.940814	0
9	0.931639	0
10	0.929984	0
11	0.90087	0
12	0.94003	0
13	0.944559	0
14	0.923122	0
15	0.930996	0
16	0.919081	0
17	0.904714	0
18	0.934434	0
19	0.927661	0
20	0.890555	0
21	0.907046	0
22	0.890555	0
23	0.890555	0
24	0.870315	0
25	0.886432	0
26	0.890555	0
27	0.870315	0
28	0.944528	0
29	0.907046	0
30	0.886432	0
31	0.902549	0
32	0.902549	0
33	0.870315	0
34	0.890555	0
35	0.907046	0
36	0.907046	0
37	0.890555	0
38	0.870315	0
39	0.870315	0
40	0.854198	0
41	0.838081	0
42	0.838081	0
43	0.818591	0
44	0.814468	0
45	0.814468	0
46	0.834333	0
47	0.829835	0
48	0.809595	0
49	0.814468	0
50	0.814468	0
51	0.814468	0
52	0.834333	0
53	0.834333	0
54	0.854198	0
55	0.854198	0
56	0.854198	0
57	0.870315	0
58	0.854198	0
59	0.838081	0
60	0.818591	0
61	0.818591	0
62	0.783733	0
63	0.783733	0
64	0.768366	0
65	0.768366	0
66	0.766284	0
67	0.750958	0
68	0.732184	0
69	0.745029	0
70	0.725926	0
71	0.677973	0
72	0.693381	0
73	0.678628	0
74	0.645933	0
75	0.663876	0
76	0.675731	0
77	0.691445	0
78	0.67608	0
79	0.706811	0
80	0.687708	0
81	0.700211	0
82	0.69697	0
83	0.69697	0
84	0.69697	0
85	0.720779	0
86	0.74026	0
87	0.74026	0
88	0.736797	0
89	0.775166	0
90	0.758315	0
91	0.754767	0
92	0.773636	0
93	0.752727	0
94	0.773636	0
95	0.750583	0
96	0.755245	0
97	0.788811	0
98	0.788811	0
99	0.787081	0
100	0.787081	0
101	0.778752	0
102	0.762183	0
103	0.750487	0
104	0.765766	0
105	0.790923	0
106	0.781153	0
107	0.81489	0
108	0.77382	0
109	0.83002	0
110	0.828496	0
111	0.80762	0
112	0.825806	0
113	0.825177	0
114	0.825177	0
115	0.843697	0
116	0.811079	0
117	0.833329	0
118	0.812607	0
119	0.782894	0
120	0.791805	0
121	0.768299	0
122	0.792514	0
123	0.716865	0
124	0.660356	0
125	0.610643	0
126	0.602944	0
127	0.599958	0
128	0.587261	0
129	0.550631	0
130	0.578082	0
131	0.59574	0
132	0.600054	0
133	0.572871	0
134	0.596478	0
135	0.557396	0
136	0.559296	0
137	0.552092	0
138	0.529367	0
139	0.497655	0
140	0.478252	0
141	0.464959	0
142	0.437417	0
143	0.426056	0
144	0.369443	0
145	0.422878	0
146	0.4248	0
147	0.494827	0
148	0.615817	0
149	0.609965	0
150	0.600651	0
151	0.606669	0
152	0.59574	0
153	0.622545	0
154	0.637968	0
155	0.654857	0
156	0.65122	0
157	0.637968	0
158	0.652804	0
159	0.621438	0
160	0.66981	0
161	0.692776	0
162	0.677381	0
163	0.648661	0
164	0.643796	0
165	0.642844	0
166	0.681228	0
167	0.666763	0
168	0.670508	0
169	0.664805	0
170	0.655738	0
171	0.65084	0
172	0.66784	0
173	0.644759	0
174	0.687354	0
175	0.708812	0
176	0.706222	0
177	0.717994	0
178	0.75664	0
179	0.724294	0
180	0.736344	0
181	0.712853	0
182	0.723036	0
183	0.713011	0
184	0.693345	0
185	0.716034	0
186	0.719528	0
187	0.741429	0
188	0.748731	0
189	0.707728	0
190	0.678357	0
191	0.69258	0
192	0.696577	0
193	0.718979	0
194	0.686283	0
195	0.683907	0
196	0.670414	0
197	0.666371	0
198	0.676267	0
199	0.638792	0
200	0.615678	0
201	0.625434	0
202	0.658351	0
203	0.602502	0
204	0.606921	0
205	0.637557	0
206	0.640615	0
207	0.657041	0
208	0.594773	0
209	0.566813	0
210	0.543852	0
211	0.562796	0
212	0.548351	0
213	0.545207	0
214	0.505429	0
215	0.492775	0
216	0.462513	0
217	0.470823	0
218	0.460351	0
219	0.495393	0
220	0.451327	0
221	0.453057	0
222	0.518826	0
223	0.560984	0
224	0.550878	0
225	0.563374	0
226	0.619948	0
227	0.575159	0
228	0.563783	0
229	0.566195	0
230	0.513495	0
231	0.487333	0
232	0.512056	0
233	0.643952	0
234	0.677463	0
235	0.704824	0
236	0.739896	0
237	0.673644	0
238	0.685502	0
239	0.688324	0
240	0.657277	0
241	0.627414	0
242	0.611258	0
243	0.608104	0
244	0.604987	0
245	0.582579	0
246	0.588517	0
247	0.629549	0
248	0.609612	0
249	0.603452	0
250	0.611209	0
251	0.63564	0
252	0.663231	0
253	0.65566	0
254	0.677494	0
255	0.695347	0
256	0.683461	0
257	0.687038	0
258	0.682904	0
259	0.709862	0
260	0.689572	0
261	0.701365	0
262	0.716617	0
263	0.723919	0
264	0.714362	0
265	0.726372	0
266	0.730389	0
267	0.73523	0
268	0.709335	0
269	0.71945	0
270	0.700915	0
271	0.716923	0
272	0.702431	0
273	0.688857	0
274	0.665283	0
275	0.638501	0
276	0.641205	0
277	0.64051	0
278	0.641674	0
279	0.633046	0
280	0.634422	0
281	0.646373	0
282	0.636329	0
283	0.626396	0
284	0.6046	0
285	0.563754	0
286	0.563754	0
287	0.545109	0
288	0.543823	0
289	0.539006	0
290	0.540711	0
291	0.527015	0
292	0.515429	0
293	0.513837	0
294	0.51993	0
295	0.521994	0
296	0.504631	0
297	0.513409	0
298	0.496898	0
299	0.498808	0
300	0.487108	0
301	0.474589	0
302	0.468521	0
303	0.464667	0
304	0.469908	0
305	0.465449	0
306	0.471915	0
307	0.486201	0
308	0.502235	0
309	0.516839	0
310	0.533282	0
311	0.523256	0
312	0.52126	0
313	0.523152	0
314	0.53845	0
315	0.551461	0
316	0.54271	0
317	0.577247	0
318	0.590376	0
319	0.616523	0
320	0.592669	0
321	0.629052	0
322	0.617844	0
323	0.615205	0
324	0.611198	0
325	0.62252	0
326	0.619662	0
327	0.617487	0
328	0.602802	0
329	0.623195	0
330	0.613833	0
331	0.63173	0
332	0.64415	0
333	0.671484	0
334	0.621218	0
335	0.596315	0
336	0.607414	0
337	0.607414	0
338	0.618355	0
339	0.619087	0
340	0.597482	0
341	0.596174	0
342	0.583884	0
343	0.593229	0
344	0.600702	0
345	0.602154	0
346	0.598506	0
347	0.567224	0
348	0.581726	0
349	0.561947	0
350	0.564401	0
351	0.557059	0
352	0.561947	0
353	0.572277	0
354	0.567901	0
355	0.586802	0
356	0.574938	0
357	0.589149	0
358	0.569535	0
359	0.546876	0
360	0.567532	0
361	0.59456	0
362	0.592747	0
363	0.611016	0
364	0.616507	0
365	0.608636	0
366	0.629019	0
367	0.605869	0
368	0.615823	0
369	0.609291	0
370	0.60764	0
371	0.605972	0
372	0.607329	0
373	0.639277	0
374	0.638553	0
375	0.614472	0
376	0.630098	0
377	0.594515	0
378	0.613125	0
379	0.57986	0
380	0.606224	0
381	0.57636	0
382	0.572858	0
383	0.543648	0
384	0.565052	0
385	0.550934	0
386	0.543247	0
387	0.546931	0
388	0.50556	0
389	0.542302	0
390	0.574337	0
391	0.530901	0
392	0.526056	0
393	0.531965	0
394	0.548923	0
395	0.530848	0
396	0.506293	0
397	0.525044	0
398	0.51937	0
399	0.516058	0
400	0.503542	0
401	0.537919	0
402	0.536518	0
403	0.5201	0
404	0.534845	0
405	0.524257	0
406	0.509934	0
407	0.517449	0
408	0.542185	0
409	0.551356	0
410	0.50409	0
411	0.506715	0
412	0.477989	0
413	0.474707	0
414	0.469953	0
415	0.452412	0
416	0.474295	0
417	0.456639	0
418	0.447344	0
419	0.440791	0
420	0.45081	0
421	0.455022	0
422	0.452462	0
423	0.446673	0
424	0.464933	0
425	0.476875	0
426	0.468165	0
427	0.478607	0
428	0.491793	0
429	0.493595	0
430	0.491011	0
431	0.488795	0
432	0.52551	0
433	0.520483	0
434	0.52806	0
435	0.514035	0
436	0.525248	0
437	0.552377	0
438	0.547168	0
439	0.561956	0
440	0.556738	0
441	0.549218	0
442	0.576082	0
443	0.586831	0
444	0.564724	0
445	0.562798	0
446	0.594664	0
447	0.592214	0
448	0.612088	0
449	0.619261	0
450	0.623633	0
451	0.614111	0
452	0.609733	0
453	0.602486	0
454	0.612088	0
455	0.612736	0
456	0.606525	0
457	0.579546	0
458	0.603655	0
459	0.622374	0
460	0.607229	0
461	0.610176	0
462	0.61616	0
463	0.616227	0
464	0.642278	0
465	0.617681	0
466	0.63371	0
467	0.647808	0
468	0.654683	0
469	0.649048	0
470	0.656353	0
471	0.678874	0
472	0.682194	0
473	0.711214	0
474	0.686746	0
475	0.686746	0
476	0.736979	0
477	0.707534	0
478	0.728146	0
479	0.740391	0
480	0.756844	0
481	0.749163	0
482	0.765255	0
483	0.761544	0
484	0.797276	0
485	0.783859	0
486	0.794686	0
487	0.806377	0
488	0.821429	0
489	0.802924	0
490	0.830296	0
491	0.838508	0
492	0.830707	0
493	0.851945	0
494	0.812246	0
495	0.823727	0
496	0.819416	0
497	0.819158	0
498	0.795412	0
499	0.793699	0
500	0.789588	0
501	0.781487	0
502	0.806881	0
503	0.7967	0
504	0.786905	0
505	0.774926	0
506	0.737062	0
507	0.751525	0
508	0.762357	0
509	0.745375	0
510	0.737957	0
511	0.717933	0
512	0.718292	0
513	0.709842	0
514	0.725616	0
515	0.71339	0
516	0.710602	0
517	0.703564	0
518	0.712533	0
519	0.709042	0
520	0.702075	0
521	0.716772	0
522	0.680208	0
523	0.701908	0
524	0.71188	0
525	0.724513	0
526	0.702075	0
527	0.738433	0
528	0.702656	0
529	0.727628	0
530	0.739712	0
531	0.743215	0
532	0.727402	0
533	0.730103	0
534	0.740202	0
535	0.761828	0
536	0.763489	0
537	0.77078	0
538	0.745588	0
539	0.73259	0
540	0.730183	0
541	0.771632	0
542	0.771632	0
543	0.765995	0
544	0.803137	0
545	0.809537	0
546	0.786658	0
547	0.834585	0
548	0.776055	0
549	0.786612	0
550	0.829871	0
551	0.82418	0
552	0.815077	0
553	0.769025	0
554	0.78772	0
555	0.768954	0
556	0.789612	0
557	0.770723	0
558	0.808196	0
559	0.800093	0
560	0.788003	0
561	0.783862	0
562	0.809646	0
563	0.787406	0
564	0.814113	0
565	0.826144	0
566	0.846847	0
567	0.831038	0
568	0.831038	0
569	0.791447	0
570	0.803067	0
571	0.822901	0
572	0.809509	0
573	0.774121	0
574	0.782806	0
575	0.828804	0
576	0.810983	0
577	0.788783	0
578	0.83897	0
579	0.793711	0
580	0.815987	0
581	0.830791	0
582	0.786068	0
583	0.755673	0
584	0.750757	0
585	0.732442	0
586	0.722155	0
587	0.710642	0
588	0.72361	0
589	0.715248	0
590	0.738057	0
591	0.731506	0
592	0.736785	0
593	0.683237	0
594	0.700825	0
595	0.724719	0
596	0.737328	0
597	0.71977	0
598	0.722801	0
599	0.757898	0
600	0.715809	0
601	0.721977	0
602	0.71008	0
603	0.687174	0
604	0.705338	0
605	0.664268	0
606	0.683486	0
607	0.690795	0
608	0.635982	0
609	0.676555	0
610	0.655755	0
611	0.646768	0
612	0.650191	0
613	0.632084	0
614	0.653038	0
615	0.637607	0
616	0.61845	0
617	0.644829	0
618	0.608702	0
619	0.626082	0
620	0.625423	0
621	0.632886	0
622	0.636821	0
623	0.659664	0
624	0.629723	0
625	0.636727	0
626	0.643228	0
627	0.6488	0
628	0.667968	0
