0	0.871869	2.35197e+254
1	0.92006	7.21461e-128
2	0.915	1.3618e-260
3	0.915	9.02351e+222
4	0.9375	-1.65619e+164
5	0.914634	298.227
6	0.921429	9.27935e+212
7	0.921483	4.42948e+250
8	0.89313	1.26319e-188
9	0.856942	-2.10022e-014
10	0.799663	1.42197e-198
11	0.809289	7.55181e+174
12	0.773211	2.39741e-256
13	0.763889	2.87089e-260
14	0.745802	3.36481e+174
15	0.771605	5.9805e-061
16	0.746296	7.5487e-068
17	0.759259	-2.92124e-303
18	0.701381	1.34279e-216
19	0.699706	1.75021e-251
20	0.693971	-1.67435e-062
21	0.693971	-7.46689e-034
22	0.667883	2.36612e-271
23	0.673913	4.36419e-106
24	0.702341	-6.19336e-306
25	0.708356	-1.39311e+275
26	0.695418	-1.48083e-042
27	0.662912	2.76101e+035
28	0.652473	3.40215e+229
29	0.653028	-1.83233e-227
30	0.670775	2.31689
31	0.706987	-7.37593e-116
32	0.697168	-1.13647e+078
33	0.7	-1.28656e-084
34	0.69589	4.24788e-140
35	0.70137	3.09417e+154
36	0.688275	1.01457e-234
37	0.688275	7.72634e-148
38	0.655462	-1.0164e+285
39	0.65026	3.11316e-182
40	0.6562	2.04124e-189
41	0.647959	2.30037e-296
42	0.648649	-2.66811e-152
43	0.627079	-6.58146e-151
44	0.627775	1.75421e-264
45	0.62359	8.19963e+281
46	0.6243	-5.75102e-263
47	0.625	2.62078e-147
48	0.637255	-1.2184e+275
49	0.637255	-1.02567e-089
50	0.657647	-7.42491e-129
51	0.653377	1.47551e-020
52	0.653377	-7.92433e+275
53	0.658442	4.10651e+265
54	0.658442	-6.45194e+101
55	0.658442	1.8205e-302
56	0.667544	-4.18362e+127
57	0.654194	4.35116e-228
58	0.654194	-6.37438e-252
59	0.637255	4.69172e+081
60	0.64586	-2.27142e-059
61	0.641772	7.36905e-194
62	0.641772	-2.11545e+147
63	0.625316	1.39785e+106
64	0.621384	2.41363e-149
65	0.634065	1.68117e-278
66	0.6175	-1.07502e+214
67	0.6175	1.02308e+136
68	0.61352	3.0663e-227
69	0.630102	-1.43137e-044
70	0.634949	-2.66705e+154
71	0.664216	-1.73705e+289
72	0.664216	-9.72274e+280
73	0.661102	2.63774e+285
74	0.678054	6.90735e-146
75	0.678054	-1.666e+161
76	0.682292	-4.45064e-111
77	0.679388	-1.7369e-231
78	0.652254	7.29201e-304
79	0.650751	-2.29601e-060
80	0.649832	-7.58016e-263
81	0.661328	-9.96626e-112
82	0.66554	-9.27996e-101
83	0.657325	2.58358e+044
84	0.666494	-2.47342e-033
85	0.646709	-3.8995e+207
86	0.66242	-1.39564e+072
87	0.658228	2.11628e+183
88	0.63414	1.31902e+237
89	0.666667	2.0316e+094
90	0.655	5.90385e-299
91	0.681139	2.3787e-286
92	0.668367	-3.38511e+263
93	0.681139	2.37522e-247
94	0.659907	1.01088e-052
95	0.676828	-5.82347e-083
96	0.659907	5.57488e-029
97	0.655757	1.19777e-236
98	0.672571	-7.16201e-280
99	0.638942	2.03821e+189
100	0.638942	-2.02082e-308
101	0.638942	3.61135e+046
102	0.616604	-2.80483e+277
103	0.63283	3.64917e-282
104	0.63283	2.21456e-154
105	0.637736	5.74991e+232
106	0.604177	9.88805e-018
107	0.611728	3.99473e+130
108	0.60217	-4.30571e+212
109	0.606949	-1.97736e-309
110	0.574141	4.56529e-229
111	0.582348	-5.21596e-288
112	0.589835	-1.82648e-036
113	0.588942	-1.33247e+213
114	0.588038	-2.75696e-303
115	0.592495	2.34815e-124
116	0.571429	-7.21878e-289
117	0.588697	5.70526e-031
118	0.577798	-1.00095e-037
119	0.586102	-5.31101e-230
120	0.604562	3.80735e-158
121	0.595996	3.10909e-131
122	0.59103	3.35876e-154
123	0.59103	1.00356e-295
124	0.587289	4.80782e-010
125	0.583595	-2.35381e-156
126	0.596012	1.14108e-252
127	0.596012	-5.56988e-282
128	0.574867	4.46086e+042
129	0.571296	-2.66632e+300
130	0.560185	1.37065e-093
131	0.54321	-3.55494e-308
132	0.558213	-7.57914e+022
133	0.558213	-5.39347e-282
134	0.544149	1.12448e+126
135	0.544149	3.30594e-131
136	0.538043	9.08379e-193
137	0.538043	2.70012e-066
138	0.55	-3.90882e+176
139	0.520109	-2.52275e+114
140	0.531667	-2.97326e-306
141	0.531667	1.33667e-259
142	0.513333	-1.76298e-076
143	0.540373	-8.4654e+061
144	0.537037	-7.09821e+133
145	0.530577	4.67223e-207
146	0.530577	2.87563e-168
147	0.527322	6.54946e+079
148	0.515337	4.11003e-005
149	0.515337	-1.33167e-296
150	0.542825	5.42571e-116
151	0.542825	1.52948e-091
152	0.559159	6.9939e-283
153	0.555749	5.26492e-245
154	0.56417	4.50639e+163
155	0.56075	-6.93389e-092
156	0.56075	3.56671e+249
157	0.56075	-9.68196e-264
158	0.580087	2.29788e-210
159	0.575758	7.52041e+103
160	0.575758	5.28889e-278
161	0.575758	2.52838
162	0.572289	-1.04604e+163
163	0.566706	-7.95759e-260
164	0.568862	-8.34254e+290
165	0.587824	2.17872e-224
166	0.574154	1.33127e-302
167	0.589147	9.4352e-033
168	0.570736	1.27493e-257
169	0.570736	59.0383
170	0.589147	-6.2343e+138
171	0.585661	3.03915e-094
172	0.585661	-3.26128e+017
173	0.570736	2.29171e+146
174	0.55898	2.14315e-074
175	0.540347	1.28689e-308
176	0.512948	7.80631e-062
177	0.535262	-2.12646e+286
178	0.519956	1.57246e+221
179	0.519956	-1.48456e+015
180	0.519956	7.79778e+188
181	0.535312	3131.75
182	0.535312	5.72201e-211
183	0.548057	1.79257e-078
184	0.561425	-1.46568e+084
185	0.561425	4.49491e-132
186	0.561425	2.95881e-096
187	0.557235	1.35792e+122
188	0.537334	-2.27829e+257
189	0.500602	-1.56e-030
190	0.500602	63624.1
191	0.513117	-6.0892e+020
192	0.500602	4.60454e-252
193	0.497531	7.59438e+151
194	0.494497	-6.23328e+274
195	0.517432	-3.4984e+053
196	0.50823	6.70421e-092
197	0.504409	-2.6077e+069
198	0.504409	-6.79349e-232
199	0.495739	-4.13154e-303
200	0.495739	-7.13903e-116
201	0.498837	-1.66488e+082
202	0.501975	-5.52605e-290
203	0.509434	2.2231e-252
204	0.521281	8.30519e-090
205	0.544009	1.85076e+202
206	0.547474	1.79522e+088
207	0.570662	5.49178e-176
208	0.557692	3.46895e-229
209	0.557692	3.37011e-257
210	0.567742	5.95893e+091
211	0.5671	5.71412e-294
212	0.53504	2.57233e-110
213	0.56087	2.35442e-278
214	0.545813	-2.84024e-186
215	0.556354	1.75487e-302
216	0.574899	-6.65314e+014
217	0.562922	-1.19504e-265
218	0.561787	7.39147e-099
219	0.547414	-2.58157e+289
220	0.539966	-6.23205e+030
221	0.584076	1.26798e-250
222	0.59285	-4.08854e+295
223	0.585143	-2.678e+067
224	0.573669	-1.95823e+190
225	0.579828	3.89883e-300
226	0.584394	2.19598e+305
227	0.58896	2.64711e-307
228	0.591105	-3.6062e+173
229	0.596012	-1.43964e-095
230	0.595687	-1.4965e+300
231	0.631072	-1.25156e-305
232	0.617061	8.80053e-156
233	0.614657	3.25125e-114
234	0.614657	-6.03863e+025
235	0.619718	5.73401e-140
236	0.603841	-6.86617e-025
237	0.599619	9.17112e-034
238	0.57992	6.16017e-042
239	0.575893	-1.02938e-117
240	0.581818	-1.00851e-199
241	0.561938	-8.64591e-136
242	0.586268	-0.00507455
243	0.561938	3.62923e-217
244	0.552079	2.20568e+132
245	0.571429	2.87567e-306
246	0.575425	-2.45584e+216
247	0.575425	-3.1184e-045
248	0.569311	5.65248e+251
249	0.57459	2.64075e-228
250	0.556841	-2.10103e-268
251	0.553846	-2.88428e-251
252	0.576501	-3.20283e-031
253	0.577245	-2.80663e+021
254	0.592918	-3.4014e-134
255	0.616431	2.07381e-133
256	0.628518	4.03722e-127
257	0.645866	-8.44048e+027
258	0.6604	-1.24147e-217
259	0.6604	-3847.62
260	0.658824	-2.25127e+134
261	0.638099	-4.30508e+096
262	0.655315	8.76501e-188
263	0.638512	-1.18311e+049
264	0.653595	-9.74295e+178
265	0.641263	-7.04597e+263
266	0.645122	-4.35981e+026
267	0.629386	-7.60279e-090
268	0.602871	-1.71589e+055
269	0.627751	-1.50174e+300
270	0.63756	3.6081e-291
271	0.63756	5.21555e-244
272	0.641782	-2.06043e-130
273	0.634524	-4.06474e+068
274	0.623392	4.21899e-244
275	0.642882	2.6111e-237
276	0.622748	7.52699e-280
277	0.617921	1.4309e+020
278	0.616755	2.93693e-143
279	0.631798	-1.62073e+150
280	0.606893	1.43604e+208
281	0.573552	-2.4079e+014
282	0.592131	8.48255e+298
283	0.550538	-2.66653e-212
284	0.558562	-6.04703e+038
285	0.585844	-8.52187e+242
286	0.575986	2.4887e-283
287	0.595608	-8.94136e-032
288	0.590991	7.10951e-303
289	0.586374	-1.54041e-156
290	0.590991	-4.68339e-111
291	0.566162	-2.54972e-228
292	0.552008	2.28826e+175
293	0.54647	1.01264e+205
294	0.545966	3.57722e+122
295	0.546875	3.69992e+077
296	0.547414	-1.41666e-049
297	0.547414	1.54619e-231
298	0.543103	3.83532e-303
299	0.561644	-7.55099e+012
300	0.566032	9.53068e+305
301	0.575342	5.49711e-051
302	0.566032	1.86576e-189
303	0.557323	-9.77359e+009
304	0.553134	-1.71286e+305
305	0.527972	-3.36463e+084
306	0.514773	4.56424e-075
307	0.522573	1.04407e-244
308	0.521537	4.74261e-308
309	0.507813	1.91983e+294
310	0.495238	7.03328e+149
311	0.506603	1.4724e-168
312	0.470864	39229.1
313	0.491111	6.97144e-215
314	0.494407	2.17991e+288
315	0.508046	-9.73208e-202
316	0.513535	3.04234e-308
317	0.535758	-3.35135e-031
318	0.526122	3.91831e-297
319	0.536049	3.71152e+053
320	0.503561	3.26222e+009
321	0.513245	-1.98229e+262
322	0.509868	7.47251e-186
323	0.51379	-9.47831e-280
324	0.486864	-8.42194e-186
325	0.486864	1.50211e-146
326	0.486864	1.03618e+016
327	0.506736	9.08095e-138
328	0.556606	1.4283e-058
329	0.552968	-2.13715
330	0.60886	-1.66827e+079
331	0.677003	-5.73121e-131
332	0.693122	-3.01215e-304
333	0.680519	9.43967e-006
334	0.676157	2.38745e-006
335	0.670996	4.66859e-028
336	0.623656	-3.0025e+287
337	0.640857	-6.28528e-289
338	0.570902	-8.68991e-119
339	0.59666	4.11527e+101
340	0.574561	-2.62923e-057
341	0.574561	1.#QNAN
342	0.570902	2.55402e+196
343	0.570902	8.40999e+196
344	0.570902	1.06818e-306
345	0.574561	3.72221e-245
346	0.612786	-5.02091e+087
347	0.635482	-2.33716e+297
348	0.639582	1.38935e+159
349	0.662424	-1.72492e+006
350	0.666725	2.37789e-303
351	0.693951	2.10819e-154
352	0.671565	5.98731e-293
353	0.716336	-1.20598e-308
354	0.716336	2.27128e+094
355	0.710868	1.6555e-309
356	0.697168	7.39046e-189
357	0.697168	9.7251e-249
358	0.701754	1.98113e-180
359	0.688742	3.44093e-307
360	0.715728	2.94975e-017
361	0.715728	-1.04859e-152
362	0.688	2.17259e+047
363	0.7095	8422.17
364	0.708725	3.87853e-304
365	0.686037	4.9965e+108
366	0.685397	5.92296e-234
367	0.68831	-1.06991e+021
368	0.699235	546.938
369	0.705426	-9.25419e-178
370	0.714545	-1.56523e-266
371	0.709091	6.52864e+011
372	0.683444	25.0743
373	0.653038	2.78785e-039
374	0.644216	-2.37743e-105
375	0.64539	-3.11647e+154
376	0.64539	3.68688e-135
377	0.62695	1.5823e-308
378	0.631773	-3.26313e-054
379	0.631773	-3.78035e-145
380	0.650355	1.3866e-287
381	0.66383	1.72257e-100
382	0.65	5.95411e-039
383	0.65	3.42382e-039
384	0.648678	-5.07373e-263
385	0.658814	1.52729e+156
386	0.645638	7.52135e-069
387	0.663087	3.55622e-124
388	0.663087	2.46532e+026
389	0.658667	1.46797e+266
390	0.6656	4.02238e-270
391	0.670067	-1.0429e-280
392	0.667727	1.5297e-249
393	0.667727	7.55007e-081
394	0.706677	-1.41014e-233
395	0.672269	3.1661e+296
396	0.675824	5.40041e+277
397	0.654108	2.64527e-203
398	0.657128	1.18986e-190
399	0.628378	7.43798e-172
400	0.624161	3.3975e+053
401	0.628378	-3.71186e+053
402	0.640739	9.69714e+097
403	0.635048	7.298e+255
404	0.628234	2.17383e-307
405	0.65449	1.87037e-299
406	0.65449	2.62314e-245
407	0.670852	-9.89208e+041
408	0.649754	6.32941e+040
409	0.649754	3.17219e-116
410	0.638152	1.4904e-083
411	0.642493	1.72122e-096
412	0.631115	-3.31345e+010
413	0.631115	-6.33901e+149
414	0.626822	4.36788e-247
415	0.607022	-1.88165e+256
416	0.587488	-1.96852e-049
417	0.59817	-1.55915e+290
418	0.582428	1.05151e+179
419	0.62528	8.49369e-186
420	0.645646	-1.18763e+164
421	0.638219	-1.40906e-182
422	0.649103	4.88218e-224
423	0.653549	-7.69233e-179
424	0.632628	-2.31905e-278
425	0.600376	-8.0306e+305
426	0.579937	-3.70231e-176
427	0.566964	5.61095e-045
428	0.565329	-4.19137e+050
429	0.556496	1.67179e-182
430	0.550753	-7146.79
431	0.549585	-1.25394e+136
432	0.609113	7.0572e-292
433	0.608696	3.01954e+199
434	0.640287	-1.31281e+057
435	0.624213	-2.95521e-308
436	0.602469	-1.7772e-279
437	0.591632	-6.95329e+097
438	0.557823	1.16831e-102
439	0.544271	1.22724e+305
440	0.519561	8.70807e-303
441	0.450861	5.93131e-217
442	0.405094	1.06698e+140
443	0.385933	-1.18927e-190
444	0.372285	-2.13237e-173
445	0.38207	-1.56515e-308
446	0.41129	-5.01218e-279
447	0.414222	-9.3503e+236
448	0.422621	8.16722e+043
449	0.42732	4.0136e-269
450	0.4176	-4.41856e-274
451	0.415595	-2.35548e+135
452	0.427139	-7.96643e-251
453	0.415595	3.52896e-279
454	0.407876	1.14931e-070
455	0.407143	9.13882e-276
456	0.390947	-6.20084e+301
457	0.387868	4.69921e-075
458	0.361244	2.04391e+234
459	0.36471	1.55431e-231
460	0.339351	1.24118e-119
461	0.342328	5.44629e-043
462	0.298156	-1.6351e+153
463	0.300972	6.71586e+261
464	0.312119	1.87179e-284
465	0.361374	4.55102e-185
466	0.411923	-5.95641e-079
467	0.46193	-1.37635e-305
468	0.503024	-5.0108e-287
469	0.52642	2.18882e-088
470	0.552468	3.36276e-168
471	0.575488	-4.27674e+195
472	0.575488	-6.83899e+019
473	0.58194	2.75699e-211
474	0.604478	-5.75619e-114
475	0.613636	-1.8008e-306
476	0.61875	2.53177e+174
477	0.619536	-5.24109e-308
478	0.591179	-3.88727e+225
479	0.581138	-2.04542e-047
480	0.581222	7.01156e+276
481	0.571429	-7.31661e-156
482	0.576355	-9.08098e-298
483	0.591479	-1.61852e+015
484	0.602041	-1.68079e-154
485	0.596939	2.75874e-289
486	0.607792	-2.24217e-236
487	0.602597	-2.04095e+299
488	0.619048	-1.03158e+228
489	0.634921	2.56975e-206
490	0.666667	5.76235e-182
491	0.608187	-1.58739e+158
492	0.608187	-1.29905e-172
493	0.630182	9.91038e-135
494	0.602757	-4.09112e-266
495	0.657519	8.41618e-300
496	0.666962	3.81583e-005
497	0.680301	2.7564e-281
498	0.66555	-79.5326
499	0.616667	3.10591e-298
500	0.566903	-1.09595e+160
501	0.594799	5.13578e+149
502	0.61868	-4.32772e+258
503	0.604964	1.94355e-125
504	0.687894	7.99007e+115
505	0.755599	-2.8931e+212
506	0.805932	-1.09387e+305
507	0.87299	3.64023e-212
508	0.795165	-8.70314e-014
509	0.817884	1.80767e-181
510	0.868056	3.75865e-293
511	0.913058	4.15262e+149
512	0.955111	1.49475e-236
513	0.946924	-2.77306e-098
514	0.906915	1.11458e+303
515	0.906685	4.27249e+274
516	0.820271	7.85598e-306
517	0.770449	9.80993e-268
518	0.813387	-1.48872e-254
519	0.813387	1.18356e+117
520	0.80316	3.18206e-307
521	0.79547	3.00599e-021
522	0.816295	5.96448e-234
523	0.791269	1.2019e-303
524	0.759679	-1.10333e-246
525	0.744433	1.92854e+204
526	0.74412	-6.68272e+074
527	0.76479	-5.37112e+088
528	0.743802	-6.05232e-236
529	0.802128	1.02795e-126
530	0.760993	1.22881e-309
531	0.72479	1.46998e+253
532	0.784958	2.69608e-248
533	0.789116	8.79572e+156
534	0.768882	-1.42125e+017
535	0.8	-7.35738e-031
536	0.8	6.67299e-222
537	0.76	39545.7
538	0.719342	8.66956e-123
539	0.769231	-2.12014
540	0.732575	1.32687e-213
541	0.793277	3.07504e+043
542	0.751854	2.04583e+195
543	0.802768	-9.52799e+219
544	0.833745	2.83137e+145
545	0.821882	-9.80807e+230
546	0.848245	-1.01605e-152
547	0.829085	9.4696e+270
548	0.838852	9.16041e+009
549	0.805574	3.05458e-307
550	0.831803	1.56486e-156
551	0.85632	8.27238e+109
552	0.85632	1.41996e+151
553	0.822857	2.23566e-249
554	0.809143	3.7178e-146
555	0.832661	5.03314e+212
556	0.847	3.76799e+267
557	0.840278	-1.24315e+113
558	0.858156	6.8101e+303
559	0.851399	3.7724e-132
560	0.892627	2.4512e-076
561	0.925585	8.89306e-231
562	0.933455	-6.65488e-142
563	0.912712	2.39498
564	0.925926	-2.2522e-053
565	0.939394	6.69622e+079
566	0.884245	-5.59598e-282
567	0.904809	2.43681e-115
568	0.897512	1.19886e-007
569	0.870617	-2.315e-287
570	0.849599	-2.08219e+204
571	0.842747	4.82253e+090
572	0.835172	4.77012e+064
573	0.786963	9.23462e+009
574	0.786963	-1.35297e+258
575	0.786963	-8.85923e-114
576	0.80292	3.56559e-212
577	0.843066	-4.66537e+243
578	0.850242	-1.31515e+183
579	0.869565	-1.42634e+188
580	0.869565	1.25413e-042
581	0.875912	-4.08534e-270
582	0.824808	-6.41552e-253
583	0.850242	-3.24824e+271
584	0.826793	5.52164e+067
585	0.799552	544.149
586	0.777451	1.38224e-115
587	0.789317	3.68011
588	0.789317	4.49444e+062
589	0.795786	-5.51003e-133
590	0.816191	4.20313e-286
591	0.775382	-1.53817e-284
592	0.814293	1.07119e-010
593	0.835172	2.69232e-262
594	0.812304	5.0655e+118
595	0.806418	-4.92472e-201
596	0.776978	2.03903e-305
597	0.84857	4.99518e-257
598	0.898551	6.60637e-093
599	0.820976	8.47925e+067
600	0.779367	-3.20601e+208
601	0.779829	-168961
602	0.779829	5.67792e-291
603	0.758386	1.18424e+308
604	0.726006	6.27762e+079
605	0.712337	1.69771e-306
606	0.74923	-1.81452e-068
607	0.797802	7.05032e-308
608	0.80759	-4.81276e-278
609	0.799176	7.63366e-163
610	0.776343	-4.05491e-107
611	0.790999	-5.61836e+052
612	0.784516	-7.31887e+040
613	0.813484	1.33692e-180
614	0.889706	-7.28889e+130
615	0.896296	404.18
616	0.896296	-5.98146e-067
617	0.909774	-7.87907e+064
618	0.862745	-1.24137e+087
619	0.853343	1.52449e+041
620	0.821284	-7.97154e-236
621	0.794791	-3.51646e-220
622	0.79158	-1.46668e+305
623	0.770761	-1.85787e+285
624	0.748951	-3.46586e+019
625	0.732481	4.22288e-081
626	0.754757	-9.03818e+027
627	0.838068	2.03685e-151
628	0.885446	8.83094e+047
629	0.788975	3.74785e-238
630	0.703907	-1.65135e-048
631	0.679782	2.65109e-243
632	0.683057	7.06058e-132
633	0.682055	-3.82486e-308
634	0.723034	-2.73742e+101
635	0.743311	1.14163e+213
636	0.781429	1.85833e-224
637	0.759634	3.49238e+242
638	0.741751	1.88789e-301
639	0.748334	3.75729e-058
640	0.806724	-3.32153e-304
641	0.809524	-1.45086e+121
642	0.682927	-2.0249e+154
643	0.634146	-1.1954e-107
644	0.642857	-5.16045e+148
645	0.705046	-1.44364e+178
646	0.758741	-5.5727e+278
647	0.832525	2.15903e+283
648	0.821898	-1.50766e+140
649	0.797392	-5.43046e-074
650	0.773954	3.85961e-143
651	0.773593	4.55576e-215
652	0.782852	1.13408e+126
653	0.838475	-8.21678e+164
654	0.743596	-2.17538e-069
655	0.789842	-2.52431e+115
656	0.770153	-6.5824e-039
657	0.723684	1.39885e-282
658	0.724022	-1.10689e+116
659	0.755735	2.89202e-187
660	0.87193	-1.20887e+028
661	0.891231	3.71233e+276
662	0.902223	-3.42233e+098
663	0.879268	-5.27412e+045
664	0.86916	1.49455e-304
665	0.857381	-9.52048e-278
666	0.84019	-1.34139e-154
667	0.848551	-0.00018017
668	0.868342	-1.71588e+189
669	0.866243	-5.20072e+140
670	0.769571	-3.97894e+127
671	0.806838	-4.33378e-170
672	0.749838	-3.06291e-053
673	0.743697	1.51823e+307
674	0.815447	-1.78535e+146
675	0.734577	1.099e-007
676	0.768613	5.09467e-063
677	0.757879	3.97467e+074
678	0.796751	2.64682e-230
679	0.713804	-1.10875e+069
680	0.775862	6.91428e-114
681	0.787234	-3.66694e-109
682	0.708333	2.88117e-298
683	0.716595	-2.44187e+178
684	0.702227	6.96523e-031
685	0.675647	-1.80782e-208
686	0.729167	-5.02608e+036
687	0.755102	2.64136e+107
688	0.76	-8.82581e+013
689	0.764706	1.58159e+092
690	0.706398	7.77845e-099
691	0.674923	-3.8687e+175
692	0.699809	-1.82353e+121
693	0.706229	8.77121e-125
694	0.704901	-6.07049e-115
695	0.706229	-4.08559e-308
696	0.72514	-1.04379e+214
697	0.738445	4.43512e-020
698	0.712535	1.12171e+243
699	0.72549	2.85152e-226
700	0.712418	-1.73892e-302
701	0.731793	1.75947e+303
702	0.692308	1.34201e+122
703	0.717483	-3.14271e-219
704	0.724777	1.49172e-007
705	0.699636	1.28359e+111
706	0.741742	-4.13698e+102
707	0.737137	1.80071e-154
708	0.74585	5.18212e+255
709	0.762424	-7.03767e-307
710	0.75124	4.62099e-114
711	0.733945	-1.36107e-037
712	0.725926	-5.48071e-294
713	0.731884	-1.97315e+084
714	0.730165	2.54424e-304
715	0.709554	6.13656e+236
716	0.729483	-2.19718e-013
717	0.714286	-4.32869e+096
718	0.75601	-2.17763e+304
719	0.736212	-1.14278e+048
720	0.681669	7.29398e-159
721	0.704701	-4.34187e+214
722	0.75684	1.12566e+177
723	0.73247	-1.33381e-019
724	0.709817	6.03694e-272
725	0.766711	-4.00152e+090
726	0.721569	-4.45871e+092
727	0.724401	2.29399e+254
728	0.711111	-3.00076e-179
729	0.718519	2.1292e+164
730	0.705882	-1.43004e+125
731	0.670344	-1.40951e-168
732	0.676916	8.83768e+124
733	0.677354	1.12848e-305
734	0.679945	-4.09988e+106
735	0.644002	5.71852e-098
736	0.66899	1.05032e+015
737	0.653061	614.514
738	0.653639	8.72619e+293
739	0.681859	7.01611e+168
740	0.644007	4.20361e-116
741	0.650716	1.61506e+022
742	0.657424	7.33241e-009
743	0.599294	-2.37681e+279
744	0.552765	-4.84979e-093
745	0.511509	5.96329e-293
746	0.489783	-2.62591e+115
747	0.528966	-1.84225e-077
748	0.633879	-4.4489e+213
749	0.626383	-8.62519e+213
750	0.618667	1.18549e-303
751	0.653982	-9.31649e-228
752	0.68801	-5.29183e-106
753	0.705651	1.25429e+065
754	0.740017	1.56302e+284
755	0.727036	-9.70027e-148
756	0.705004	8.39577e-208
757	0.658612	-1.43552e+043
758	0.680412	-7.08712e+170
759	0.617544	-4.73028e-251
760	0.648583	3.00867e+029
761	0.663158	-3.62496e-148
762	0.652632	4.33003e-306
763	0.675	-1.15963e-117
764	0.667819	-1.07392e+151
765	0.679211	1.72307e+083
766	0.663158	1.04301e+061
767	0.646601	6.84481e-278
768	0.699248	2.44447e+241
769	0.714286	4.4038e+194
770	0.78125	1.56646e+179
771	0.821797	-3.74078e+164
772	0.800401	3.52794e-213
773	0.840136	8.91237e+191
774	0.807784	6.12644e+287
775	0.73479	2.8785e-056
776	0.725895	3.71763e-112
777	0.690542	-5.18338e-040
778	0.71809	2.85148e+232
779	0.687556	-7.16927e-274
780	0.613111	-1.97774e+273
781	0.597277	3.08383e+231
782	0.596301	2.71008e+018
783	0.628007	-1.62586e+172
784	0.628007	1.9948e-048
785	0.656969	-1.98504e+152
786	0.716504	6.17287e+069
787	0.73266	2.16049e+043
788	0.669667	-5.06369e+191
789	0.679272	1.01443e-039
790	0.633987	1.31297e-174
791	0.580441	2.21016e+270
792	0.495283	-1.42441e+293
793	0.458333	7.77987e+069
794	0.486486	5.23872e+044
795	0.55	7.95155e-018
796	0.676731	-2.89877e-005
797	0.696594	6.12535e+151
798	0.756522	8.78386e-255
799	0.736079	6.68795e-123
800	0.761461	-1.51315e-017
801	0.742424	-2.2129e-269
802	0.732906	1.95164e+299
803	0.71928	1.18053e-179
804	0.730108	-3.08089e+289
805	0.638021	4.86613e-133
806	0.625	1.12815e-308
807	0.60049	4.58377e+042
808	0.612857	2.72489e-080
809	0.613636	1.68391e-018
810	0.625995	-2.3988e-304
811	0.689895	1.40081e-228
812	0.712892	1.03477e+163
813	0.712892	2.59849e-060
814	0.74192	2.81798e-291
815	0.781205	-3.44725e-202
816	0.773314	8.73978e+058
817	0.742229	3.98319e-159
818	0.762295	4.2381e+184
819	0.770053	4.97532e-092
820	0.771429	-9.42973e+154
821	0.763742	7.8962e+115
822	0.739875	-5.08766e-116
823	0.747348	3.46024e-159
824	0.725995	3.39062e-114
825	0.78829	-1.49158e+111
826	0.78829	-3.64009e-249
827	0.794805	1.52918e+261
828	0.779221	5.76409e-255
829	0.816327	1.26293e-248
830	0.816327	-9.01379e-119
831	0.799031	4.21591e-274
832	0.800377	1.22168e+039
833	0.783476	2.80604e-150
834	0.782567	1.349e-058
835	0.750712	-5.85793e-017
836	0.750712	1.81911e+259
837	0.763768	8.07858e-177
838	0.755361	5.29878e-083
839	0.689084	-5.94499e-029
840	0.650683	3.05809e+266
841	0.621182	1.2616e+138
842	0.647059	-1.34316e-232
843	0.661017	-1.16603e-165
844	0.636618	-4.63375e+029
845	0.663131	-1.3373e+164
846	0.649351	1.99411e+247
847	0.649351	-4.33398e+177
848	0.636555	8.88401e-157
849	0.636555	1.77124e-284
850	0.663078	-9.59297e-237
851	0.662083	-3.88917e+274
852	0.656513	-3.99735e+185
853	0.649947	8.18971e-070
854	0.625	-1.8572e-236
855	0.586979	-1.23554e-187
856	0.591912	-3.22303e-119
857	0.605042	-1.89617e-133
858	0.654131	-2.288e+017
859	0.670232	6.1752e-165
860	0.707292	1.04597e-165
861	0.781513	-2.37412e+029
862	0.782258	17.993
863	0.757813	2.95328e+289
864	0.713115	3.39593e+280
865	0.713115	-7.0888e+204
866	0.649733	-2.74351e-044
867	0.646667	1.77882e-151
868	0.66	-2.95619e+068
869	0.665546	3.88122e-129
870	0.611765	6.26713e+280
871	0.599812	2.2753e-169
872	0.559322	1.58291e-036
873	0.535138	2.52563e-042
874	0.545259	2.13061e+173
875	0.535135	2.66761e+133
876	0.56899	-285.8
877	0.56899	-3.67737e-093
878	0.609921	2.30527e+050
879	0.609023	-1.55836e-193
880	0.625	7.85015e+163
881	0.636406	8.74773e-104
882	0.700071	-1.15906e-168
883	0.675229	-2.39129e+220
884	0.673081	2.0041e+253
885	0.611973	-2.54617e+274
886	0.625277	3.08873e-304
887	0.630736	-5.32443e+287
888	0.617761	-4.07211e+151
889	0.657029	4.64113e+176
890	0.648649	4.68167e-170
891	0.661364	-2.12691e+067
892	0.686239	-2.89946e+185
893	0.651779	-1.80966e-146
894	0.690119	1.21589e-034
895	0.671717	2.57577e+037
896	0.716601	-3.57055e-022
897	0.704348	-1.83837e+247
898	0.689362	7.30405e+235
899	0.682398	-8.6948e+169
900	0.679884	3.19995e+053
901	0.687943	5.64185e-086
902	0.694197	2.21141e+263
903	0.685971	-7.45986e-018
904	0.676362	-6.19488e-138
905	0.675729	3.8095e+154
906	0.656422	-2.61795e-283
907	0.649724	3.38532e-258
908	0.624799	3.06769e-277
909	0.592794	1.32619e-158
910	0.598334	-1.36652e-075
911	0.579033	-1.59678e-161
912	0.553117	-5.12561e+255
913	0.534172	1.0205e-293
914	0.52	2.6164e-032
915	0.551515	-9.89582e+110
916	0.511111	7.02482e-192
917	0.548733	6.25073e-014
918	0.568402	-3.46474e-017
919	0.60863	8.99345e-249
920	0.629303	-1.77126e+287
921	0.676471	5.32647e+276
922	0.704545	59.1457
923	0.699726	-7.85154e-233
924	0.699726	-7.19838e-286
925	0.722222	5.41636e-221
926	0.747967	1.4435e+049
927	0.732026	-2.2489e-156
928	0.735018	-3.27424e+292
929	0.695675	6.86876e-257
930	0.738293	2.20742e-050
931	0.767327	2.10129e+219
932	0.774477	-2.8677e+077
933	0.699258	1.02116e-136
934	0.658188	4.56974e-304
935	0.564129	1.3752e-244
936	0.552632	-2.95305e-203
937	0.546559	1.23748e+087
938	0.55668	-2.95067e+212
939	0.653087	2.6638e-136
940	0.676692	-4.30381e-226
941	0.733076	2.1927e-264
942	0.734319	9.95092e-266
943	0.748853	-1.16585e-091
944	0.762461	-6.54338e+012
945	0.731049	-5.31972e-120
946	0.722741	-2.86111e-055
