0	0.467154
1	0.950721
2	0.960327
3	0.965198
4	0.915105
5	0.912016
6	0.898317
7	0.857484
8	0.853454
9	0.891993
10	0.889715
11	0.898678
12	0.869494
13	0.886168
14	0.877482
15	0.877281
16	0.891737
17	0.868378
18	0.851393
19	0.863904
20	0.864505
21	0.849211
22	0.857343
23	0.847348
24	0.877281
25	0.877281
26	0.877281
27	0.913231
28	0.876603
29	0.911348
30	0.895349
31	0.897959
32	0.897959
33	0.916667
34	0.897959
35	0.897959
36	0.897959
37	0.916667
38	0.896739
39	0.856884
40	0.896296
41	0.916667
42	0.93617
43	0.93617
44	0.914894
45	0.916667
46	0.916667
47	0.875473
48	0.852515
49	0.914894
50	0.890196
51	0.849273
52	0.891304
53	0.934783
54	0.847006
55	0.812854
56	0.796485
57	0.834413
58	0.800532
59	0.820319
60	0.822609
61	0.748696
62	0.786928
63	0.751748
64	0.760101
65	0.763636
66	0.817778
67	0.839286
68	0.821429
69	0.839286
70	0.78683
71	0.875
72	0.839286
73	0.854545
74	0.875
75	0.839286
76	0.892857
77	0.909091
78	0.887667
79	0.899823
80	0.866674
81	0.837976
82	0.839491
83	0.839794
84	0.815327
85	0.834173
86	0.864508
87	0.853771
88	0.850153
89	0.828045
90	0.833089
91	0.791312
92	0.791814
93	0.79101
94	0.785405
95	0.767656
96	0.776445
97	0.770006
98	0.783292
99	0.78773
100	0.768929
101	0.755688
102	0.748669
103	0.768536
104	0.731207
105	0.720495
106	0.742562
107	0.787942
108	0.74512
109	0.727198
110	0.727016
111	0.739865
112	0.739704
113	0.715711
114	0.718331
115	0.717999
116	0.708298
117	0.726001
118	0.73097
119	0.725292
120	0.742833
121	0.730781
122	0.690538
123	0.670138
124	0.661741
125	0.671119
126	0.690381
127	0.684242
128	0.644359
129	0.674618
130	0.685785
131	0.672906
132	0.692389
133	0.702352
134	0.715548
135	0.725076
136	0.713381
137	0.683284
138	0.693909
139	0.657614
140	0.645767
141	0.685178
142	0.702504
143	0.677712
144	0.734133
145	0.731867
146	0.739316
147	0.761988
148	0.780071
149	0.788092
150	0.821158
151	0.811256
152	0.805701
153	0.803367
154	0.868045
155	0.848008
156	0.850676
157	0.897646
158	0.863426
159	0.858741
160	0.782774
161	0.823261
162	0.830479
163	0.885122
164	0.85541
165	0.907989
166	0.923466
167	0.915801
168	0.887632
169	0.887852
170	0.881749
171	0.893782
172	0.937815
173	0.848077
174	0.869599
175	0.868056
176	0.867925
177	0.903846
178	0.884615
179	0.859979
180	0.844806
181	0.825954
182	0.745213
183	0.822508
184	0.775462
185	0.779456
186	0.797232
187	0.824849
188	0.830606
189	0.802647
190	0.857758
191	0.840253
192	0.823357
193	0.79966
194	0.786048
195	0.806918
196	0.841335
197	0.811198
198	0.798857
199	0.826155
200	0.880045
201	0.848022
202	0.84181
203	0.876114
204	0.847641
205	0.822163
206	0.882597
207	0.86975
208	0.889832
209	0.918259
210	0.887087
211	0.904953
212	0.879076
213	0.904794
214	0.9
215	0.918802
216	0.897959
217	0.86
218	0.86
219	0.898723
220	0.843137
221	0.809329
222	0.807692
223	0.84399
224	0.84399
225	0.807676
226	0.810147
227	0.807676
228	0.807259
229	0.774141
230	0.810147
231	0.845588
232	0.772245
233	0.808163
234	0.788571
235	0.758242
236	0.795385
237	0.779361
238	0.779361
239	0.730159
240	0.747543
241	0.749907
242	0.720845
243	0.691729
244	0.663617
245	0.716015
246	0.707929
247	0.698292
248	0.659951
249	0.650943
250	0.693396
251	0.698006
252	0.671329
253	0.671053
254	0.683594
255	0.750361
256	0.710109
257	0.737956
258	0.753417
259	0.734878
260	0.805848
261	0.851026
262	0.819263
263	0.879699
264	0.928595
265	0.907719
266	0.903368
267	0.850559
268	0.881424
269	0.876914
270	0.820183
271	0.833494
272	0.84645
273	0.842762
274	0.833175
275	0.848535
276	0.860735
277	0.859616
278	0.843212
279	0.821103
280	0.80049
281	0.843618
282	0.877402
283	0.853224
284	0.82277
285	0.828145
286	0.796058
287	0.793224
288	0.772735
289	0.761695
290	0.756255
291	0.728755
292	0.720749
293	0.723615
294	0.750069
295	0.707859
296	0.695631
297	0.734853
298	0.726929
299	0.742508
300	0.757922
301	0.750343
302	0.758965
303	0.785137
304	0.762121
305	0.797683
306	0.77288
307	0.785854
308	0.78549
309	0.732668
310	0.712456
311	0.720246
312	0.766114
313	0.720246
314	0.710476
315	0.693165
316	0.680112
317	0.715709
318	0.690768
319	0.697411
320	0.698398
321	0.741454
322	0.751758
323	0.764533
324	0.736493
325	0.746917
326	0.749414
327	0.78624
328	0.746619
329	0.746295
330	0.73957
331	0.719442
332	0.729401
333	0.703642
334	0.702298
335	0.690797
336	0.671502
337	0.681779
338	0.693891
339	0.72377
340	0.680168
341	0.691699
342	0.712368
343	0.706416
344	0.793577
345	0.770769
346	0.834203
347	0.817194
348	0.855002
349	0.830599
350	0.815082
351	0.844572
352	0.833036
353	0.862069
354	0.855563
355	0.824524
356	0.853377
357	0.830186
358	0.88275
359	0.888726
360	0.828508
361	0.847636
362	0.874112
363	0.848772
364	0.832
365	0.877666
366	0.900529
367	0.84352
368	0.855125
369	0.889953
370	0.877631
371	0.891656
372	0.878354
373	0.896653
374	0.859963
375	0.856993
376	0.843754
377	0.862058
378	0.902301
379	0.916885
380	0.921123
381	0.865614
382	0.931709
383	0.920393
384	0.895549
385	0.857607
386	0.891846
387	0.897959
388	0.877551
389	0.895833
390	0.895833
391	0.831845
392	0.853175
393	0.853175
394	0.833333
395	0.851064
396	0.831272
397	0.814438
398	0.794574
399	0.755814
400	0.754352
401	0.735493
402	0.750617
403	0.729249
404	0.711462
405	0.694706
406	0.755682
407	0.738636
408	0.776515
409	0.776515
410	0.812863
411	0.892754
412	0.831884
413	0.893237
414	0.852174
415	0.834413
416	0.835598
417	0.876773
418	0.838652
419	0.918367
420	0.918367
421	0.930821
422	0.898142
423	0.923802
424	0.941853
425	0.887767
426	0.857221
427	0.849539
428	0.834997
429	0.813197
430	0.863377
431	0.833881
432	0.840886
433	0.836206
434	0.828509
435	0.790283
436	0.830828
437	0.807234
438	0.862396
439	0.847684
440	0.827011
441	0.826451
442	0.852286
443	0.828898
444	0.816555
445	0.819438
446	0.818854
447	0.753915
448	0.83268
449	0.779202
450	0.782121
451	0.811752
452	0.825796
453	0.845221
454	0.841127
455	0.825123
456	0.854645
457	0.868221
458	0.802824
459	0.797086
460	0.791251
461	0.802718
462	0.798109
463	0.783101
464	0.756738
465	0.800473
466	0.807101
467	0.800488
468	0.80402
469	0.799329
470	0.793287
471	0.857149
472	0.832634
473	0.799459
474	0.820222
475	0.801858
476	0.816674
477	0.777114
478	0.793355
479	0.815793
480	0.80707
481	0.724306
482	0.787682
483	0.787376
484	0.794358
485	0.842057
486	0.825002
487	0.718673
488	0.742557
489	0.721791
490	0.765818
491	0.782396
492	0.758945
493	0.78458
494	0.761923
495	0.780217
496	0.760121
497	0.728818
498	0.771032
499	0.737172
500	0.764487
501	0.738403
502	0.731985
503	0.730154
504	0.704395
505	0.719517
506	0.734391
507	0.740275
508	0.720805
509	0.740081
510	0.747266
511	0.724029
512	0.699868
513	0.639719
514	0.611868
515	0.613049
516	0.619235
517	0.693044
518	0.700005
519	0.696384
520	0.730531
521	0.758258
522	0.788051
523	0.769879
524	0.790567
525	0.801807
526	0.769462
527	0.795699
528	0.821574
529	0.803405
530	0.848037
531	0.834113
532	0.886615
533	0.877499
534	0.877038
535	0.897636
536	0.870243
537	0.838483
538	0.894506
539	0.926534
540	0.898444
541	0.897449
542	0.86393
543	0.924626
544	0.929997
545	0.94
546	0.943058
547	0.896628
548	0.938776
549	0.917914
550	0.9375
551	0.958333
552	0.935687
553	0.913926
554	0.956028
555	0.892292
556	0.888889
557	0.912121
558	0.888889
559	0.868217
560	0.889922
561	0.867769
562	0.847545
563	0.785124
564	0.826446
565	0.78564
566	0.765891
567	0.801948
568	0.781385
569	0.740801
570	0.758029
571	0.737542
572	0.697674
573	0.673851
574	0.67608
575	0.673311
576	0.671583
577	0.689733
578	0.731707
579	0.709884
580	0.708408
581	0.725104
582	0.701958
583	0.790698
584	0.855856
585	0.815177
586	0.794275
587	0.792857
588	0.836905
589	0.792385
590	0.816492
591	0.83856
592	0.860627
593	0.837979
594	0.816492
595	0.794425
596	0.794425
597	0.797504
598	0.799557
599	0.799557
600	0.760411
601	0.781385
