0	0.824689	0
1	0.892511	0
2	0.948548	0
3	0.948718	0
4	0.891493	0
5	0.933192	0
6	0.901876	0
7	0.928068	0
8	0.924834	0
9	0.931126	0
10	0.943709	0
11	0.938621	0
12	0.920691	0
13	0.928571	0
14	0.886364	0
15	0.886364	0
16	0.860927	0
17	0.847826	0
18	0.818797	0
19	0.781181	0
20	0.77034	0
21	0.749867	0
22	0.730196	0
23	0.721026	0
24	0.712169	0
25	0.694258	0
26	0.681635	0
27	0.669463	0
28	0.669463	0
29	0.662162	0
30	0.666667	0
31	0.650715	0
32	0.644068	0
33	0.633333	0
34	0.622951	0
35	0.612903	0
36	0.59375	0
37	0.584615	0
38	0.575758	0
39	0.575758	0
40	0.567164	0
41	0.558824	0
42	0.558824	0
43	0.544118	0
44	0.529412	0
45	0.518065	0
46	0.518039	0
47	0.506991	0
48	0.5	0
49	0.482664	0
50	0.482664	0
51	0.465524	0
52	0.455914	0
53	0.446425	0
54	0.440381	0
55	0.466187	0
56	0.462609	0
57	0.472523	0
58	0.473348	0
59	0.520457	0
60	0.541519	0
61	0.584024	0
62	0.603856	0
63	0.62251	0
64	0.658129	0
65	0.666929	0
66	0.68377	0
67	0.71332	0
68	0.704316	0
69	0.683439	0
70	0.67709	0
71	0.633776	0
72	0.619979	0
73	0.596584	0
74	0.559795	0
75	0.489821	0
76	0.435294	0
77	0.431509	0
78	0.443205	0
79	0.501521	0
80	0.593023	0
81	0.651163	0
82	0.729412	0
83	0.774376	0
84	0.768869	0
85	0.782048	0
86	0.79289	0
87	0.793822	0
88	0.79887	0
89	0.798711	0
90	0.802203	0
91	0.7875	0
92	0.698119	0
93	0.639683	0
94	0.546807	0
95	0.510353	0
96	0.514436	0
97	0.510353	0
98	0.526101	0
99	0.585734	0
100	0.693432	0
101	0.754327	0
102	0.720129	0
103	0.701062	0
104	0.75149	0
105	0.793204	0
106	0.797958	0
107	0.756098	0
108	0.682927	0
109	0.654321	0
110	0.5	0
111	0.45	0
112	0.455696	0
113	0.576923	0
114	0.649351	0
115	0.662338	0
116	0.620546	0
117	0.603852	0
118	0.617039	0
119	0.65982	0
120	0.698309	0
121	0.740956	0
122	0.787188	0
123	0.804878	0
124	0.719512	0
125	0.646341	0
126	0.560976	0
127	0.487805	0
128	0.487805	0
129	0.530864	0
130	0.6	0
131	0.721519	0
132	0.822785	0
133	0.84344	0
134	0.855387	0
135	0.835343	0
136	0.79941	0
137	0.759421	0
138	0.777234	0
139	0.716216	0
140	0.575342	0
141	0.375375	0
142	0	0
143	0	0
144	0	0
145	0	0
146	0	0
147	0	0
148	0	0
149	0	0
150	0	0
151	0	0
152	0	0
153	0	0
154	0	0
155	0	0
156	0	0
157	0	0
158	0	0
159	0	0
160	0	0
161	0	0
162	0	0
163	0	0
164	0	0
165	0	0
166	0	0
167	0	0
168	0	0
169	0	0
170	0	0
171	0	0
172	0	0
173	0	0
174	0	0
175	0	0
176	0	0
177	0	0
178	0	0
179	0	0
180	0	0
181	0	0
182	0.00565264	0
183	0.0175388	0
184	0.0120395	0
185	0.00593098	0
186	0.0117521	0
187	0.158261	0
188	0.19545	0
189	0.213385	0
190	0.226221	0
191	0.236317	0
192	0.256592	0
193	0.270655	0
194	0.271751	0
195	0.270938	0
196	0.300689	0
197	0.348747	0
198	0.34265	0
199	0.219912	0
200	0.063926	0
201	0.043554	0
202	0.0473873	0
203	0.0417673	0
204	0.0496241	0
205	0.0965151	0
206	0.139011	0
207	0.1654	0
208	0.171834	0
209	0.173658	0
210	0.177555	0
211	0.183648	0
212	0.179958	0
213	0.188272	0
214	0.190144	0
215	0.198722	0
216	0.187674	0
217	0.162968	0
218	0.12854	0
219	0.101986	0
220	0.112273	0
221	0.117318	0
222	0.142166	0
223	0.15	0
224	0.176641	0
225	0.175581	0
226	0.16713	0
227	0.155245	0
228	0.143763	0
229	0.13267	0
230	0.119005	0
231	0.100742	0
232	0.0901914	0
233	0.0702173	0
234	0.0565388	0
235	0.0515401	0
236	0.0599087	0
237	0.073132	0
238	0.0756448	0
239	0.0709229	0
240	0.0674008	0
241	0.0647819	0
242	0.0549323	0
243	0.049689	0
244	0.0415773	0
245	0.0371058	0
246	0.0278257	0
247	0.0254207	0
248	0	0
249	0	0
250	0	0
251	6.17284e-005	0
252	5.88512e-005	0
253	5.86441e-005	0
254	5.76635e-005	0
255	5.69022e-005	0
256	5.71461e-005	0
257	5.52608e-005	0
258	5.47345e-005	0
259	5.43892e-005	0
260	0.00739693	0
261	0.0109123	0
262	0.0131363	0
263	0.0193897	0
264	0.0191446	0
265	0.0190112	0
266	0.0190112	0
267	0.028074	0
268	0.0353726	0
269	0.0478132	0
270	0.0622007	0
271	0.085857	0
272	0.139623	0
273	0.174528	0
274	0.181874	0
275	0.172028	0
276	0.180108	0
277	0.176101	0
278	0.154088	0
279	0.136698	0
280	0.108183	0
281	0.0867731	0
282	0.0778481	0
283	0.0769953	0
284	0.0850711	0
285	0.0952017	0
286	0.104062	0
287	0.112149	0
288	0.115705	0
289	0.129292	0
290	0.146799	0
291	0.200459	0
292	0.206044	0
293	0.232558	0
294	0.220408	0
295	0.192308	0
296	0.163717	0
297	0.165179	0
298	0.178571	0
299	0.223214	0
300	0.27027	0
301	0.301802	0
302	0.324324	0
303	0.325991	0
304	0.334802	0
305	0.324561	0
306	0.320175	0
307	0.298246	0
308	0.270742	0
309	0.23913	0
310	0.203235	0
311	0.185088	0
312	0.177885	0
313	0.208955	0
314	0.227979	0
315	0.28877	0
316	0.340541	0
317	0.375	0
318	0.382514	0
319	0.380435	0
320	0.383784	0
321	0.360215	0
322	0.336898	0
323	0.31383	0
324	0.310526	0
325	0.284211	0
326	0.230366	0
327	0.204188	0
328	0.207254	0
329	0.237113	0
330	0.287179	0
331	0.329949	0
332	0.363636	0
333	0.381188	0
334	0.382353	0
335	0.381643	0
336	0.367925	0
337	0.351852	0
338	0.328767	0
339	0.292793	0
340	0.261062	0
341	0.224138	0
342	0.176691	0
343	0.150893	0
344	0.140816	0
345	0.145671	0
346	0.178478	0
347	0.203674	0
348	0.213878	0
349	0.197037	0
350	0.177884	0
351	0.165905	0
352	0.144224	0
353	0.128114	0
354	0	0
355	0	0
356	0	0
357	0	0
358	0	0
359	1.68138e-005	0
360	1.65651e-005	0
361	0	0
362	0	0
363	0	0
364	0	0
365	0	0
366	0	0
367	0.105007	0
368	0.125847	0
369	0.135488	0
370	0.137377	0
371	0.146764	0
372	0.157884	0
373	0.143953	0
374	0.123418	0
375	0.110003	0
376	0.112439	0
377	0.118018	0
378	0.139297	0
379	0.164565	0
380	0.188024	0
381	0.199572	0
382	0.207037	0
383	0.208588	0
384	0.209463	0
385	0.200686	0
386	0.189438	0
387	0.178197	0
388	0.162463	0
389	0.149617	0
390	0.122873	0
391	0.102942	0
392	0.103759	0
393	0.119556	0
394	0.137645	0
395	0.158057	0
396	0.173476	0
397	0.188032	0
398	0.196226	0
399	0.207453	0
400	0.211677	0
401	0.210575	0
402	0.2088	0
403	0.197095	0
404	0.18531	0
405	0.167242	0
406	0.149162	0
407	0.132075	0
408	0.116352	0
409	0.122642	0
410	0.147799	0
411	0.179245	0
412	0.207547	0
413	0.225705	0
414	0.236646	0
415	0.237994	0
416	0.234862	0
417	0.228059	0
418	0.213122	0
419	0.196149	0
420	0.178941	0
421	0.155695	0
422	0.134299	0
423	0.114928	0
424	0.108303	0
425	0.117192	0
426	0.145513	0
427	0.171706	0
428	0.196677	0
429	0.211138	0
430	0.224771	0
431	0.224718	0
432	0.227563	0
433	0.226167	0
434	0.219857	0
435	0.208691	0
436	0.196257	0
437	0.175573	0
438	0.156972	0
439	0.13596	0
440	0.126316	0
441	0.11466	0
442	0.11765	0
443	0.118069	0
444	0.137489	0
445	0.152745	0
446	0.162619	0
447	0.169777	0
448	0.165735	0
449	0.166515	0
450	0.162643	0
451	0.157243	0
452	0.14437	0
