0	0.812947	3.98942
1	0.897486	0.000153533
2	0.906679	0.000293251
3	0.966292	0.000722353
4	0.987009	0.000624099
5	0.958889	0.000414168
6	0.952064	0.000609052
7	0.924149	0.000532166
8	0.936845	0.00122061
9	0.894526	0.00089915
10	0.925456	0.000730194
11	0.916134	0.00122417
12	0.912849	0.000931069
13	0.950126	0.000890521
14	0.961174	0.000492437
15	0.984845	0.000666475
16	0.963096	0.000312836
17	0.95702	0.000171636
18	0.933712	9.97353e-005
19	0.880846	0.000243003
20	0.885217	7.58689e-005
21	0.885217	0.00012741
22	0.843622	0.000138281
23	0.847454	0.000139216
24	0.879038	8.02821e-005
25	0.826632	0.000132889
26	0.793171	0.000203358
27	0.791864	0.000137112
28	0.800438	0.000467307
29	0.784085	0.000474551
30	0.781266	0.000405147
31	0.767987	0.000698284
32	0.756568	0.000335254
33	0.747175	9.43576e-005
34	0.738429	3.25673e-005
35	0.739018	1.8761e-005
36	0.685679	1.98053e-005
37	0.604749	2.0978e-006
38	0.560238	4.98614e-007
39	0.490807	4.20431e-007
40	0.519728	1.27179e-007
41	0.622949	2.35651e-007
42	0.710668	3.11332e-006
43	0.766929	1.05839e-005
44	0.789555	1.00213e-005
45	0.800494	1.15986e-005
46	0.821021	1.31949e-005
47	0.840452	0.000116747
48	0.836242	0.000108446
49	0.810846	0.000294543
50	0.824629	0.000425759
51	0.829383	0.000303674
52	0.804516	0.000421519
53	0.793724	0.000325683
54	0.756816	0.000124516
55	0.755931	6.86855e-005
56	0.752412	0.000119184
57	0.725173	2.31628e-005
58	0.718005	1.94604e-005
59	0.73028	1.2207e-005
60	0.745284	2.58594e-005
61	0.797306	1.81023e-005
62	0.822969	6.73778e-005
63	0.791045	4.4095e-005
64	0.792383	3.5013e-005
65	0.809202	3.1928e-005
66	0.819162	1.55539e-005
67	0.797603	2.06767e-005
68	0.823921	4.14653e-005
69	0.851811	6.5308e-005
70	0.860853	1.6161e-005
71	0.865288	7.73577e-005
72	0.847643	6.11512e-005
73	0.826783	6.11791e-005
74	0.829779	0.000125685
75	0.832135	0.000446276
76	0.825884	0.000507404
77	0.806569	0.000315745
78	0.794489	0.000251169
79	0.777192	0.000368542
80	0.729657	0.000396713
81	0.700054	4.68941e-005
82	0.625175	3.74614e-005
83	0.569901	3.71898e-006
84	0.588341	8.17703e-007
85	0.553125	4.64087e-007
86	0.487123	2.17989e-007
87	0.492118	6.83219e-008
88	0.482506	3.05141e-007
89	0.486968	3.17969e-007
90	0.5475	2.40077e-007
91	0.553733	8.49556e-007
92	0.582873	8.50526e-007
93	0.639869	2.77056e-006
94	0.749457	4.61387e-006
95	0.820925	3.321e-005
96	0.869423	0.000162946
97	0.854937	0.000383099
98	0.816201	0.000215049
99	0.774378	0.000174883
100	0.767963	0.000111617
101	0.787701	3.65355e-005
102	0.73141	7.41001e-005
103	0.693782	8.15609e-005
104	0.727182	8.001e-005
105	0.743421	0.000114563
106	0.792894	9.32975e-005
107	0.84414	4.82617e-005
108	0.841822	0.000144951
109	0.804773	0.000132656
110	0.811837	0.000303742
111	0.791381	8.05214e-005
112	0.772385	4.71171e-005
113	0.767201	3.69747e-005
114	0.755519	3.45203e-006
115	0.694431	9.08462e-006
116	0.663318	3.09475e-006
117	0.669399	4.42464e-006
118	0.650401	7.77572e-006
119	0.674303	4.172e-006
120	0.721979	1.55167e-005
121	0.744215	3.65011e-005
122	0.797735	2.49573e-005
123	0.786775	0.000129151
124	0.78291	5.49566e-005
125	0.785376	8.70562e-005
126	0.780552	0.000157835
127	0.783597	0.000107135
128	0.761205	0.000230316
129	0.745517	0.000434148
130	0.763974	0.000392951
131	0.739522	0.00034838
132	0.763532	0.000290738
133	0.747147	8.04982e-005
134	0.737316	7.82896e-005
135	0.720154	0.000126582
136	0.726415	3.03371e-005
137	0.714674	2.33536e-005
138	0.713855	3.8176e-006
139	0.688699	1.00616e-005
140	0.722774	5.67171e-006
141	0.759318	9.75528e-006
142	0.788127	1.75886e-005
143	0.781443	2.49877e-005
144	0.775353	3.40001e-005
145	0.822744	6.98517e-005
146	0.809384	0.000106091
147	0.854187	0.000135451
148	0.836795	0.000263896
149	0.85625	0.000199892
150	0.849057	0.00028544
151	0.85625	0.00044344
152	0.841983	0.00074563
153	0.806447	0.000422062
154	0.76399	0.000190133
155	0.773379	7.1094e-005
156	0.754475	7.49609e-005
157	0.767766	4.82435e-005
158	0.773648	2.89539e-005
159	0.781343	6.98208e-005
160	0.8459	2.67174e-005
161	0.866808	0.000150231
162	0.869048	0.000198166
163	0.868726	0.00017657
164	0.891892	0.00021176
165	0.837838	0.000541877
166	0.826957	0.000631581
167	0.779221	0.000369377
168	0.794314	0.000145905
169	0.794314	0.000122515
170	0.747631	0.000113159
171	0.732219	0.00011499
172	0.732219	8.90709e-005
173	0.692867	2.54247e-005
174	0.692867	0.000265132
175	0.668975	0.000128692
176	0.677098	0.000212583
177	0.633713	0.00016709
178	0.657183	8.55556e-005
179	0.614509	8.36201e-005
180	0.633713	9.82185e-005
181	0.632432	5.97994e-005
182	0.622703	3.16443e-005
183	0.59027	4.14028e-005
184	0.612973	2.31434e-005
185	0.580901	6.15378e-005
186	0.571532	3.15307e-005
187	0.560263	4.52083e-005
188	0.560263	4.35883e-005
189	0.57195	1.81167e-005
190	0.527027	4.57505e-005
191	0.486486	1.22267e-005
192	0.533428	1.74855e-005
193	0.556976	4.5786e-006
194	0.58719	4.84502e-007
195	0.564606	6.71952e-007
196	0.567938	7.27574e-007
197	0.58719	1.01703e-006
198	0.583714	1.32168e-006
199	0.569059	7.83029e-006
200	0.549769	6.29866e-006
201	0.571759	1.85472e-005
202	0.540123	2.78983e-006
203	0.5	1.2795e-006
204	0.511188	1.53645e-006
205	0.511574	1.30877e-006
206	0.462963	3.88369e-007
207	0.497748	1.60756e-007
208	0.469219	3.49073e-008
209	0.45045	2.39474e-007
210	0.459835	7.939e-008
211	0.469219	3.29105e-008
212	0.459835	1.53861e-007
213	0.478604	2.23112e-007
214	0.501543	3.61885e-007
215	0.518388	5.80714e-007
216	0.528169	4.08876e-006
217	0.547731	5.59423e-006
218	0.518388	4.80548e-006
219	0.489045	1.01327e-005
220	0.489045	2.76339e-006
221	0.469484	9.94884e-007
222	0.394366	6.77583e-007
223	0.303571	7.56096e-008
224	0.211508	4.97711e-008
225	0.0404762	3.68573e-008
226	0	2.88662e-008
227	0	7.13694e-008
228	0	3.63015e-008
229	0	4.55897e-008
230	0	2.47291e-008
231	0	1.83473e-007
232	0	1.03158e-007
233	0	1.80824e-007
234	0	1.49156e-007
235	0	4.32381e-008
236	0	4.00352e-007
237	0	3.26746e-007
238	0	3.03146e-007
239	0	3.74311e-007
240	0	8.6324e-007
241	0	3.63175e-007
242	0	3.70742e-007
243	0	2.44169e-008
244	0	1.04394e-008
245	0	3.88918e-009
246	0	4.1301e-008
247	0	4.04027e-008
248	0	8.6818e-008
249	0	1.2346e-007
250	0	6.06495e-008
251	0	1.38037e-006
252	0	1.63893e-006
253	0	5.21651e-006
254	0	4.35932e-006
255	0	2.91509e-006
256	0	9.26907e-007
257	0	7.86415e-007
258	0	6.9093e-007
259	0	2.2571e-007
260	0	5.35109e-007
261	0	8.85942e-007
262	0	4.90471e-007
263	0	2.31877e-007
264	0	1.2315e-006
265	0	3.46407e-007
266	0	8.93626e-007
267	0	1.12923e-006
268	0	3.96176e-007
269	0	6.48075e-007
270	0	8.56598e-007
271	0	7.16706e-007
272	0	1.86136e-006
273	0	3.55887e-006
274	0	1.76959e-006
275	0	1.89746e-006
276	0	2.19613e-006
277	0	2.98026e-006
278	0	1.48384e-006
279	0	9.67077e-007
280	0	5.08067e-007
281	0	4.89044e-007
282	0	7.89607e-007
283	0	1.35544e-007
284	0	9.6618e-007
285	0	1.15415e-006
286	0	8.13529e-007
287	0	1.89389e-006
288	0	9.22449e-006
289	0	1.64677e-005
290	0	2.19844e-006
291	0	4.4087e-006
292	0	2.14048e-006
293	0	1.6019e-006
294	0	3.04401e-006
295	0	1.76141e-006
296	0	1.11177e-007
297	0	2.87358e-008
298	0	8.21657e-009
299	0	1.7626e-008
300	0	5.42697e-008
301	0	1.37129e-007
302	0	3.32927e-007
303	0	6.67828e-007
304	0	8.26679e-007
305	0	9.27384e-007
306	0	4.80797e-006
307	0	4.16935e-006
308	0	5.71308e-006
309	0	2.07419e-006
310	0	1.1077e-007
311	0	1.23416e-009
312	0	7.2326e-008
313	0	1.05959e-007
314	0	2.14635e-007
315	0	9.33588e-008
316	0	4.0967e-008
317	0	2.12492e-007
318	0	3.75288e-008
319	0	6.03729e-009
320	0	5.0896e-009
321	0	1.14065e-009
322	0	5.16739e-010
323	0	5.15649e-010
324	0	1.30974e-010
325	0	1.22024e-010
326	0	1.9772e-011
327	0	1.70627e-010
328	0	3.12993e-010
329	0	6.74133e-010
330	0	4.75781e-010
331	0	1.63927e-010
332	0	2.27421e-010
333	0	5.69891e-011
334	0	2.01884e-011
335	0	2.99867e-011
336	0	9.73302e-012
337	0	5.37984e-011
338	0	1.103e-009
339	0	4.23989e-009
340	0	9.72046e-007
341	0	1.65417e-006
342	0	3.63449e-006
343	0	4.15246e-006
344	0	1.65508e-006
345	0	4.05914e-006
346	0	3.67887e-006
347	0	5.84293e-007
348	0	8.2495e-007
349	0	2.42832e-007
350	0	3.7727e-007
351	0	2.25825e-006
352	0	7.60078e-006
353	0	3.82537e-006
354	0	2.68654e-006
355	0	5.55038e-006
356	0	7.84505e-006
357	0	7.59589e-006
358	0	3.97753e-005
359	0	1.37275e-005
360	0	2.65562e-006
361	0	1.61624e-006
362	0	1.03943e-006
363	0	1.23299e-006
364	0	1.09829e-006
365	0	5.20863e-007
366	0	3.04137e-007
367	0	2.52427e-007
368	0	3.88744e-007
369	0	9.06951e-007
370	0	4.80536e-007
371	0	2.26207e-006
372	0	1.28235e-006
373	0	5.34707e-006
374	0	4.51023e-006
375	0	2.23466e-007
376	0	2.26879e-007
377	0	2.90243e-007
378	0	1.19052e-007
379	0	2.40495e-007
380	0	7.82423e-007
381	0	1.44859e-006
382	0	5.40708e-006
383	0	5.63774e-006
384	0	2.46673e-006
385	0	2.63432e-007
386	0	8.3266e-008
387	0	1.02499e-007
388	0	2.94687e-007
389	0	1.19474e-006
390	0	2.4444e-006
391	0	2.46193e-006
392	0	1.99164e-006
393	0	2.36537e-006
394	0	1.76643e-006
395	0	1.74125e-006
396	0	1.57674e-006
397	0	5.16707e-006
398	0	2.09873e-006
399	0	2.58416e-006
400	0	7.77864e-007
401	0	1.6351e-006
402	0	2.80846e-006
403	0	5.20626e-006
