0	0.452011
1	0.669421
2	0.956754
3	0.886405
4	0.868617
5	0.952276
6	0.941121
7	0.887183
8	0.925823
9	0.920835
10	0.925456
11	0.926787
12	0.912849
13	0.92803
14	0.939078
15	0.973524
16	0.961916
17	0.954545
18	0.883501
19	0.847787
20	0.861244
21	0.84965
22	0.861207
23	0.860465
24	0.883721
25	0.906456
26	0.894599
27	0.884354
28	0.884354
29	0.873299
30	0.859107
31	0.889099
32	0.853981
33	0.868042
34	0.876884
35	0.895009
36	0.850258
37	0.861159
38	0.87206
39	0.849111
40	0.829364
41	0.818997
42	0.806949
43	0.839731
44	0.817036
45	0.820399
46	0.778271
47	0.842826
48	0.813922
49	0.824096
50	0.824096
51	0.823848
52	0.813169
53	0.812778
54	0.83125
55	0.841772
56	0.841492
57	0.819347
58	0.871485
59	0.863353
60	0.869498
61	0.834707
62	0.860465
63	0.853669
64	0.837209
65	0.857143
66	0.854939
67	0.865995
68	0.880952
69	0.857143
70	0.86994
71	0.858929
72	0.871252
73	0.83856
74	0.827883
75	0.884354
76	0.906723
77	0.896179
78	0.919158
79	0.885382
80	0.89487
81	0.896552
82	0.863751
83	0.843126
84	0.843126
85	0.863751
86	0.839943
87	0.85142
88	0.848864
89	0.871219
90	0.906553
91	0.906553
92	0.906553
93	0.919591
94	0.869883
95	0.871795
96	0.896011
97	0.873611
98	0.907778
99	0.873611
100	0.863333
101	0.896011
102	0.909402
103	0.887135
104	0.910112
105	0.884521
106	0.883504
107	0.844123
108	0.784412
109	0.835952
110	0.857951
111	0.833438
112	0.833438
113	0.892289
114	0.892289
115	0.858962
116	0.87995
117	0.878213
118	0.878213
119	0.856793
120	0.863525
121	0.855204
122	0.855204
123	0.847059
124	0.825
125	0.836905
126	0.847917
127	0.859466
128	0.904762
129	0.850502
130	0.850502
131	0.872884
132	0.872944
133	0.851541
134	0.830252
135	0.830252
136	0.80985
137	0.810438
138	0.810438
139	0.799726
140	0.778112
141	0.750802
142	0.75974
143	0.781551
144	0.770613
145	0.801797
146	0.799373
147	0.790289
148	0.822012
149	0.821793
150	0.821793
151	0.821793
152	0.799582
153	0.85092
154	0.85092
155	0.790175
156	0.80834
157	0.789094
158	0.788534
159	0.78373
160	0.752592
161	0.730897
162	0.721761
163	0.730457
164	0.711964
165	0.693089
166	0.693089
167	0.661376
168	0.66686
169	0.675302
170	0.658627
171	0.644444
172	0.653153
173	0.643183
174	0.658198
175	0.65812
176	0.667389
177	0.630467
178	0.690141
179	0.651911
180	0.714706
181	0.714706
182	0.724675
183	0.696531
184	0.733696
185	0.682971
186	0.751961
187	0.751521
188	0.792017
189	0.776144
190	0.746606
191	0.746606
192	0.794314
193	0.794314
194	0.797101
195	0.826087
196	0.797101
197	0.746667
198	0.811594
199	0.765217
200	0.768116
201	0.797101
202	0.77913
203	0.765217
204	0.751304
205	0.794118
206	0.748235
207	0.823529
208	0.762353
209	0.762353
210	0.764706
211	0.763575
212	0.749434
213	0.733032
214	0.760088
215	0.746269
216	0.746269
217	0.773908
218	0.746269
219	0.718629
220	0.718629
221	0.729517
222	0.713805
223	0.817059
224	0.787879
225	0.771605
226	0.769231
227	0.779487
228	0.6875
229	0.75
230	0.734694
231	0.71757
232	0.704981
233	0.742748
234	0.761905
235	0.761905
236	0.729143
237	0.773318
238	0.746184
239	0.68909
240	0.658065
241	0.695082
242	0.659968
243	0.678791
244	0.653176
245	0.596125
246	0.643939
247	0.643939
248	0.656566
249	0.654854
250	0.681048
251	0.672414
252	0.653202
253	0.635057
254	0.633528
255	0.628734
256	0.646199
257	0.652916
258	0.604552
259	0.604552
260	0.55918
261	0.594129
262	0.578494
263	0.600185
264	0.576177
265	0.598338
266	0.600185
267	0.596041
268	0.550607
269	0.539811
270	0.550607
271	0.526557
272	0.523661
273	0.546429
274	0.520177
275	0.542794
276	0.539683
277	0.528302
278	0.516622
279	0.51752
280	0.518638
281	0.514311
282	0.471154
283	0.481624
284	0.502228
285	0.48
286	0.479592
287	0.489583
288	0.5
289	0.478723
290	0.478723
291	0.511111
292	0.522727
293	0.511364
294	0.534884
295	0.534884
296	0.534884
297	0.533058
298	0.534884
299	0.55814
300	0.53545
301	0.571429
302	0.609756
303	0.55935
304	0.573333
305	0.562937
306	0.601399
307	0.602871
308	0.589474
309	0.617544
310	0.648649
311	0.634234
312	0.61982
313	0.628655
314	0.631579
315	0.631579
316	0.631579
317	0.631579
318	0.631579
319	0.592105
320	0.615385
321	0.615385
322	0.627387
323	0.615385
324	0.589198
325	0.589198
326	0.604703
327	0.630482
328	0.605263
329	0.605263
330	0.61869
331	0.61869
332	0.580559
333	0.593684
334	0.584324
335	0.581053
336	0.593684
337	0.610493
338	0.577457
339	0.60203
340	0.616352
341	0.596296
342	0.616043
343	0.603992
344	0.591912
345	0.611377
346	0.650718
347	0.663477
348	0.650718
349	0.637959
350	0.650718
351	0.625199
352	0.646552
353	0.659483
354	0.619612
355	0.644397
356	0.694105
357	0.659483
358	0.665184
359	0.646552
360	0.630482
361	0.695455
362	0.67438
363	0.613834
364	0.627451
365	0.640523
366	0.634921
367	0.622222
368	0.604938
369	0.604938
370	0.604938
371	0.591564
372	0.604938
373	0.591564
374	0.633962
375	0.602725
376	0.602725
377	0.604938
378	0.606061
379	0.557576
380	0.592593
381	0.585455
382	0.648312
383	0.598469
384	0.581845
385	0.581845
386	0.593254
387	0.636735
388	0.613003
389	0.605263
390	0.648903
391	0.624869
392	0.624869
393	0.636886
394	0.672414
395	0.619612
396	0.656096
397	0.662712
398	0.61345
399	0.653909
400	0.675706
401	0.662712
402	0.649718
403	0.649718
