469 9.630183e+01 2.636338e+02 1.110000e+02 3.063866e-01
470 4.682291e+01 2.913459e+02 1.109434e+02 1.609323e-01
471 4.718249e+01 2.909630e+02 1.108188e+02 1.678327e-01
472 4.478366e+01 2.894154e+02 1.107214e+02 2.387987e-01
473 4.214002e+01 2.862415e+02 1.106384e+02 3.289184e-01
474 4.782217e+01 2.827475e+02 1.104753e+02 3.651919e-01
475 2.792341e+01 2.767277e+02 1.109450e+02 3.893950e-01
476 1.931896e+01 2.719144e+02 1.114578e+02 3.902276e-01
477 2.898256e+01 2.671403e+02 1.115328e+02 4.239808e-01
478 4.575649e+01 2.647216e+02 1.114711e+02 4.598729e-01
479 6.401055e+01 2.623410e+02 1.108971e+02 5.161726e-01
480 7.675471e+01 2.561458e+02 1.106594e+02 5.777190e-01
481 9.161682e+01 2.523100e+02 1.106031e+02 6.157585e-01
482 1.087678e+02 2.532330e+02 1.105478e+02 5.821730e-01
483 1.076030e+02 2.591125e+02 1.102309e+02 5.007810e-01
484 1.329908e+02 2.582734e+02 1.103856e+02 5.661194e-01
485 1.682779e+02 2.568934e+02 1.095165e+02 5.565778e-01
486 2.056596e+02 2.546521e+02 1.091866e+02 5.568695e-01
487 2.321995e+02 2.517912e+02 1.082625e+02 5.360837e-01
488 2.421229e+02 2.505600e+02 1.071879e+02 5.769254e-01
489 2.447567e+02 2.431780e+02 1.067692e+02 6.476395e-01
490 2.510163e+02 2.383406e+02 1.064662e+02 7.089731e-01
491 2.577427e+02 2.367603e+02 1.060924e+02 6.748769e-01
492 2.733855e+02 2.382961e+02 1.048639e+02 7.262947e-01
493 2.890679e+02 2.416275e+02 1.050103e+02 7.555325e-01
494 3.006089e+02 2.444949e+02 1.043545e+02 7.612379e-01
495 3.081409e+02 2.494329e+02 1.036610e+02 6.752904e-01
496 3.138481e+02 2.569796e+02 1.036427e+02 5.897378e-01
497 3.236752e+02 2.617953e+02 1.037319e+02 5.408980e-01
498 3.352580e+02 2.662924e+02 1.026770e+02 5.560033e-01
499 3.449511e+02 2.671425e+02 1.001055e+02 5.947272e-01
500 3.549143e+02 2.677375e+02 9.906999e+01 4.873031e-01
501 3.623160e+02 2.690478e+02 9.858230e+01 4.693193e-01
502 3.720705e+02 2.715480e+02 9.777151e+01 4.392606e-01
503 3.778705e+02 2.675967e+02 9.891480e+01 4.487262e-01
504 3.894187e+02 2.599519e+02 9.998161e+01 4.945319e-01
505 3.954979e+02 2.561420e+02 1.009275e+02 5.819887e-01
506 4.042948e+02 2.637904e+02 9.874088e+01 4.867835e-01
507 4.121134e+02 2.656165e+02 9.598928e+01 3.941476e-01
508 4.268028e+02 2.621028e+02 9.525510e+01 4.186646e-01
509 4.352744e+02 2.613401e+02 9.536662e+01 3.966056e-01
510 4.487232e+02 2.604579e+02 9.538112e+01 4.096275e-01
511 4.615169e+02 2.622874e+02 9.555836e+01 3.849741e-01
512 4.744780e+02 2.618516e+02 9.505685e+01 4.293855e-01
513 4.825919e+02 2.634611e+02 9.492982e+01 4.272512e-01
514 4.871634e+02 2.676394e+02 9.392202e+01 3.182922e-01
515 4.886837e+02 2.683519e+02 9.400164e+01 3.868571e-01
516 4.942036e+02 2.695343e+02 9.383428e+01 3.334014e-01
517 4.999736e+02 2.702242e+02 9.251114e+01 2.870852e-01
518 4.933939e+02 2.721273e+02 9.221006e+01 1.876067e-01
519 4.939196e+02 2.718176e+02 9.208839e+01 2.426175e-01
520 4.957139e+02 2.722914e+02 9.222318e+01 1.819777e-01
521 4.999116e+02 2.709808e+02 9.189007e+01 2.703534e-01
522 5.027481e+02 2.692321e+02 9.176905e+01 2.972695e-01
523 5.106332e+02 2.671370e+02 9.089417e+01 3.241749e-01
524 5.166975e+02 2.646040e+02 9.025047e+01 3.730763e-01
525 5.193868e+02 2.617900e+02 8.955364e+01 4.109842e-01
526 5.217446e+02 2.617127e+02 8.883886e+01 3.890048e-01
527 5.219934e+02 2.588621e+02 8.836571e+01 4.053970e-01
528 5.210990e+02 2.557456e+02 8.804507e+01 4.742953e-01
529 5.196393e+02 2.499184e+02 8.741742e+01 5.365167e-01
530 5.195591e+02 2.509265e+02 8.756954e+01 4.880244e-01
531 5.238690e+02 2.497883e+02 8.728043e+01 4.509273e-01
532 5.269495e+02 2.467008e+02 8.600177e+01 5.249522e-01
533 5.286541e+02 2.463804e+02 8.564745e+01 5.596081e-01
534 5.440174e+02 2.484770e+02 8.472241e+01 4.094858e-01
535 5.656944e+02 2.501660e+02 8.333282e+01 4.304945e-01
536 5.778887e+02 2.491272e+02 8.259640e+01 3.944622e-01
537 5.804253e+02 2.479322e+02 8.220882e+01 3.851561e-01
538 5.822912e+02 2.473826e+02 8.119595e+01 4.026367e-01
539 5.868124e+02 2.476658e+02 8.028965e+01 4.206225e-01
540 5.845853e+02 2.499962e+02 8.032846e+01 3.751168e-01
541 5.856942e+02 2.484832e+02 7.974814e+01 4.296289e-01
542 5.922026e+02 2.489225e+02 7.951362e+01 4.430365e-01
543 5.953193e+02 2.548814e+02 7.905744e+01 3.636352e-01
544 5.958024e+02 2.581353e+02 7.880142e+01 3.160616e-01
545 5.947241e+02 2.583320e+02 7.879990e+01 3.332122e-01
546 5.946705e+02 2.586994e+02 7.858139e+01 3.033101e-01
547 5.941754e+02 2.575260e+02 7.874338e+01 3.249295e-01
548 5.931007e+02 2.580373e+02 7.944442e+01 3.162429e-01
549 5.908986e+02 2.584040e+02 7.902267e+01 2.923381e-01
550 5.878868e+02 2.575641e+02 7.824408e+01 2.824136e-01
551 5.836316e+02 2.573921e+02 7.782704e+01 2.552448e-01
552 5.811479e+02 2.586053e+02 7.724519e+01 2.836698e-01
553 5.759250e+02 2.587120e+02 7.683979e+01 2.696576e-01
554 5.678672e+02 2.555536e+02 7.696601e+01 2.825124e-01
555 5.575912e+02 2.515256e+02 7.719407e+01 3.712537e-01
556 5.409546e+02 2.503196e+02 7.564493e+01 3.911010e-01
557 5.237755e+02 2.498537e+02 7.463790e+01 3.979884e-01
558 5.176804e+02 2.496814e+02 7.524171e+01 4.114027e-01
559 5.127748e+02 2.451164e+02 7.695895e+01 5.040095e-01
560 5.095143e+02 2.451377e+02 7.691629e+01 4.790487e-01
561 5.052348e+02 2.498384e+02 7.567222e+01 3.472068e-01
562 5.070145e+02 2.522443e+02 7.493993e+01 2.895779e-01
563 5.025185e+02 2.548771e+02 7.521951e+01 2.425529e-01
564 4.985537e+02 2.559605e+02 7.531829e+01 2.591101e-01
565 4.883658e+02 2.566594e+02 7.598625e+01 2.338658e-01
566 4.813929e+02 2.587121e+02 7.562290e+01 2.045288e-01
567 4.770160e+02 2.566933e+02 7.508926e+01 2.054606e-01
568 4.699696e+02 2.556504e+02 7.469470e+01 3.373531e-01
569 4.664359e+02 2.556326e+02 7.435351e+01 3.566834e-01
570 4.607857e+02 2.539660e+02 7.401277e+01 3.402866e-01
571 4.574420e+02 2.517725e+02 7.361744e+01 3.662492e-01
572 4.502196e+02 2.523437e+02 7.322791e+01 3.343145e-01
573 4.521603e+02 2.509439e+02 7.276316e+01 3.670522e-01
574 4.530802e+02 2.519810e+02 7.233260e+01 3.337984e-01
575 4.519222e+02 2.544929e+02 7.193517e+01 2.959104e-01
576 4.477347e+02 2.547070e+02 7.148025e+01 3.021435e-01
577 4.427823e+02 2.548052e+02 7.096391e+01 3.158899e-01
578 4.306409e+02 2.555404e+02 7.045784e+01 2.839931e-01
579 4.159086e+02 2.556802e+02 7.024491e+01 2.619722e-01
580 4.116685e+02 2.544798e+02 6.997047e+01 2.536764e-01
581 4.078488e+02 2.539180e+02 6.991176e+01 2.543458e-01
582 4.084634e+02 2.526817e+02 6.997738e+01 3.348001e-01
583 3.988421e+02 2.520071e+02 6.993409e+01 4.014853e-01
584 3.893740e+02 2.516006e+02 7.005999e+01 4.506834e-01
585 3.811576e+02 2.527467e+02 7.017139e+01 4.211241e-01
586 3.783841e+02 2.513596e+02 7.021395e+01 4.385450e-01
587 3.784856e+02 2.506756e+02 7.003458e+01 4.834591e-01
588 3.730689e+02 2.494700e+02 6.980491e+01 5.869470e-01
589 3.719480e+02 2.476148e+02 7.000664e+01 6.330798e-01
590 3.648549e+02 2.479885e+02 7.108762e+01 5.860257e-01
591 3.656656e+02 2.496178e+02 7.120944e+01 5.598190e-01
592 3.603227e+02 2.493946e+02 7.032850e+01 5.531577e-01
593 3.529442e+02 2.467945e+02 6.958470e+01 6.250115e-01
594 3.491989e+02 2.471624e+02 6.888680e+01 5.527907e-01
595 3.373591e+02 2.466731e+02 6.854223e+01 5.566959e-01
596 3.296108e+02 2.453179e+02 6.790849e+01 6.635564e-01
597 3.298460e+02 2.439325e+02 6.695012e+01 6.617400e-01
598 3.301501e+02 2.432690e+02 6.621162e+01 6.738873e-01
599 3.272507e+02 2.418722e+02 6.578102e+01 7.065777e-01
600 3.279864e+02 2.414686e+02 6.518668e+01 7.324885e-01
601 3.229550e+02 2.388095e+02 6.367886e+01 7.482454e-01
602 3.166435e+02 2.383191e+02 6.237261e+01 7.439185e-01
603 3.153460e+02 2.455670e+02 6.426641e+01 5.526736e-01
604 3.156256e+02 2.529017e+02 6.738098e+01 4.395774e-01
605 3.118921e+02 2.549374e+02 6.823204e+01 4.446990e-01
606 3.035877e+02 2.564735e+02 6.862482e+01 3.502269e-01
607 2.951963e+02 2.556870e+02 6.894361e+01 3.994145e-01
608 2.983333e+02 2.540359e+02 6.802046e+01 4.028511e-01
609 2.995058e+02 2.548741e+02 6.613785e+01 3.977756e-01
610 2.939586e+02 2.524244e+02 7.027331e+01 4.103848e-01
611 2.934764e+02 2.521757e+02 6.993748e+01 4.264947e-01
612 2.946953e+02 2.539727e+02 7.117410e+01 4.074899e-01
613 2.935012e+02 2.533871e+02 7.089741e+01 3.958268e-01
614 2.888474e+02 2.532586e+02 7.043609e+01 3.818501e-01
615 2.877753e+02 2.522671e+02 7.005129e+01 4.261220e-01
616 2.880705e+02 2.533340e+02 6.977290e+01 4.014583e-01
617 2.894740e+02 2.535661e+02 6.940196e+01 4.191577e-01
618 2.860869e+02 2.546199e+02 6.866335e+01 4.105114e-01
619 2.851723e+02 2.543313e+02 6.832358e+01 4.615949e-01
620 2.817922e+02 2.542376e+02 6.798411e+01 4.779795e-01
621 2.811283e+02 2.540137e+02 6.710015e+01 5.035068e-01
622 2.854037e+02 2.539194e+02 6.681265e+01 5.239782e-01
623 2.848414e+02 2.536970e+02 6.616791e+01 5.327323e-01
624 2.846860e+02 2.538659e+02 6.528016e+01 5.536904e-01
625 2.761458e+02 2.546498e+02 6.464777e+01 5.748457e-01
626 2.790300e+02 2.561705e+02 6.361032e+01 5.370980e-01
627 2.800757e+02 2.548332e+02 6.329883e+01 5.554916e-01
628 2.801879e+02 2.550722e+02 6.307214e+01 6.347571e-01
629 2.781634e+02 2.575747e+02 6.261769e+01 6.078608e-01
630 2.707243e+02 2.573514e+02 6.257382e+01 5.919970e-01
631 2.668040e+02 2.575286e+02 6.197142e+01 6.073403e-01
632 2.673919e+02 2.560711e+02 6.111109e+01 6.291005e-01
633 2.621151e+02 2.555733e+02 6.142901e+01 6.590060e-01
634 2.514865e+02 2.568946e+02 6.352678e+01 6.226579e-01
635 2.486102e+02 2.574015e+02 6.471660e+01 7.102431e-01
636 2.445400e+02 2.597995e+02 6.559445e+01 6.226167e-01
637 2.431964e+02 2.616803e+02 6.758098e+01 5.826574e-01
638 2.391351e+02 2.636907e+02 6.791073e+01 4.771726e-01
639 2.420864e+02 2.644912e+02 6.902532e+01 4.550655e-01
640 2.451608e+02 2.657296e+02 7.214933e+01 3.357715e-01
641 2.361882e+02 2.662422e+02 7.390727e+01 4.325307e-01
642 2.237710e+02 2.652247e+02 7.529249e+01 5.090444e-01
643 2.142041e+02 2.639454e+02 7.657507e+01 5.072931e-01
644 2.077161e+02 2.657403e+02 7.786151e+01 4.129973e-01
645 2.040652e+02 2.643713e+02 7.885458e+01 4.630414e-01
646 1.964861e+02 2.629518e+02 8.013182e+01 4.777605e-01
647 1.836885e+02 2.653401e+02 8.145775e+01 4.172659e-01
648 1.700360e+02 2.671903e+02 8.256800e+01 4.227880e-01
649 1.635396e+02 2.693704e+02 8.235337e+01 3.835504e-01
650 1.496739e+02 2.700199e+02 8.304920e+01 3.788007e-01
651 1.249056e+02 2.697674e+02 8.468101e+01 4.197865e-01
652 1.071368e+02 2.715555e+02 8.462376e+01 3.430631e-01
653 9.819871e+01 2.782087e+02 8.603649e+01 2.210937e-01
654 8.605590e+01 2.787336e+02 8.709751e+01 2.731890e-01
655 7.232429e+01 2.773752e+02 8.836587e+01 3.540169e-01
656 5.820141e+01 2.758203e+02 8.967126e+01 3.955954e-01
657 4.264898e+01 2.714163e+02 9.081738e+01 4.296642e-01
658 2.761706e+01 2.681780e+02 9.199192e+01 5.294279e-01
659 1.693313e+01 2.639121e+02 9.283405e+01 5.874788e-01
3.256381e-01 1.145983e-01
