469 1.075811e+01 2.785656e+02 1.109999e+02 3.063461e-01 8.649866e-01
470 1.549908e+01 2.760272e+02 1.113439e+02 3.986397e-01 7.533279e-01
471 1.541283e+01 2.717471e+02 1.129519e+02 4.075060e-01 7.386719e-01
472 1.497363e+01 2.692029e+02 1.159697e+02 4.239542e-01 5.900177e-01
473 1.403898e+01 2.651237e+02 1.200994e+02 4.582113e-01 4.550591e-01
474 2.057508e+01 2.643800e+02 1.220679e+02 4.486270e-01 4.227828e-01
475 3.855299e+01 2.637139e+02 1.248207e+02 4.229707e-01 4.675794e-01
476 4.225408e+01 2.599914e+02 1.242274e+02 4.673237e-01 4.217082e-01
477 4.221770e+01 2.557163e+02 1.261940e+02 4.996170e-01 3.413912e-01
478 6.190584e+01 2.570608e+02 1.323804e+02 4.862202e-01 3.482933e-01
479 7.838052e+01 2.533571e+02 1.332561e+02 5.043548e-01 3.659345e-01
480 1.143358e+02 2.546963e+02 1.421822e+02 4.585297e-01 4.869723e-01
481 1.371250e+02 2.563390e+02 1.466382e+02 4.029418e-01 5.193687e-01
482 1.495269e+02 2.558962e+02 1.465376e+02 4.408792e-01 4.715278e-01
483 1.572090e+02 2.578789e+02 1.460751e+02 3.663164e-01 5.664988e-01
484 1.715452e+02 2.577778e+02 1.414326e+02 3.806406e-01 5.977130e-01
485 1.787340e+02 2.591919e+02 1.326651e+02 4.328900e-01 5.604190e-01
486 1.915407e+02 2.600037e+02 1.226745e+02 4.640912e-01 5.574013e-01
487 2.202124e+02 2.563086e+02 1.067401e+02 5.639539e-01 6.043592e-01
488 2.420721e+02 2.544729e+02 9.106335e+01 7.291227e-01 5.421990e-01
489 2.586910e+02 2.529566e+02 7.573170e+01 9.430167e-01 5.040869e-01
490 2.655339e+02 2.510431e+02 7.102317e+01 1.022081e+00 4.789864e-01
491 2.604963e+02 2.508368e+02 7.847308e+01 9.500377e-01 3.527874e-01
492 2.648447e+02 2.521537e+02 8.237964e+01 8.719875e-01 3.207101e-01
493 2.716225e+02 2.504497e+02 8.313135e+01 8.142889e-01 3.156670e-01
494 2.846609e+02 2.458694e+02 8.073606e+01 8.915713e-01 2.889930e-01
495 3.048301e+02 2.463028e+02 7.697062e+01 9.822011e-01 2.994361e-01
496 3.250347e+02 2.494453e+02 7.453916e+01 9.940744e-01 3.667305e-01
497 3.390490e+02 2.506331e+02 7.026319e+01 1.143139e+00 3.452801e-01
498 3.476989e+02 2.538750e+02 7.336374e+01 1.067369e+00 3.436352e-01
499 3.555666e+02 2.574708e+02 8.149482e+01 8.520729e-01 3.619080e-01
500 3.680500e+02 2.609583e+02 7.640643e+01 8.076018e-01 4.021572e-01
501 3.830205e+02 2.616717e+02 6.560762e+01 1.098406e+00 3.426653e-01
502 3.925722e+02 2.602692e+02 6.622435e+01 1.226756e+00 2.902318e-01
503 3.975474e+02 2.631401e+02 6.385113e+01 1.025875e+00 3.167407e-01
504 4.021553e+02 2.654638e+02 6.834177e+01 8.006577e-01 3.357106e-01
505 4.133607e+02 2.673830e+02 6.875923e+01 7.658566e-01 3.608832e-01
506 4.226438e+02 2.704251e+02 6.622692e+01 7.669847e-01 3.107213e-01
507 4.269961e+02 2.734510e+02 6.330915e+01 6.614491e-01 2.917819e-01
508 4.403904e+02 2.743276e+02 5.723317e+01 7.206863e-01 2.856809e-01
509 4.702981e+02 2.708806e+02 5.399393e+01 6.775558e-01 5.310533e-01
510 4.974745e+02 2.649188e+02 4.516038e+01 9.987053e-01 6.186353e-01
511 4.959263e+02 2.632525e+02 5.537418e+01 8.715452e-01 5.801775e-01
512 4.980658e+02 2.681217e+02 5.989926e+01 6.697354e-01 5.952205e-01
513 4.986317e+02 2.673134e+02 6.124410e+01 6.727756e-01 5.338641e-01
514 4.997744e+02 2.664341e+02 6.203635e+01 6.795118e-01 4.668894e-01
515 4.991369e+02 2.648249e+02 6.190722e+01 6.840268e-01 4.229639e-01
516 5.035284e+02 2.628631e+02 6.126594e+01 6.972658e-01 4.052626e-01
517 5.104149e+02 2.603451e+02 5.875461e+01 7.905823e-01 3.588032e-01
518 5.191032e+02 2.629202e+02 5.742313e+01 7.124992e-01 4.312405e-01
519 5.295250e+02 2.657807e+02 5.627307e+01 7.169910e-01 4.093271e-01
520 5.307259e+02 2.651036e+02 5.779781e+01 6.837357e-01 3.890379e-01
521 5.353166e+02 2.644512e+02 5.722691e+01 6.480576e-01 4.319598e-01
522 5.424713e+02 2.627391e+02 5.582719e+01 7.136228e-01 4.433740e-01
523 5.473313e+02 2.622425e+02 5.197332e+01 7.562817e-01 4.399097e-01
524 5.518609e+02 2.647562e+02 4.834153e+01 7.212676e-01 4.475762e-01
525 5.533849e+02 2.637527e+02 4.740925e+01 7.687263e-01 3.987340e-01
526 5.576663e+02 2.615373e+02 4.481106e+01 7.828922e-01 4.617878e-01
527 5.654771e+02 2.588340e+02 3.927502e+01 9.784913e-01 4.835153e-01
528 5.719574e+02 2.564927e+02 3.286416e+01 1.341003e+00 4.532256e-01
529 5.765420e+02 2.548485e+02 2.754157e+01 1.640655e+00 4.426133e-01
530 5.776019e+02 2.551319e+02 2.460559e+01 1.748912e+00 4.647591e-01
531 5.833961e+02 2.557577e+02 2.193792e+01 1.773146e+00 5.141506e-01
532 5.845568e+02 2.562611e+02 2.081031e+01 1.813190e+00 5.300392e-01
533 5.835447e+02 2.556138e+02 2.059904e+01 2.066526e+00 4.463398e-01
534 5.838023e+02 2.543621e+02 2.146189e+01 2.147665e+00 4.084125e-01
535 5.865864e+02 2.541328e+02 2.220873e+01 1.828382e+00 4.432837e-01
536 5.860028e+02 2.561037e+02 2.613524e+01 1.182855e+00 5.600415e-01
537 5.868118e+02 2.561985e+02 2.820198e+01 1.056499e+00 5.465204e-01
538 5.869811e+02 2.560200e+02 2.638808e+01 1.064361e+00 5.360290e-01
539 5.893110e+02 2.546276e+02 2.541218e+01 1.229058e+00 4.580705e-01
540 5.889727e+02 2.552379e+02 2.596418e+01 1.087850e+00 5.085169e-01
541 5.888051e+02 2.550910e+02 2.850096e+01 1.002687e+00 4.864452e-01
542 5.905106e+02 2.559278e+02 2.969384e+01 9.821693e-01 4.751438e-01
543 5.940708e+02 2.573849e+02 3.045326e+01 9.071787e-01 4.849528e-01
544 5.935346e+02 2.590001e+02 2.876414e+01 8.440675e-01 4.940119e-01
545 5.935489e+02 2.595797e+02 2.509165e+01 1.084772e+00 4.780381e-01
546 5.944945e+02 2.597604e+02 2.359613e+01 1.117668e+00 5.399401e-01
547 5.949429e+02 2.584021e+02 2.369604e+01 1.157453e+00 5.178914e-01
548 5.924855e+02 2.572259e+02 2.299278e+01 1.112356e+00 5.864841e-01
549 5.934114e+02 2.572183e+02 2.274208e+01 1.233326e+00 5.076637e-01
550 5.916181e+02 2.530999e+02 2.240592e+01 1.319911e+00 4.613878e-01
551 5.850691e+02 2.512005e+02 2.192393e+01 1.287930e+00 5.312277e-01
552 5.846773e+02 2.506168e+02 2.247114e+01 1.466083e+00 4.824558e-01
553 5.835094e+02 2.486900e+02 2.329641e+01 1.526958e+00 3.956127e-01
554 5.781581e+02 2.466357e+02 2.469227e+01 1.471221e+00 3.565000e-01
555 5.764449e+02 2.467775e+02 2.618020e+01 1.433935e+00 3.070460e-01
556 5.713532e+02 2.488969e+02 2.762841e+01 1.375515e+00 2.680158e-01
557 5.662568e+02 2.510868e+02 2.873523e+01 1.144539e+00 3.369139e-01
558 5.609315e+02 2.510993e+02 3.020335e+01 1.106125e+00 3.200606e-01
559 5.530171e+02 2.512038e+02 3.416937e+01 1.044625e+00 2.769467e-01
560 5.452467e+02 2.521086e+02 3.470303e+01 8.590520e-01 4.168927e-01
561 5.423313e+02 2.523270e+02 3.366713e+01 1.014457e+00 3.348486e-01
562 5.391010e+02 2.512190e+02 3.253520e+01 1.163214e+00 2.717327e-01
563 5.354639e+02 2.517060e+02 3.286875e+01 1.143301e+00 2.092292e-01
564 5.264488e+02 2.511232e+02 3.670664e+01 9.242618e-01 2.872459e-01
565 5.177562e+02 2.503755e+02 4.056657e+01 8.224518e-01 2.592792e-01
566 5.128548e+02 2.503238e+02 4.213785e+01 7.313392e-01 3.034363e-01
567 5.074725e+02 2.500981e+02 4.279598e+01 7.150040e-01 3.049840e-01
568 5.043422e+02 2.507992e+02 4.041001e+01 9.010253e-01 2.355333e-01
569 5.020737e+02 2.521226e+02 3.753233e+01 8.787456e-01 2.319433e-01
570 4.960722e+02 2.506585e+02 3.467279e+01 9.795141e-01 2.963621e-01
571 4.904640e+02 2.491143e+02 3.289992e+01 1.062638e+00 2.559823e-01
572 4.863676e+02 2.490654e+02 3.259010e+01 1.112846e+00 2.399288e-01
573 4.789441e+02 2.480195e+02 3.238860e+01 1.110102e+00 3.356215e-01
574 4.759377e+02 2.475406e+02 3.225631e+01 1.158212e+00 2.563070e-01
575 4.715266e+02 2.494266e+02 3.326902e+01 1.029341e+00 2.156408e-01
576 4.643706e+02 2.503887e+02 3.312546e+01 9.186678e-01 2.574800e-01
577 4.642625e+02 2.476819e+02 3.136756e+01 1.134197e+00 1.692258e-01
578 4.604287e+02 2.506667e+02 3.176327e+01 1.004072e+00 1.607630e-01
579 4.560992e+02 2.504426e+02 3.551576e+01 7.622936e-01 1.485226e-01
580 4.503233e+02 2.523569e+02 3.755025e+01 6.383805e-01 1.556664e-01
581 4.401472e+02 2.538672e+02 4.020574e+01 5.512949e-01 2.134649e-01
582 4.295244e+02 2.518856e+02 4.131547e+01 5.983243e-01 3.080905e-01
583 4.153088e+02 2.493000e+02 4.399681e+01 7.880971e-01 3.017746e-01
584 4.035048e+02 2.490601e+02 4.581298e+01 9.459176e-01 2.832931e-01
585 3.955960e+02 2.501497e+02 4.794320e+01 8.423208e-01 2.780065e-01
586 3.916944e+02 2.473973e+02 4.974117e+01 8.414293e-01 2.710464e-01
587 3.891815e+02 2.467284e+02 5.154382e+01 8.847653e-01 2.091544e-01
588 3.883581e+02 2.456409e+02 4.826126e+01 1.082240e+00 1.735016e-01
589 3.848711e+02 2.458883e+02 5.110963e+01 1.026691e+00 1.557378e-01
590 3.763617e+02 2.486120e+02 5.711802e+01 8.120348e-01 1.734745e-01
591 3.696422e+02 2.498151e+02 6.135572e+01 6.306178e-01 2.026175e-01
592 3.569712e+02 2.505091e+02 6.303525e+01 6.406842e-01 2.364749e-01
593 3.498741e+02 2.521115e+02 6.301797e+01 6.327795e-01 2.339891e-01
594 3.446990e+02 2.512357e+02 6.580743e+01 5.504663e-01 2.466586e-01
595 3.370078e+02 2.499333e+02 6.842180e+01 5.697962e-01 2.305510e-01
596 3.365148e+02 2.477244e+02 6.530476e+01 6.698806e-01 2.009205e-01
597 3.341551e+02 2.484919e+02 6.446273e+01 6.970624e-01 2.071391e-01
598 3.324162e+02 2.471658e+02 6.370932e+01 6.848209e-01 1.964307e-01
599 3.327819e+02 2.427693e+02 5.684532e+01 8.373983e-01 2.017765e-01
600 3.347383e+02 2.393419e+02 4.782156e+01 1.051749e+00 2.153623e-01
601 3.352149e+02 2.376119e+02 4.228713e+01 1.388409e+00 2.177261e-01
602 3.339728e+02 2.381129e+02 3.928404e+01 1.501154e+00 2.281045e-01
603 3.314720e+02 2.395260e+02 4.040177e+01 1.291925e+00 2.702830e-01
604 3.310776e+02 2.414562e+02 4.251999e+01 1.045796e+00 2.870194e-01
605 3.265134e+02 2.399912e+02 4.099184e+01 1.271687e+00 2.611313e-01
606 3.264525e+02 2.417355e+02 3.768973e+01 1.285561e+00 2.957024e-01
607 3.216758e+02 2.415109e+02 3.674371e+01 1.347588e+00 2.616278e-01
608 3.189658e+02 2.416510e+02 3.628575e+01 1.548471e+00 2.229385e-01
609 3.135214e+02 2.436797e+02 3.908696e+01 1.307946e+00 2.093527e-01
610 3.110614e+02 2.443718e+02 4.116188e+01 1.169357e+00 2.418901e-01
611 3.113370e+02 2.463328e+02 4.405207e+01 1.088615e+00 2.608220e-01
612 3.059668e+02 2.519587e+02 5.228785e+01 6.762772e-01 3.082821e-01
613 3.052763e+02 2.519086e+02 5.101568e+01 7.888515e-01 2.683791e-01
614 3.061401e+02 2.505827e+02 4.900801e+01 7.686381e-01 3.087582e-01
615 3.073285e+02 2.518125e+02 4.629186e+01 7.367675e-01 3.730571e-01
616 3.041087e+02 2.520586e+02 5.051434e+01 6.703219e-01 3.741684e-01
617 3.057049e+02 2.511097e+02 5.048936e+01 6.940313e-01 3.357438e-01
618 3.015780e+02 2.505352e+02 5.164128e+01 7.424855e-01 3.070588e-01
619 2.991942e+02 2.491035e+02 5.330475e+01 7.565449e-01 3.005151e-01
620 2.943895e+02 2.505787e+02 5.344017e+01 7.013752e-01 3.055382e-01
621 2.919793e+02 2.524835e+02 5.217000e+01 7.069921e-01 3.741766e-01
622 2.913529e+02 2.530635e+02 5.243190e+01 7.374478e-01 3.373912e-01
623 2.938141e+02 2.536533e+02 5.007686e+01 7.391473e-01 3.792718e-01
624 2.952071e+02 2.551187e+02 5.010130e+01 7.841530e-01 3.668076e-01
625 2.903356e+02 2.537991e+02 4.679809e+01 9.302671e-01 3.637088e-01
626 2.887118e+02 2.541040e+02 4.875199e+01 8.817687e-01 3.721822e-01
627 2.850139e+02 2.526688e+02 4.734763e+01 1.011821e+00 3.526874e-01
628 2.823093e+02 2.525723e+02 4.677581e+01 1.045375e+00 3.672519e-01
629 2.782957e+02 2.524371e+02 4.665508e+01 1.056533e+00 3.548492e-01
630 2.739105e+02 2.539204e+02 5.115338e+01 9.944058e-01 3.358912e-01
631 2.685173e+02 2.566042e+02 5.686839e+01 8.119320e-01 3.656032e-01
632 2.636316e+02 2.571762e+02 5.958869e+01 6.943006e-01 4.056251e-01
633 2.598634e+02 2.593400e+02 6.081934e+01 6.597674e-01 4.261461e-01
634 2.617032e+02 2.538749e+02 6.165428e+01 7.757712e-01 3.047374e-01
635 2.610695e+02 2.475235e+02 6.409953e+01 8.611866e-01 2.358914e-01
636 2.499578e+02 2.513890e+02 7.329642e+01 6.900132e-01 2.699872e-01
637 2.356518e+02 2.573600e+02 8.648692e+01 4.900652e-01 3.183483e-01
638 2.271006e+02 2.584858e+02 9.126666e+01 4.416062e-01 3.482485e-01
639 2.318348e+02 2.582917e+02 8.436250e+01 5.019276e-01 3.007841e-01
640 2.310436e+02 2.598919e+02 8.560476e+01 4.214979e-01 3.202010e-01
641 2.224485e+02 2.604753e+02 8.813834e+01 4.279575e-01 3.146712e-01
642 2.092758e+02 2.627507e+02 9.882035e+01 3.614799e-01 3.565585e-01
643 1.957346e+02 2.691721e+02 1.109757e+02 2.557331e-01 4.051512e-01
644 1.854115e+02 2.709910e+02 1.196806e+02 2.075546e-01 4.129850e-01
645 1.707394e+02 2.723386e+02 1.334033e+02 1.939661e-01 3.632664e-01
646 1.590120e+02 2.737051e+02 1.452045e+02 1.446579e-01 4.196111e-01
647 1.517211e+02 2.731346e+02 1.569941e+02 1.301258e-01 4.137598e-01
648 1.442463e+02 2.725145e+02 1.665314e+02 1.507019e-01 3.392000e-01
649 1.384157e+02 2.691323e+02 1.673217e+02 1.947714e-01 2.918128e-01
650 1.319227e+02 2.679152e+02 1.687713e+02 2.211399e-01 2.307864e-01
651 1.247514e+02 2.625835e+02 1.664204e+02 2.548751e-01 2.060810e-01
652 1.073826e+02 2.570135e+02 1.538589e+02 3.297891e-01 2.170909e-01
653 8.884356e+01 2.585020e+02 1.568611e+02 2.878885e-01 2.648016e-01
654 1.007217e+02 2.617986e+02 1.521052e+02 2.432512e-01 2.259122e-01
655 8.439977e+01 2.697311e+02 1.605767e+02 1.529509e-01 3.732590e-01
656 7.870201e+01 2.747466e+02 1.624277e+02 1.399169e-01 2.979151e-01
657 6.815397e+01 2.770258e+02 1.674317e+02 1.275255e-01 2.656989e-01
658 6.840231e+01 2.763007e+02 1.676827e+02 1.349872e-01 2.055187e-01
659 5.703920e+01 2.737133e+02 1.703709e+02 1.123102e-01 2.286822e-01
3.629100e-01 1.238948e-01
