469 1.101474e+01 2.777752e+02 1.110000e+02 3.063054e-01 8.418251e-01
470 1.206267e+01 2.781251e+02 1.114657e+02 3.166769e-01 8.981676e-01
471 1.116359e+01 2.766128e+02 1.124444e+02 3.645612e-01 8.011155e-01
472 8.152530e+00 2.714946e+02 1.107099e+02 4.615277e-01 5.242299e-01
473 9.493589e+00 2.682766e+02 1.087739e+02 3.996654e-01 5.053604e-01
474 1.416113e+01 2.632365e+02 1.062464e+02 5.574274e-01 3.325354e-01
475 2.059122e+01 2.577956e+02 1.058280e+02 6.137784e-01 2.708499e-01
476 3.411293e+01 2.513775e+02 1.040374e+02 5.976288e-01 3.124964e-01
477 4.020061e+01 2.551064e+02 1.064960e+02 6.022109e-01 2.800584e-01
478 4.904268e+01 2.600146e+02 1.035275e+02 6.367878e-01 2.270148e-01
479 7.443205e+01 2.790642e+02 9.665890e+01 3.938388e-01 4.029017e-01
480 8.610356e+01 2.865126e+02 9.119668e+01 3.507541e-01 2.670718e-01
481 9.329813e+01 2.924587e+02 8.685599e+01 2.123264e-01 1.645589e-01
482 1.097311e+02 2.979892e+02 8.719831e+01 1.931269e-01 1.280374e-01
483 1.198144e+02 3.022835e+02 8.266941e+01 1.661843e-01 6.788154e-02
484 1.096051e+02 2.963760e+02 7.531348e+01 1.580776e-01 7.634996e-03
485 1.202841e+02 2.957355e+02 7.300148e+01 2.630026e-01 0.000000e+00
486 1.350727e+02 2.936901e+02 7.359268e+01 2.664157e-01 0.000000e+00
487 1.456994e+02 2.903820e+02 7.308768e+01 2.581901e-01 0.000000e+00
488 1.590379e+02 2.892103e+02 7.264395e+01 2.357537e-01 0.000000e+00
489 1.727877e+02 2.877453e+02 7.231746e+01 2.902724e-01 0.000000e+00
490 1.862345e+02 2.849444e+02 7.170634e+01 2.558698e-01 0.000000e+00
491 2.027166e+02 2.836501e+02 7.091897e+01 2.964162e-01 0.000000e+00
492 2.192792e+02 2.822082e+02 7.032431e+01 2.443213e-01 0.000000e+00
493 2.265978e+02 2.826565e+02 7.339798e+01 2.030819e-01 0.000000e+00
494 2.441877e+02 2.810154e+02 7.321245e+01 2.922381e-01 7.937677e-03
495 2.525141e+02 2.808357e+02 7.212580e+01 2.691787e-01 0.000000e+00
496 2.650296e+02 2.814094e+02 7.035444e+01 2.442296e-01 0.000000e+00
497 2.835114e+02 2.798845e+02 6.700583e+01 2.765753e-01 0.000000e+00
498 3.004985e+02 2.801671e+02 6.626278e+01 3.092133e-01 2.200661e-02
499 3.189917e+02 2.790835e+02 6.519363e+01 5.292133e-01 6.253545e-02
500 3.406122e+02 2.766297e+02 6.359468e+01 5.536030e-01 1.270723e-01
501 3.585568e+02 2.744755e+02 6.255578e+01 6.177015e-01 1.862173e-01
502 3.756499e+02 2.701274e+02 6.243685e+01 6.791696e-01 2.731198e-01
503 3.966054e+02 2.652244e+02 6.136433e+01 8.375247e-01 3.852639e-01
504 4.100593e+02 2.623583e+02 6.155289e+01 9.012217e-01 3.777927e-01
505 4.183475e+02 2.641017e+02 6.571064e+01 8.326436e-01 3.971351e-01
506 4.302418e+02 2.668368e+02 6.696976e+01 7.879774e-01 4.060982e-01
507 4.369099e+02 2.704062e+02 6.794671e+01 7.004547e-01 3.866706e-01
508 4.476975e+02 2.696124e+02 7.229864e+01 5.751717e-01 4.644050e-01
509 4.628755e+02 2.664942e+02 7.666619e+01 4.729234e-01 6.584431e-01
510 4.752742e+02 2.629405e+02 7.953060e+01 5.032347e-01 6.650915e-01
511 4.914453e+02 2.672727e+02 7.632659e+01 4.787295e-01 6.139459e-01
512 4.925075e+02 2.591038e+02 7.608103e+01 5.885250e-01 5.310321e-01
513 4.898193e+02 2.437596e+02 7.340874e+01 8.545241e-01 3.531364e-01
514 4.944884e+02 2.360972e+02 7.153516e+01 9.582861e-01 2.970364e-01
515 4.989443e+02 2.293948e+02 6.881003e+01 1.102551e+00 2.625034e-01
516 5.102499e+02 2.257611e+02 5.888890e+01 1.306774e+00 2.589739e-01
517 5.209610e+02 2.347546e+02 4.874405e+01 1.542609e+00 2.708236e-01
518 5.284104e+02 2.415759e+02 4.145356e+01 1.774258e+00 2.776751e-01
519 5.352905e+02 2.473056e+02 3.241962e+01 1.962041e+00 2.992202e-01
520 5.443201e+02 2.558190e+02 2.383444e+01 2.234861e+00 4.013562e-01
521 5.521293e+02 2.597509e+02 3.483007e+01 1.475032e+00 4.671491e-01
522 5.564678e+02 2.631729e+02 3.406041e+01 1.295709e+00 4.945834e-01
523 5.575512e+02 2.541519e+02 2.820959e+01 1.985872e+00 3.864649e-01
524 5.648743e+02 2.480614e+02 2.039643e+01 2.993457e+00 3.767047e-01
525 5.697766e+02 2.559322e+02 1.678352e+01 2.847876e+00 4.416715e-01
526 5.810470e+02 2.587586e+02 1.293900e+01 3.380716e+00 3.497028e-01
527 5.830926e+02 2.587177e+02 1.613278e+01 2.975988e+00 4.374000e-01
528 5.863797e+02 2.518092e+02 1.863938e+01 2.893876e+00 3.707823e-01
529 5.876735e+02 2.527534e+02 1.866973e+01 2.547235e+00 4.205555e-01
530 5.866380e+02 2.566209e+02 1.890813e+01 2.251319e+00 4.698336e-01
531 5.860184e+02 2.593399e+02 1.975062e+01 1.767985e+00 5.727579e-01
532 5.843515e+02 2.597811e+02 2.092473e+01 1.576149e+00 6.064193e-01
533 5.854334e+02 2.602119e+02 2.160460e+01 1.555046e+00 5.592325e-01
534 5.860062e+02 2.579675e+02 2.176870e+01 1.423786e+00 6.130221e-01
535 5.848411e+02 2.572977e+02 2.447029e+01 1.157088e+00 6.315920e-01
536 5.840465e+02 2.568055e+02 2.532945e+01 1.101142e+00 5.701106e-01
537 5.833550e+02 2.581155e+02 2.677465e+01 1.067568e+00 4.915641e-01
538 5.823223e+02 2.574963e+02 2.773429e+01 9.533500e-01 4.649642e-01
539 5.910175e+02 2.566178e+02 2.399206e+01 1.174423e+00 5.445887e-01
540 5.914740e+02 2.572465e+02 2.351563e+01 1.128354e+00 5.991120e-01
541 5.914702e+02 2.571838e+02 2.202027e+01 1.288724e+00 5.302324e-01
542 5.938829e+02 2.569065e+02 2.202658e+01 1.418349e+00 4.918482e-01
543 5.989013e+02 2.555946e+02 1.873332e+01 1.758959e+00 5.159151e-01
544 5.979166e+02 2.557141e+02 2.035966e+01 1.565890e+00 5.018664e-01
545 5.976271e+02 2.552738e+02 2.072676e+01 1.516304e+00 5.090990e-01
546 5.979666e+02 2.527633e+02 1.863623e+01 1.799577e+00 4.770803e-01
547 5.980341e+02 2.538896e+02 1.807479e+01 1.840617e+00 4.508733e-01
548 5.945059e+02 2.585367e+02 1.836824e+01 1.487147e+00 5.294748e-01
549 5.938712e+02 2.607245e+02 1.940577e+01 1.311810e+00 5.214932e-01
550 5.914286e+02 2.558007e+02 2.184826e+01 1.180879e+00 5.474138e-01
551 5.841291e+02 2.567631e+02 2.330809e+01 1.043651e+00 6.166365e-01
552 5.820041e+02 2.556893e+02 2.554567e+01 1.030149e+00 5.949145e-01
553 5.788385e+02 2.553276e+02 2.820179e+01 9.751126e-01 5.190957e-01
554 5.715967e+02 2.522083e+02 3.296676e+01 8.378670e-01 4.520601e-01
555 5.678918e+02 2.504493e+02 3.584895e+01 9.255444e-01 3.543745e-01
556 5.634220e+02 2.495189e+02 4.048800e+01 8.533337e-01 2.748779e-01
557 5.584661e+02 2.489181e+02 4.316185e+01 8.478063e-01 2.706531e-01
558 5.500681e+02 2.475555e+02 4.793238e+01 7.221429e-01 2.863221e-01
559 5.436240e+02 2.477743e+02 5.079051e+01 6.786149e-01 2.627015e-01
560 5.377937e+02 2.493788e+02 5.288636e+01 6.421144e-01 3.023955e-01
561 5.388641e+02 2.510688e+02 4.569735e+01 6.406545e-01 3.266729e-01
562 5.324032e+02 2.560219e+02 4.063849e+01 4.696229e-01 5.514410e-01
563 5.287332e+02 2.596228e+02 3.847983e+01 5.267688e-01 3.760707e-01
564 5.254487e+02 2.554369e+02 3.282257e+01 6.333898e-01 5.447496e-01
565 5.291365e+02 2.562031e+02 2.795092e+01 9.332937e-01 2.939927e-01
566 5.271902e+02 2.572029e+02 2.500406e+01 1.076911e+00 2.624820e-01
567 5.223256e+02 2.540036e+02 2.446539e+01 1.435404e+00 2.228210e-01
568 5.153510e+02 2.513899e+02 2.507517e+01 1.611395e+00 2.007890e-01
569 5.082588e+02 2.499061e+02 2.501004e+01 1.666024e+00 2.042935e-01
570 5.020789e+02 2.489302e+02 2.546180e+01 1.536999e+00 2.658418e-01
571 4.977450e+02 2.482821e+02 2.638627e+01 1.437341e+00 2.069094e-01
572 4.933785e+02 2.481274e+02 2.550104e+01 1.568067e+00 1.956009e-01
573 4.815660e+02 2.456365e+02 2.710275e+01 1.380706e+00 3.465851e-01
574 4.723786e+02 2.456248e+02 2.913136e+01 1.229157e+00 3.438757e-01
575 4.657401e+02 2.430195e+02 2.952895e+01 1.285721e+00 2.810810e-01
576 4.619292e+02 2.448874e+02 3.154914e+01 1.150670e+00 2.522008e-01
577 4.564595e+02 2.473253e+02 3.747240e+01 8.679221e-01 2.317891e-01
578 4.542941e+02 2.540983e+02 4.262910e+01 5.233663e-01 2.486328e-01
579 4.518495e+02 2.549540e+02 4.447735e+01 5.289470e-01 1.852156e-01
580 4.473614e+02 2.555455e+02 4.741300e+01 4.190199e-01 1.864874e-01
581 4.269992e+02 2.516330e+02 5.259272e+01 4.523081e-01 2.781664e-01
582 4.149444e+02 2.522307e+02 5.378128e+01 5.001843e-01 3.585834e-01
583 3.996807e+02 2.500475e+02 5.472181e+01 5.581344e-01 3.769476e-01
584 3.904071e+02 2.514315e+02 6.079698e+01 5.330980e-01 3.273320e-01
585 3.775526e+02 2.501826e+02 6.673391e+01 5.424834e-01 2.313837e-01
586 3.656706e+02 2.493731e+02 7.440842e+01 4.712434e-01 2.307313e-01
587 3.555204e+02 2.488750e+02 7.782985e+01 4.939940e-01 1.868092e-01
588 3.544140e+02 2.490320e+02 7.456647e+01 5.167050e-01 1.945730e-01
589 3.517181e+02 2.460673e+02 7.839466e+01 4.963838e-01 1.832407e-01
590 3.463595e+02 2.482464e+02 8.153109e+01 3.857524e-01 2.456890e-01
591 3.392784e+02 2.504158e+02 8.778479e+01 4.197887e-01 1.904196e-01
592 3.339732e+02 2.507859e+02 9.567802e+01 4.429150e-01 1.484743e-01
593 3.153797e+02 2.503454e+02 1.051633e+02 3.375287e-01 1.575209e-01
594 2.987879e+02 2.485119e+02 1.149552e+02 3.097648e-01 1.436441e-01
595 2.872504e+02 2.497664e+02 1.230647e+02 2.783130e-01 1.459067e-01
596 2.697864e+02 2.506100e+02 1.325321e+02 2.193558e-01 1.489774e-01
597 2.527555e+02 2.514443e+02 1.442076e+02 2.442575e-01 1.181210e-01
598 2.410648e+02 2.469250e+02 1.498343e+02 2.497374e-01 9.738370e-02
599 2.229023e+02 2.433331e+02 1.571941e+02 2.671002e-01 8.272666e-02
600 2.093681e+02 2.371487e+02 1.649360e+02 3.306305e-01 5.759110e-02
601 2.021597e+02 2.326860e+02 1.724303e+02 3.556800e-01 5.446726e-02
602 1.964400e+02 2.297520e+02 1.816017e+02 3.681558e-01 4.612292e-02
603 1.870243e+02 2.331410e+02 2.000046e+02 2.758141e-01 5.238796e-02
604 1.770568e+02 2.377574e+02 2.144391e+02 2.409920e-01 4.908946e-02
605 1.622761e+02 2.415279e+02 2.203806e+02 2.391515e-01 4.804124e-02
606 1.557964e+02 2.420160e+02 2.172034e+02 2.397900e-01 4.773417e-02
607 1.511678e+02 2.456887e+02 2.245713e+02 2.041110e-01 4.624153e-02
608 1.379935e+02 2.495326e+02 2.334998e+02 1.666939e-01 5.347414e-02
609 1.250978e+02 2.469842e+02 2.467500e+02 1.600731e-01 4.883985e-02
610 1.027237e+02 2.524967e+02 2.570306e+02 1.396992e-01 5.970184e-02
611 8.938206e+01 2.486722e+02 2.730793e+02 1.371869e-01 5.385934e-02
612 6.812080e+01 2.335344e+02 2.912320e+02 2.430354e-01 2.765202e-02
613 5.246357e+01 2.305159e+02 3.041754e+02 2.300881e-01 2.588266e-02
614 4.224182e+01 2.316770e+02 3.194858e+02 2.271476e-01 2.458462e-02
615 3.809437e+01 2.309657e+02 3.333297e+02 2.170396e-01 2.442464e-02
616 3.969089e+01 2.328131e+02 3.503269e+02 1.914127e-01 2.724347e-02
617 2.812789e+01 2.347165e+02 3.696228e+02 1.694939e-01 2.565165e-02
618 3.425055e+01 2.314230e+02 3.782429e+02 1.826571e-01 2.326620e-02
619 3.453197e+01 2.305629e+02 3.894971e+02 1.770904e-01 2.404526e-02
620 3.004049e+01 2.302165e+02 4.040886e+02 1.786527e-01 2.097919e-02
621 3.549656e+01 2.255882e+02 4.318998e+02 1.850846e-01 2.085435e-02
622 3.698264e+01 2.251602e+02 4.557655e+02 1.712017e-01 1.923381e-02
623 5.927013e+01 2.256400e+02 4.770003e+02 1.560181e-01 1.980357e-02
624 5.598259e+01 2.251940e+02 4.961335e+02 1.442818e-01 2.032959e-02
625 1.223933e+01 2.240276e+02 5.251004e+02 1.496252e-01 1.796090e-02
626 7.815704e+00 2.305216e+02 5.551769e+02 1.199259e-01 2.110178e-02
627 1.369954e+01 2.399547e+02 5.794315e+02 9.128659e-02 2.610231e-02
628 1.811561e+01 2.361884e+02 5.988895e+02 9.997751e-02 2.342519e-02
629 1.931225e+01 2.367613e+02 6.237091e+02 1.032662e-01 2.081056e-02
630 2.384537e+01 2.400381e+02 6.456906e+02 1.042542e-01 2.010798e-02
631 4.202928e+01 2.409642e+02 6.636906e+02 8.833075e-02 2.467336e-02
632 3.823133e+01 2.523389e+02 6.929812e+02 4.960212e-02 4.198139e-02
633 3.150781e+01 2.578796e+02 7.188498e+02 4.139902e-02 4.861457e-02
634 8.347954e+00 2.668086e+02 7.449325e+02 4.261362e-02 4.231051e-02
635 8.354077e+01 2.468948e+02 7.598185e+02 6.689086e-02 2.804410e-02
636 9.848061e+01 2.388133e+02 7.799757e+02 6.534851e-02 2.968138e-02
637 1.239580e+02 2.290587e+02 7.978055e+02 8.534051e-02 2.209182e-02
638 1.276579e+02 2.281897e+02 8.189445e+02 8.820341e-02 2.165481e-02
639 1.301942e+02 2.281964e+02 8.376117e+02 1.008181e-01 1.840719e-02
640 1.170533e+02 2.310264e+02 8.583033e+02 7.883626e-02 2.386466e-02
641 1.051263e+02 2.307161e+02 8.776785e+02 8.444860e-02 2.198231e-02
642 8.354361e+01 2.312303e+02 8.974186e+02 8.085662e-02 2.366451e-02
643 7.992423e+01 2.306864e+02 9.183161e+02 8.358280e-02 2.349410e-02
644 5.297009e+01 2.306568e+02 9.380950e+02 7.570740e-02 2.311475e-02
645 2.149386e+01 2.358179e+02 9.601170e+02 6.206120e-02 2.730312e-02
646 6.641074e+00 2.387126e+02 9.814835e+02 6.535838e-02 2.703289e-02
647 2.076667e+00 2.377067e+02 1.005504e+03 5.836580e-01 2.923235e-03
648 1.731543e+01 2.380058e+02 1.018342e+03 1.261063e-01 1.278535e-02
649 4.128202e+01 2.445133e+02 1.031679e+03 4.812923e-02 3.457167e-02
650 4.882654e+01 2.429238e+02 1.046539e+03 5.160650e-02 2.997075e-02
651 5.625921e+01 2.430748e+02 1.061441e+03 5.211297e-02 3.094692e-02
652 6.124907e+01 2.396582e+02 1.074001e+03 5.929393e-02 2.807253e-02
653 6.399624e+01 2.405451e+02 1.087616e+03 5.425821e-02 3.028859e-02
654 6.923586e+01 2.415102e+02 1.103311e+03 5.142676e-02 3.012706e-02
655 5.516535e+01 2.475261e+02 1.119835e+03 4.688042e-02 3.529546e-02
656 3.680349e+01 2.479063e+02 1.140201e+03 3.971108e-02 3.523688e-02
657 2.304352e+01 2.489739e+02 1.160843e+03 4.473058e-02 3.344560e-02
658 1.168315e+01 2.504827e+02 1.172636e+03 3.485019e-02 3.391669e-02
659 1.273406e+01 2.543141e+02 1.199090e+03 1.347171e-01 1.031697e-02
2.320197e-01 2.127558e-01
