469 6.408393e+00 2.772728e+02 1.109999e+02 3.063569e-01 8.666982e-01
470 8.635774e+00 2.779225e+02 1.104516e+02 4.159278e-01 7.400991e-01
471 5.652130e+00 2.754907e+02 1.098237e+02 5.023363e-01 5.638376e-01
472 4.425581e+00 2.742542e+02 1.089718e+02 4.599544e-01 5.099180e-01
473 6.007725e+00 2.732145e+02 1.079043e+02 4.367417e-01 4.601840e-01
474 9.265393e+00 2.708385e+02 1.086401e+02 4.525619e-01 3.762808e-01
475 2.041927e+01 2.726857e+02 1.118730e+02 4.356267e-01 3.770366e-01
476 2.734033e+01 2.696798e+02 1.105218e+02 4.362214e-01 3.774138e-01
477 4.376064e+01 2.640419e+02 1.105762e+02 4.782908e-01 3.754143e-01
478 5.873362e+01 2.701761e+02 1.187660e+02 4.121817e-01 4.122812e-01
479 5.734943e+01 2.723344e+02 1.146428e+02 3.916378e-01 3.671310e-01
480 7.612894e+01 2.691143e+02 1.216009e+02 4.105083e-01 4.128447e-01
481 1.695933e+02 2.739880e+02 1.103419e+02 3.298623e-01 7.290280e-01
482 1.156615e+02 2.724802e+02 1.186409e+02 3.322085e-01 6.259318e-01
483 6.171564e+01 2.716406e+02 1.480559e+02 2.372221e-01 2.551476e-01
484 1.496430e+02 2.733331e+02 1.083011e+02 5.980736e-01 3.969609e-01
485 1.900787e+02 2.715547e+02 8.571900e+01 5.494311e-01 6.594850e-01
486 2.088810e+02 2.700796e+02 8.045530e+01 6.189199e-01 6.639367e-01
487 2.287937e+02 2.695064e+02 7.591088e+01 6.794680e-01 6.325907e-01
488 2.476540e+02 2.644855e+02 7.304872e+01 8.204200e-01 6.006952e-01
489 2.598141e+02 2.539420e+02 7.299037e+01 8.986644e-01 5.488320e-01
490 2.693873e+02 2.483568e+02 7.396962e+01 9.216396e-01 5.133970e-01
491 2.729855e+02 2.461805e+02 7.810982e+01 9.514416e-01 4.286631e-01
492 2.810344e+02 2.429091e+02 7.946517e+01 9.389985e-01 3.984293e-01
493 2.938741e+02 2.398486e+02 8.568311e+01 9.464709e-01 3.805808e-01
494 2.953863e+02 2.413623e+02 7.826518e+01 9.996211e-01 3.201226e-01
495 3.044930e+02 2.440413e+02 8.087066e+01 9.229723e-01 3.081366e-01
496 3.179263e+02 2.423845e+02 8.361830e+01 8.960895e-01 3.339756e-01
497 3.401300e+02 2.433810e+02 8.676609e+01 9.706937e-01 3.484623e-01
498 3.516911e+02 2.459277e+02 8.916671e+01 9.079270e-01 3.667114e-01
499 3.599281e+02 2.505327e+02 9.753886e+01 8.691575e-01 3.291089e-01
500 3.653215e+02 2.584959e+02 1.011889e+02 6.854222e-01 3.738641e-01
501 3.755817e+02 2.666288e+02 9.103051e+01 6.619884e-01 4.002458e-01
502 3.784247e+02 2.655681e+02 8.310758e+01 6.055586e-01 3.942678e-01
503 4.006590e+02 2.639809e+02 6.587281e+01 8.840607e-01 3.881559e-01
504 4.068882e+02 2.744708e+02 5.851054e+01 7.403308e-01 2.985309e-01
505 4.133861e+02 2.759810e+02 4.731236e+01 7.461165e-01 1.748891e-01
506 4.222765e+02 2.806187e+02 3.691398e+01 1.016244e+00 6.749966e-02
507 4.337912e+02 2.782861e+02 2.760683e+01 1.857184e+00 3.840190e-02
508 4.461668e+02 2.720199e+02 1.989047e+01 2.516268e+00 1.047208e-02
509 4.568787e+02 2.587000e+02 1.262912e+01 4.562660e+00 0.000000e+00
510 4.689921e+02 2.554582e+02 1.313465e+01 6.238612e+00 1.543532e-02
511 4.760040e+02 2.555205e+02 1.351654e+01 6.574630e+00 2.172232e-02
512 4.843869e+02 2.569419e+02 1.334778e+01 6.778999e+00 2.589045e-02
513 4.893261e+02 2.556729e+02 1.451794e+01 6.182815e+00 1.278813e-02
514 5.066813e+02 2.539148e+02 1.638676e+01 5.342990e+00 2.041879e-01
515 5.112715e+02 2.532979e+02 1.479880e+01 4.678202e+00 1.462960e-01
516 5.129896e+02 2.519501e+02 1.343946e+01 4.479161e+00 4.117030e-02
517 5.209052e+02 2.508308e+02 1.401323e+01 4.239173e+00 8.628731e-02
518 5.380629e+02 2.487604e+02 1.596029e+01 3.827061e+00 2.955610e-01
519 5.460902e+02 2.485603e+02 1.666256e+01 3.546390e+00 3.332511e-01
520 5.452967e+02 2.504753e+02 1.791489e+01 3.237893e+00 3.585742e-01
521 5.545341e+02 2.504588e+02 2.125886e+01 2.562033e+00 4.406427e-01
522 5.603356e+02 2.514320e+02 2.401458e+01 2.072231e+00 4.621835e-01
523 5.613073e+02 2.538821e+02 2.438412e+01 2.020923e+00 4.464429e-01
524 5.586992e+02 2.598582e+02 2.647004e+01 1.770403e+00 4.481366e-01
525 5.597831e+02 2.608999e+02 2.854025e+01 1.422552e+00 4.428226e-01
526 5.642403e+02 2.603015e+02 2.991155e+01 1.317438e+00 4.837383e-01
527 5.678367e+02 2.587353e+02 3.158377e+01 1.364844e+00 4.537923e-01
528 5.685072e+02 2.551298e+02 3.282590e+01 1.510543e+00 3.604302e-01
529 5.677918e+02 2.585036e+02 3.385134e+01 1.271164e+00 3.795461e-01
530 5.708484e+02 2.580837e+02 3.543464e+01 1.196342e+00 4.031969e-01
531 5.705765e+02 2.567835e+02 3.706381e+01 7.713572e-01 5.594447e-01
532 5.733922e+02 2.531154e+02 3.784490e+01 9.001748e-01 4.845726e-01
533 5.764673e+02 2.517253e+02 3.520598e+01 9.436753e-01 4.820180e-01
534 5.780014e+02 2.480211e+02 3.311260e+01 1.039412e+00 4.520359e-01
535 5.769329e+02 2.534909e+02 3.907753e+01 8.272624e-01 4.274607e-01
536 5.817770e+02 2.493452e+02 3.418951e+01 1.164026e+00 3.831958e-01
537 5.853263e+02 2.471385e+02 2.813763e+01 1.821505e+00 3.001711e-01
538 5.854853e+02 2.529883e+02 2.606402e+01 1.254415e+00 4.298905e-01
539 5.844501e+02 2.499311e+02 2.284631e+01 1.844291e+00 2.542423e-01
540 5.891405e+02 2.473817e+02 2.311071e+01 1.605298e+00 3.817016e-01
541 5.931881e+02 2.484786e+02 2.224706e+01 1.618634e+00 4.548648e-01
542 5.951867e+02 2.514389e+02 2.107166e+01 1.834306e+00 4.228481e-01
543 5.953485e+02 2.585734e+02 2.376653e+01 1.272272e+00 5.283605e-01
544 5.937234e+02 2.619617e+02 2.401675e+01 8.603471e-01 5.031236e-01
545 5.943724e+02 2.615471e+02 2.415778e+01 9.998757e-01 4.808114e-01
546 5.942930e+02 2.559839e+02 2.485996e+01 7.345233e-01 8.708288e-01
547 5.942219e+02 2.532203e+02 2.521437e+01 8.411212e-01 6.669811e-01
548 5.940432e+02 2.523843e+02 2.741179e+01 1.230098e+00 3.563240e-01
549 5.918686e+02 2.514533e+02 2.878401e+01 1.487342e+00 2.815649e-01
550 5.875362e+02 2.495729e+02 3.008318e+01 1.268064e+00 3.197616e-01
551 5.836526e+02 2.513809e+02 2.822713e+01 1.074374e+00 4.616785e-01
552 5.808735e+02 2.537418e+02 2.588783e+01 9.939586e-01 6.218070e-01
553 5.786930e+02 2.560526e+02 2.560253e+01 9.108849e-01 6.759308e-01
554 5.744594e+02 2.537173e+02 2.778123e+01 1.003561e+00 4.797259e-01
555 5.725307e+02 2.509364e+02 3.081244e+01 1.208272e+00 3.108338e-01
556 5.685329e+02 2.506044e+02 3.082609e+01 1.271837e+00 2.631828e-01
557 5.662159e+02 2.478723e+02 2.809432e+01 1.416890e+00 2.852248e-01
558 5.653635e+02 2.498981e+02 2.847337e+01 1.253245e+00 2.567906e-01
559 5.669197e+02 2.499608e+02 2.259877e+01 1.438994e+00 2.136930e-01
560 5.578212e+02 2.492643e+02 2.394656e+01 1.492458e+00 2.835618e-01
561 5.475117e+02 2.523692e+02 2.851975e+01 1.235305e+00 3.058653e-01
562 5.389153e+02 2.558435e+02 2.963101e+01 1.228300e+00 3.126598e-01
563 5.378656e+02 2.581189e+02 2.904106e+01 1.095432e+00 2.460717e-01
564 5.343116e+02 2.569897e+02 2.813517e+01 1.307067e+00 2.224230e-01
565 5.290511e+02 2.554655e+02 2.788290e+01 1.432274e+00 1.934273e-01
566 5.256959e+02 2.530131e+02 2.823444e+01 1.266313e+00 2.122444e-01
567 5.215461e+02 2.514528e+02 2.919622e+01 1.053806e+00 2.252681e-01
568 5.123376e+02 2.496915e+02 2.860372e+01 1.205915e+00 2.458950e-01
569 5.047928e+02 2.464826e+02 2.851865e+01 1.178418e+00 2.655255e-01
570 4.950190e+02 2.449048e+02 2.899549e+01 1.325453e+00 3.264063e-01
571 4.972621e+02 2.427754e+02 2.684269e+01 1.596808e+00 1.850027e-01
572 4.877285e+02 2.416474e+02 3.154824e+01 1.506518e+00 1.782398e-01
573 4.712526e+02 2.417118e+02 4.332838e+01 9.513085e-01 2.834428e-01
574 4.614962e+02 2.382386e+02 5.233347e+01 7.912815e-01 2.358171e-01
575 4.579649e+02 2.326951e+02 5.570680e+01 9.696346e-01 1.357324e-01
576 4.568636e+02 2.311122e+02 5.717511e+01 8.540966e-01 1.252266e-01
577 4.593650e+02 2.360002e+02 5.595436e+01 7.874374e-01 1.004385e-01
578 4.592680e+02 2.378368e+02 5.569625e+01 7.792441e-01 7.313350e-02
579 4.476725e+02 2.432382e+02 5.719211e+01 6.318699e-01 1.180224e-01
580 4.336101e+02 2.481092e+02 5.441418e+01 5.089447e-01 2.260733e-01
581 4.137759e+02 2.534789e+02 5.228436e+01 4.282023e-01 4.305637e-01
582 4.089371e+02 2.617695e+02 5.201714e+01 4.606802e-01 2.843405e-01
583 3.878613e+02 2.585334e+02 5.622012e+01 1.388684e+00 1.138424e-01
584 3.752992e+02 2.602656e+02 5.913228e+01 1.536916e+00 7.277066e-02
585 3.770891e+02 2.611504e+02 6.639059e+01 4.501043e-01 2.134817e-01
586 3.667352e+02 2.599024e+02 7.191878e+01 9.905676e-01 9.313842e-02
587 3.696463e+02 2.592441e+02 7.882602e+01 4.304876e-01 1.889843e-01
588 3.728165e+02 2.561593e+02 8.634831e+01 4.269117e-01 1.756171e-01
589 3.679633e+02 2.535071e+02 9.165196e+01 1.883210e-01 3.470385e-01
590 3.430591e+02 2.479980e+02 8.455837e+01 4.027108e-01 2.187935e-01
591 3.383265e+02 2.420132e+02 8.304609e+01 5.911127e-01 1.511027e-01
592 3.338354e+02 2.390169e+02 8.514983e+01 6.047150e-01 1.373023e-01
593 3.276292e+02 2.414118e+02 8.772844e+01 5.243036e-01 1.457180e-01
594 3.259101e+02 2.488912e+02 9.306827e+01 3.591728e-01 1.890036e-01
595 3.239514e+02 2.496266e+02 9.622923e+01 3.349562e-01 1.982775e-01
596 3.250874e+02 2.481978e+02 9.680426e+01 4.556165e-01 1.344383e-01
597 3.157447e+02 2.503857e+02 9.797294e+01 4.209977e-01 1.484770e-01
598 3.173531e+02 2.501614e+02 1.001086e+02 3.461923e-01 1.573735e-01
599 3.049939e+02 2.493765e+02 9.813241e+01 3.012462e-01 1.882113e-01
600 2.906315e+02 2.452542e+02 9.508324e+01 3.769783e-01 1.519865e-01
601 2.795754e+02 2.466061e+02 9.460943e+01 4.153809e-01 1.549197e-01
602 2.692380e+02 2.498018e+02 9.408941e+01 3.570383e-01 1.585802e-01
603 2.718355e+02 2.491692e+02 9.116230e+01 5.934455e-01 1.102955e-01
604 2.794537e+02 2.476853e+02 8.663601e+01 4.190878e-01 1.729406e-01
605 2.857986e+02 2.471738e+02 8.252984e+01 4.028438e-01 2.033646e-01
606 2.928276e+02 2.472670e+02 7.933934e+01 4.016894e-01 2.135631e-01
607 3.119365e+02 2.462749e+02 7.611740e+01 4.789020e-01 1.715507e-01
608 3.130770e+02 2.483539e+02 7.115429e+01 5.169948e-01 1.856727e-01
609 3.089896e+02 2.495284e+02 6.075781e+01 5.359132e-01 2.406071e-01
610 3.247982e+02 2.462259e+02 5.167220e+01 7.591185e-01 2.718490e-01
611 3.316523e+02 2.426630e+02 4.261796e+01 1.123734e+00 2.173449e-01
612 3.191548e+02 2.554567e+02 4.277656e+01 7.211239e-01 4.319695e-01
613 3.273263e+02 2.380610e+02 2.755047e+01 2.551790e+00 2.420387e-01
614 3.298634e+02 2.355805e+02 2.157365e+01 3.335134e+00 2.587189e-01
615 3.268579e+02 2.455767e+02 2.302359e+01 2.395219e+00 3.445366e-01
616 3.197900e+02 2.574492e+02 2.066894e+01 1.838961e+00 5.261861e-01
617 3.160332e+02 2.593005e+02 1.542725e+01 2.399782e+00 4.674923e-01
618 3.125651e+02 2.617622e+02 1.370155e+01 2.372709e+00 3.276059e-01
619 3.120081e+02 2.648435e+02 1.437676e+01 2.310014e+00 3.150538e-01
620 3.112653e+02 2.650142e+02 1.227167e+01 2.439892e+00 2.804398e-01
621 3.110191e+02 2.660581e+02 1.504616e+01 2.823159e+00 2.913496e-01
622 3.118778e+02 2.662816e+02 1.776425e+01 2.957629e+00 2.611038e-01
623 3.119716e+02 2.638714e+02 1.868770e+01 3.500921e+00 2.465237e-01
624 3.106423e+02 2.609580e+02 1.928033e+01 3.761414e+00 2.619919e-01
625 3.070072e+02 2.566661e+02 1.964494e+01 3.894669e+00 2.483316e-01
626 3.068835e+02 2.522405e+02 2.038340e+01 4.172732e+00 2.351436e-01
627 3.051804e+02 2.474988e+02 2.023260e+01 4.456255e+00 2.218239e-01
628 3.038679e+02 2.446256e+02 2.120636e+01 3.625575e+00 2.601276e-01
629 2.931486e+02 2.393421e+02 2.400632e+01 2.898391e+00 2.730681e-01
630 2.918312e+02 2.341319e+02 2.489026e+01 3.324557e+00 2.296095e-01
631 2.854121e+02 2.326574e+02 2.762181e+01 2.751300e+00 2.631724e-01
632 2.873730e+02 2.353625e+02 3.126727e+01 2.655360e+00 2.282518e-01
633 2.857520e+02 2.388466e+02 3.332091e+01 2.208397e+00 2.222560e-01
634 2.857786e+02 2.384687e+02 3.545697e+01 1.994480e+00 1.759583e-01
635 2.812586e+02 2.386832e+02 3.694630e+01 1.799174e+00 1.836730e-01
636 2.809041e+02 2.404493e+02 3.735311e+01 1.705935e+00 1.604555e-01
637 2.768089e+02 2.437576e+02 3.831004e+01 1.538254e+00 1.522928e-01
638 2.749126e+02 2.459121e+02 3.778365e+01 1.278807e+00 1.620449e-01
639 2.698692e+02 2.470077e+02 4.041277e+01 1.114785e+00 1.514540e-01
640 2.627922e+02 2.474804e+02 4.396071e+01 9.690747e-01 1.551549e-01
641 2.550469e+02 2.475316e+02 4.842090e+01 9.793992e-01 1.432613e-01
642 2.474642e+02 2.533249e+02 5.024183e+01 9.938719e-01 1.515979e-01
643 2.369915e+02 2.548910e+02 5.358980e+01 9.989367e-01 1.673875e-01
644 2.249395e+02 2.528369e+02 6.118315e+01 9.111018e-01 1.616524e-01
645 2.151102e+02 2.486690e+02 7.114028e+01 7.835363e-01 1.491829e-01
646 2.083793e+02 2.528156e+02 7.383076e+01 7.506204e-01 1.496414e-01
647 2.028109e+02 2.573772e+02 7.917404e+01 4.964672e-01 1.713784e-01
648 1.932120e+02 2.596438e+02 8.496874e+01 4.148541e-01 1.747299e-01
649 1.792273e+02 2.676864e+02 8.849467e+01 3.768701e-01 2.242239e-01
650 1.641243e+02 2.718418e+02 9.124698e+01 3.128930e-01 2.751269e-01
651 1.384743e+02 2.736162e+02 9.591233e+01 3.381730e-01 3.085901e-01
652 1.095684e+02 2.714552e+02 1.008296e+02 2.899107e-01 5.234356e-01
653 8.474519e+01 2.719592e+02 1.045173e+02 3.025929e-01 5.401031e-01
654 6.496230e+01 2.721788e+02 1.120461e+02 2.836755e-01 5.024323e-01
655 4.448107e+01 2.742335e+02 1.175691e+02 2.269625e-01 5.494163e-01
656 2.826437e+01 2.705225e+02 1.249086e+02 2.852865e-01 4.421396e-01
657 1.487538e+01 2.721574e+02 1.308060e+02 2.440290e-01 4.595449e-01
658 3.132812e+00 2.715007e+02 1.370731e+02 3.023428e-01 3.548836e-01
659 1.104576e+00 2.806783e+02 1.355233e+02 9.083138e-02 5.129075e-01
3.098320e-01 1.665728e-01
DEVS = [5 0.3 0.2 0.05 0.5 0.08 0.05 0.005]';