1 1.988727e+02 1.189636e+02 4.532949e+01 9.243559e-01 8.603651e-01
2 2.001861e+02 1.183012e+02 4.537315e+01 8.768647e-01 8.433739e-01
3 2.011326e+02 1.175587e+02 4.537766e+01 8.548329e-01 8.313324e-01
4 2.022146e+02 1.180750e+02 4.547348e+01 8.246701e-01 8.297881e-01
5 2.023991e+02 1.171275e+02 4.544228e+01 8.963261e-01 8.844385e-01
6 2.023591e+02 1.173088e+02 4.540964e+01 9.186348e-01 9.203685e-01
7 2.020667e+02 1.179928e+02 4.555997e+01 9.076330e-01 9.045308e-01
8 2.013116e+02 1.182351e+02 4.615071e+01 9.221643e-01 9.324015e-01
9 2.004924e+02 1.181498e+02 4.632892e+01 9.014737e-01 9.026622e-01
10 1.992510e+02 1.182982e+02 4.627063e+01 9.096159e-01 8.964216e-01
11 1.982550e+02 1.187962e+02 4.544298e+01 9.466297e-01 8.979401e-01
12 1.980902e+02 1.188229e+02 4.555777e+01 9.902725e-01 9.600982e-01
13 1.980718e+02 1.185031e+02 4.487481e+01 1.008802e+00 9.481223e-01
14 1.976466e+02 1.190713e+02 4.378712e+01 1.016968e+00 9.212804e-01
15 1.966154e+02 1.200891e+02 4.430649e+01 9.699007e-01 8.910978e-01
16 1.954958e+02 1.200920e+02 4.391442e+01 9.925860e-01 8.764494e-01
17 1.952758e+02 1.193267e+02 4.340502e+01 1.064657e+00 8.904563e-01
18 1.951287e+02 1.193496e+02 4.322157e+01 1.130476e+00 9.076141e-01
19 1.954219e+02 1.200965e+02 4.321398e+01 1.176973e+00 8.737517e-01
20 1.953989e+02 1.205242e+02 4.287072e+01 1.180205e+00 8.921089e-01
21 1.962785e+02 1.207208e+02 4.243240e+01 1.208270e+00 9.157763e-01
22 1.965401e+02 1.215000e+02 4.233986e+01 1.152970e+00 9.575548e-01
23 1.956410e+02 1.227664e+02 4.271692e+01 1.133436e+00 9.422305e-01
24 1.954855e+02 1.241759e+02 4.319692e+01 1.075133e+00 9.488570e-01
25 1.948847e+02 1.246388e+02 4.353111e+01 1.032286e+00 9.512649e-01
26 1.939951e+02 1.256228e+02 4.412813e+01 9.778405e-01 9.075858e-01
27 1.942392e+02 1.263883e+02 4.441051e+01 9.611741e-01 9.215283e-01
28 1.942893e+02 1.267344e+02 4.438453e+01 9.976542e-01 9.203867e-01
29 1.941936e+02 1.266445e+02 4.389164e+01 1.024025e+00 9.193678e-01
30 1.937325e+02 1.273356e+02 4.457722e+01 9.664775e-01 9.034017e-01
31 1.936884e+02 1.284347e+02 4.476092e+01 9.471535e-01 8.670538e-01
32 1.923221e+02 1.280817e+02 4.424124e+01 1.008182e+00 8.878684e-01
33 1.927981e+02 1.280917e+02 4.440956e+01 9.967346e-01 8.598848e-01
34 1.917608e+02 1.272263e+02 4.373943e+01 1.091254e+00 8.646275e-01
35 1.914593e+02 1.262620e+02 4.254120e+01 1.089176e+00 8.497137e-01
36 1.907088e+02 1.251125e+02 4.164624e+01 1.122219e+00 8.574887e-01
37 1.900954e+02 1.239541e+02 4.013924e+01 1.213318e+00 8.280817e-01
38 1.914311e+02 1.210765e+02 3.841281e+01 1.407234e+00 8.559289e-01
39 1.906608e+02 1.193890e+02 3.676249e+01 1.464814e+00 8.314176e-01
40 1.912966e+02 1.185288e+02 3.486450e+01 1.602677e+00 7.844506e-01
41 1.924458e+02 1.176136e+02 3.356674e+01 1.727076e+00 7.552510e-01
42 1.926960e+02 1.173101e+02 3.223405e+01 1.773661e+00 7.290027e-01
43 1.953794e+02 1.169073e+02 3.069061e+01 1.947308e+00 6.940964e-01
44 1.963812e+02 1.159278e+02 2.970509e+01 2.059612e+00 6.649551e-01
45 1.984028e+02 1.166374e+02 2.873847e+01 2.240456e+00 6.466151e-01
46 2.007761e+02 1.163206e+02 2.808454e+01 2.350836e+00 6.319017e-01
47 2.014802e+02 1.151999e+02 2.728517e+01 2.407418e+00 6.170792e-01
48 2.012160e+02 1.143037e+02 2.649899e+01 2.482306e+00 5.962267e-01
49 2.025016e+02 1.147364e+02 2.558343e+01 2.503934e+00 5.756267e-01
50 2.033591e+02 1.146876e+02 2.504710e+01 2.561217e+00 5.635592e-01
51 2.030723e+02 1.150883e+02 2.519694e+01 2.616301e+00 5.640393e-01
52 2.016115e+02 1.166710e+02 2.663139e+01 2.456262e+00 5.961498e-01
53 1.999905e+02 1.174537e+02 2.796533e+01 2.301529e+00 6.324616e-01
54 1.983140e+02 1.174786e+02 2.862798e+01 2.213552e+00 6.474481e-01
55 1.972591e+02 1.181745e+02 2.922945e+01 2.149046e+00 6.412216e-01
56 1.953859e+02 1.191546e+02 3.008268e+01 1.960737e+00 6.803476e-01
57 1.939017e+02 1.198299e+02 3.027666e+01 1.930433e+00 6.777498e-01
58 1.932044e+02 1.204391e+02 3.090630e+01 2.012671e+00 6.989745e-01
59 1.919556e+02 1.218620e+02 3.202191e+01 1.954507e+00 7.242050e-01
60 1.921690e+02 1.234349e+02 3.296258e+01 1.897973e+00 7.378747e-01
61 1.909362e+02 1.245786e+02 3.301383e+01 1.867837e+00 7.428106e-01
62 1.912094e+02 1.255200e+02 3.367562e+01 1.879154e+00 7.347414e-01
63 1.911571e+02 1.272501e+02 3.444868e+01 1.787976e+00 7.212507e-01
64 1.906073e+02 1.288620e+02 3.463213e+01 1.657171e+00 6.797706e-01
65 1.899695e+02 1.312597e+02 3.559882e+01 1.444801e+00 6.451231e-01
66 1.879867e+02 1.324933e+02 3.626741e+01 1.314250e+00 6.021397e-01
67 1.863708e+02 1.345435e+02 3.662611e+01 1.111041e+00 4.860863e-01
68 1.832571e+02 1.358529e+02 3.715520e+01 1.027923e+00 4.474317e-01
69 1.775206e+02 1.365668e+02 3.759173e+01 1.082057e+00 4.919651e-01
70 1.721193e+02 1.382742e+02 3.856642e+01 1.007846e+00 4.827732e-01
71 1.669731e+02 1.398838e+02 3.953687e+01 9.906083e-01 5.105841e-01
72 1.630006e+02 1.410362e+02 4.008609e+01 1.060392e+00 5.561074e-01
73 1.591450e+02 1.418708e+02 4.070133e+01 1.088017e+00 5.606703e-01
74 1.544404e+02 1.429853e+02 4.063867e+01 1.158343e+00 6.245582e-01
75 1.494042e+02 1.448257e+02 4.096656e+01 1.138590e+00 6.209528e-01
76 1.457412e+02 1.452255e+02 4.141393e+01 1.096279e+00 5.964612e-01
77 1.423562e+02 1.452081e+02 4.257465e+01 1.098054e+00 5.974420e-01
78 1.389609e+02 1.455148e+02 4.240990e+01 1.237913e+00 6.831057e-01
79 1.355104e+02 1.455382e+02 4.205528e+01 1.436269e+00 6.974606e-01
80 1.339734e+02 1.445174e+02 4.125165e+01 1.538632e+00 7.124064e-01
81 1.345666e+02 1.440868e+02 3.944218e+01 1.572996e+00 6.549383e-01
82 1.345570e+02 1.420072e+02 3.893134e+01 1.543104e+00 6.174320e-01
83 1.396823e+02 1.414824e+02 3.560845e+01 1.377279e+00 5.241348e-01
84 1.436823e+02 1.413719e+02 3.260043e+01 1.440722e+00 4.348354e-01
85 1.453762e+02 1.406613e+02 3.183396e+01 1.522256e+00 3.838633e-01
86 1.478726e+02 1.397379e+02 3.043032e+01 1.570887e+00 3.403688e-01
87 1.518339e+02 1.388506e+02 2.889392e+01 1.689065e+00 3.130347e-01
88 1.567386e+02 1.384020e+02 2.664469e+01 1.819246e+00 2.730405e-01
89 1.661414e+02 1.396122e+02 2.107176e+01 2.118936e+00 1.986616e-01
90 1.686512e+02 1.386960e+02 2.041052e+01 2.197809e+00 1.953834e-01
91 1.707413e+02 1.360363e+02 2.133073e+01 2.234801e+00 2.138821e-01
92 1.742140e+02 1.343438e+02 1.914377e+01 2.505983e+00 1.931868e-01
93 1.735675e+02 1.307914e+02 2.164028e+01 2.390854e+00 2.375581e-01
94 1.760427e+02 1.283702e+02 2.236078e+01 2.177315e+00 2.521897e-01
95 1.782466e+02 1.260923e+02 2.371929e+01 1.723664e+00 2.654959e-01
96 1.776801e+02 1.248615e+02 2.603322e+01 1.588645e+00 2.743360e-01
97 1.798178e+02 1.223300e+02 2.502568e+01 1.652265e+00 2.539846e-01
98 1.796138e+02 1.203729e+02 2.481612e+01 1.871039e+00 2.832164e-01
99 1.780881e+02 1.190050e+02 2.417053e+01 2.272867e+00 3.366665e-01
100 1.772641e+02 1.178002e+02 2.515885e+01 2.095422e+00 3.462336e-01
101 1.759375e+02 1.163446e+02 2.577088e+01 2.109358e+00 3.571682e-01
102 1.759892e+02 1.160675e+02 2.373234e+01 2.340793e+00 3.495758e-01
103 1.780460e+02 1.159521e+02 2.130235e+01 2.615362e+00 3.035584e-01
104 1.766987e+02 1.151059e+02 2.113023e+01 2.665725e+00 3.032890e-01
105 1.711285e+02 1.122436e+02 2.309870e+01 2.856053e+00 3.795712e-01
106 1.691924e+02 1.114863e+02 2.277420e+01 3.241682e+00 3.714574e-01
107 1.680027e+02 1.116903e+02 2.164030e+01 3.537406e+00 3.465206e-01
108 1.698035e+02 1.109115e+02 2.020381e+01 3.819490e+00 3.200159e-01
109 1.706543e+02 1.101062e+02 1.912347e+01 3.929744e+00 2.996582e-01
110 1.712111e+02 1.085893e+02 1.859746e+01 3.951330e+00 2.914158e-01
111 1.722310e+02 1.077795e+02 1.811071e+01 3.973898e+00 2.788103e-01
112 1.730627e+02 1.078535e+02 1.751893e+01 3.917281e+00 2.705654e-01
113 1.746715e+02 1.076956e+02 1.715630e+01 3.872851e+00 2.602172e-01
114 1.756945e+02 1.080301e+02 1.627254e+01 3.860369e+00 2.293434e-01
115 1.735440e+02 1.076490e+02 1.556842e+01 4.216197e+00 2.251898e-01
116 1.752517e+02 1.092423e+02 1.468977e+01 4.490842e+00 2.001081e-01
117 1.795816e+02 1.121588e+02 1.368283e+01 4.606714e+00 1.748756e-01
118 1.809781e+02 1.112982e+02 1.347584e+01 4.770655e+00 1.734720e-01
119 1.838347e+02 1.117575e+02 1.346926e+01 4.852753e+00 1.660737e-01
120 1.850419e+02 1.121073e+02 1.320627e+01 4.975493e+00 1.595065e-01
121 1.862589e+02 1.120236e+02 1.326870e+01 4.995326e+00 1.556083e-01
122 1.862324e+02 1.117760e+02 1.304018e+01 5.209963e+00 1.510604e-01
123 1.886622e+02 1.102503e+02 1.302210e+01 5.203590e+00 1.502872e-01
124 1.915788e+02 1.084183e+02 1.309036e+01 5.189669e+00 1.540401e-01
125 1.922920e+02 1.061700e+02 1.458352e+01 4.894423e+00 1.829097e-01
126 1.948997e+02 1.023602e+02 2.020518e+01 3.052666e+00 2.529889e-01
127 1.955760e+02 1.018932e+02 2.225905e+01 2.454483e+00 2.453478e-01
128 1.961431e+02 1.020916e+02 2.282596e+01 2.330312e+00 2.386532e-01
129 1.960892e+02 1.025152e+02 2.287407e+01 2.397557e+00 2.426912e-01
130 1.941768e+02 1.027038e+02 2.330779e+01 2.488620e+00 2.546956e-01
131 1.925302e+02 1.027985e+02 2.404829e+01 2.542716e+00 2.747502e-01
132 1.917400e+02 1.039245e+02 2.416783e+01 2.692221e+00 2.899434e-01
133 1.892064e+02 1.048676e+02 2.540081e+01 2.665744e+00 3.151075e-01
134 1.848808e+02 1.044009e+02 2.753318e+01 2.646940e+00 3.659098e-01
135 1.810377e+02 1.052002e+02 3.045321e+01 2.499803e+00 4.255201e-01
136 1.755885e+02 1.057443e+02 3.302096e+01 2.314116e+00 4.584798e-01
137 1.709827e+02 1.058631e+02 3.468179e+01 2.314843e+00 4.846056e-01
138 1.683656e+02 1.070263e+02 3.590967e+01 2.156865e+00 4.954511e-01
139 1.661154e+02 1.083237e+02 3.725259e+01 1.992571e+00 5.012534e-01
140 1.654940e+02 1.094659e+02 3.806444e+01 1.978307e+00 5.100018e-01
141 1.650118e+02 1.105290e+02 3.898431e+01 1.899894e+00 4.956401e-01
142 1.644328e+02 1.116523e+02 4.000243e+01 1.885241e+00 4.865187e-01
143 1.636576e+02 1.124250e+02 4.109129e+01 1.693558e+00 4.611184e-01
144 1.629283e+02 1.141686e+02 4.169012e+01 1.562548e+00 3.617957e-01
145 1.609273e+02 1.166249e+02 4.259341e+01 1.256554e+00 2.939328e-01
146 1.570621e+02 1.173744e+02 4.332182e+01 1.015793e+00 2.679786e-01
147 1.524914e+02 1.143424e+02 4.427148e+01 9.395605e-01 2.594080e-01
148 1.460731e+02 1.079281e+02 4.584901e+01 1.041892e+00 2.916590e-01
149 1.399911e+02 1.102693e+02 4.701615e+01 8.754621e-01 2.624963e-01
150 1.323929e+02 1.072673e+02 4.972764e+01 7.025650e-01 2.918609e-01
151 1.298330e+02 1.026633e+02 4.987099e+01 5.980151e-01 2.987430e-01
152 1.292468e+02 9.906483e+01 5.063527e+01 2.577586e-01 1.254805e-01
153 1.300817e+02 9.704048e+01 5.039492e+01 5.074324e-01 2.199294e-01
154 1.289693e+02 9.394495e+01 4.956901e+01 6.091451e-01 2.529211e-01
155 1.276954e+02 9.110002e+01 4.874146e+01 5.853531e-01 2.448334e-01
156 1.239232e+02 8.658433e+01 4.864415e+01 7.279868e-01 3.208769e-01
157 1.195019e+02 8.229458e+01 4.891106e+01 9.289770e-01 4.416633e-01
158 1.176947e+02 7.851698e+01 4.868328e+01 1.013406e+00 4.813437e-01
159 1.148172e+02 7.532544e+01 4.835040e+01 1.044680e+00 5.115431e-01
160 1.110263e+02 7.313493e+01 4.790001e+01 1.110055e+00 5.559215e-01
161 1.082040e+02 7.191327e+01 4.736283e+01 1.258863e+00 6.359072e-01
162 1.069860e+02 7.359578e+01 4.529581e+01 1.429138e+00 7.241919e-01
163 1.057733e+02 7.518061e+01 4.265454e+01 1.509753e+00 7.386326e-01
164 1.038161e+02 7.464582e+01 4.077927e+01 1.597747e+00 7.302836e-01
165 1.031364e+02 7.313859e+01 3.933237e+01 1.694620e+00 6.970595e-01
166 1.023834e+02 7.152942e+01 3.769402e+01 1.887094e+00 6.833975e-01
167 1.016053e+02 6.978644e+01 3.660566e+01 2.021291e+00 6.719968e-01
168 1.006483e+02 6.864860e+01 3.606549e+01 2.056629e+00 6.504682e-01
169 1.011335e+02 6.814841e+01 3.469137e+01 2.256219e+00 6.368548e-01
170 1.030978e+02 6.739511e+01 3.286749e+01 2.450868e+00 6.162642e-01
171 1.052175e+02 6.650842e+01 3.079715e+01 2.698969e+00 5.849456e-01
172 1.045827e+02 6.591018e+01 2.994985e+01 3.001572e+00 5.688524e-01
173 1.050768e+02 6.513567e+01 2.851710e+01 3.305287e+00 5.537377e-01
174 1.072059e+02 6.480781e+01 2.700291e+01 3.506514e+00 5.336712e-01
175 1.089817e+02 6.391697e+01 2.527514e+01 3.822308e+00 5.086900e-01
176 1.092989e+02 6.340078e+01 2.397039e+01 4.190554e+00 4.780463e-01
177 1.079381e+02 6.274893e+01 2.277547e+01 4.610314e+00 4.669493e-01
178 1.078083e+02 6.215156e+01 2.140995e+01 4.954381e+00 4.410160e-01
179 1.055150e+02 6.184432e+01 2.060881e+01 5.171808e+00 4.326383e-01
180 1.055689e+02 6.216502e+01 1.913864e+01 5.585522e+00 3.960891e-01
181 1.048102e+02 6.309371e+01 1.775329e+01 5.964434e+00 3.781184e-01
182 1.006264e+02 6.483548e+01 1.715207e+01 6.067019e+00 3.618018e-01
183 9.498040e+01 6.561664e+01 1.623701e+01 6.131568e+00 3.267878e-01
184 9.241763e+01 6.657109e+01 1.488066e+01 6.278388e+00 2.901736e-01
185 9.085520e+01 6.761098e+01 1.378283e+01 6.476633e+00 9.746764e-02
186 9.946265e+01 6.820823e+01 1.304664e+01 6.639977e+00 0.000000e+00
187 1.118582e+02 6.876546e+01 1.180833e+01 6.616415e+00 0.000000e+00
188 1.216593e+02 7.024500e+01 1.188827e+01 5.996804e+00 0.000000e+00
189 1.276323e+02 7.034582e+01 1.166443e+01 6.276940e+00 0.000000e+00
190 1.345660e+02 7.019304e+01 1.136029e+01 6.501135e+00 0.000000e+00
191 1.346477e+02 7.022307e+01 1.130700e+01 6.739572e+00 0.000000e+00
192 1.286779e+02 7.314887e+01 1.223060e+01 6.336878e+00 0.000000e+00
193 1.220828e+02 7.626981e+01 1.388318e+01 5.601735e+00 0.000000e+00
194 1.237057e+02 7.771574e+01 1.517899e+01 5.510521e+00 0.000000e+00
195 1.245628e+02 7.888905e+01 1.622187e+01 5.506399e+00 0.000000e+00
196 1.241463e+02 8.015454e+01 1.708513e+01 5.425877e+00 0.000000e+00
197 1.233896e+02 8.078137e+01 1.777768e+01 5.357537e+00 0.000000e+00
198 1.272049e+02 8.189023e+01 1.892172e+01 5.377960e+00 0.000000e+00
199 1.267689e+02 8.224040e+01 1.962494e+01 5.138166e+00 0.000000e+00
200 1.261699e+02 8.385507e+01 2.008941e+01 4.691104e+00 0.000000e+00
201 1.255021e+02 8.524458e+01 2.139780e+01 4.394796e+00 0.000000e+00
202 1.286766e+02 8.578336e+01 2.313329e+01 3.843091e+00 0.000000e+00
203 1.363509e+02 9.021920e+01 2.476249e+01 2.525493e+00 0.000000e+00
204 1.675917e+02 9.991591e+01 3.111602e+01 2.865689e+00 8.814051e-02
205 1.776630e+02 1.031669e+02 3.349422e+01 2.714647e+00 2.766672e-01
206 1.841534e+02 1.054083e+02 3.542943e+01 2.412890e+00 4.260123e-01
207 1.906567e+02 1.078813e+02 3.722491e+01 2.117383e+00 5.641366e-01
208 1.986896e+02 1.105430e+02 3.887049e+01 1.946160e+00 6.869398e-01
209 2.036966e+02 1.131110e+02 4.068773e+01 1.724847e+00 7.362440e-01
210 2.054264e+02 1.156366e+02 4.220954e+01 1.637594e+00 6.795248e-01
211 2.043435e+02 1.180603e+02 4.404983e+01 1.432944e+00 7.677122e-01
212 2.048579e+02 1.205742e+02 4.612069e+01 1.310568e+00 7.598098e-01
213 2.055796e+02 1.235905e+02 4.832569e+01 1.146267e+00 8.026920e-01
214 2.070222e+02 1.267319e+02 5.028072e+01 9.275767e-01 8.216209e-01
215 2.060545e+02 1.289895e+02 5.238293e+01 8.081816e-01 8.264164e-01
216 2.045644e+02 1.305507e+02 5.363510e+01 7.589423e-01 8.320039e-01
217 2.034065e+02 1.322805e+02 5.483459e+01 6.727395e-01 7.933940e-01
218 2.008606e+02 1.337209e+02 5.595377e+01 6.482300e-01 8.288479e-01
219 2.006299e+02 1.359436e+02 5.679304e+01 5.603069e-01 6.604879e-01
220 2.005374e+02 1.387734e+02 5.786982e+01 4.775524e-01 4.825415e-01
221 1.950136e+02 1.407581e+02 5.971668e+01 4.710224e-01 4.979361e-01
222 1.903386e+02 1.431700e+02 6.022919e+01 4.280090e-01 4.427798e-01
223 1.849189e+02 1.447633e+02 6.134423e+01 3.792488e-01 4.098236e-01
224 1.798350e+02 1.472382e+02 6.276132e+01 2.904164e-01 3.296795e-01
225 1.750273e+02 1.483484e+02 6.392407e+01 2.987858e-01 3.607549e-01
226 1.696187e+02 1.485940e+02 6.541862e+01 2.479005e-01 3.235570e-01
227 1.643848e+02 1.501000e+02 6.741440e+01 2.372655e-01 3.412121e-01
228 1.586992e+02 1.506008e+02 6.869237e+01 1.917097e-01 2.978289e-01
229 1.537960e+02 1.522720e+02 7.023967e+01 1.876387e-01 3.059572e-01
230 1.494973e+02 1.536594e+02 7.205856e+01 1.948772e-01 3.127494e-01
231 1.458510e+02 1.538608e+02 7.345232e+01 1.789218e-01 2.897560e-01
232 1.455776e+02 1.545977e+02 7.454390e+01 1.767670e-01 2.834005e-01
233 1.447886e+02 1.557856e+02 7.540313e+01 1.793776e-01 2.923328e-01
234 1.419110e+02 1.567041e+02 7.658315e+01 2.305211e-01 3.290160e-01
235 1.363866e+02 1.577409e+02 7.481849e+01 2.304979e-01 3.064967e-01
236 1.326022e+02 1.577022e+02 7.302792e+01 2.119063e-01 3.122845e-01
237 1.308821e+02 1.578899e+02 7.005970e+01 1.813990e-01 2.432850e-01
238 1.310762e+02 1.580835e+02 6.873075e+01 1.970040e-01 2.529248e-01
239 1.307674e+02 1.589410e+02 6.786560e+01 1.777378e-01 2.134445e-01
240 1.312347e+02 1.590829e+02 6.672859e+01 1.945094e-01 2.244044e-01
241 1.319812e+02 1.589725e+02 6.616700e+01 1.946004e-01 2.182573e-01
242 1.343265e+02 1.590709e+02 6.597929e+01 1.878064e-01 2.159215e-01
243 1.356075e+02 1.592845e+02 6.545987e+01 1.710973e-01 2.133855e-01
244 1.385114e+02 1.595851e+02 6.446118e+01 2.111029e-01 2.926711e-01
245 1.395470e+02 1.600395e+02 6.281158e+01 1.869359e-01 2.500813e-01
246 1.413189e+02 1.609398e+02 6.042567e+01 1.757980e-01 2.295913e-01
247 1.421478e+02 1.616686e+02 5.768047e+01 1.994924e-01 2.474814e-01
248 1.432596e+02 1.624398e+02 5.565616e+01 2.627712e-01 2.914816e-01
249 1.430125e+02 1.633519e+02 5.392779e+01 2.811006e-01 2.775630e-01
250 1.410458e+02 1.650858e+02 5.213969e+01 3.153922e-01 2.791350e-01
251 1.367374e+02 1.666214e+02 5.067041e+01 4.659269e-01 3.482991e-01
252 1.352928e+02 1.677202e+02 4.935865e+01 5.107773e-01 3.593103e-01
253 1.341830e+02 1.688630e+02 4.810905e+01 5.077332e-01 3.510764e-01
254 1.308565e+02 1.707141e+02 4.644223e+01 5.687908e-01 3.477772e-01
255 1.290196e+02 1.711790e+02 4.479958e+01 8.153489e-01 3.750389e-01
256 1.270505e+02 1.715493e+02 4.319244e+01 1.009019e+00 3.954307e-01
257 1.326480e+02 1.588292e+02 4.366082e+01 6.924068e-01 3.948400e-01
258 1.338994e+02 1.512745e+02 4.304289e+01 5.205520e-01 2.828852e-01
259 1.334638e+02 1.479092e+02 4.201376e+01 6.419133e-01 3.740983e-01
260 1.310221e+02 1.460681e+02 4.094189e+01 6.290185e-01 3.787340e-01
261 1.321366e+02 1.445864e+02 3.968730e+01 6.030626e-01 3.269294e-01
262 1.363338e+02 1.423141e+02 3.859110e+01 6.789774e-01 3.510200e-01
263 1.383144e+02 1.392520e+02 3.770073e+01 8.051307e-01 4.075712e-01
264 1.428346e+02 1.364911e+02 3.666087e+01 8.294637e-01 3.788707e-01
265 1.481446e+02 1.331213e+02 3.573504e+01 9.517175e-01 4.218422e-01
266 1.529937e+02 1.306207e+02 3.408400e+01 1.435400e+00 5.789247e-01
267 1.603407e+02 1.286797e+02 3.116762e+01 2.063659e+00 5.707858e-01
268 1.649257e+02 1.273195e+02 2.907986e+01 2.433244e+00 5.067405e-01
269 1.682265e+02 1.248578e+02 2.756600e+01 2.656187e+00 4.859432e-01
270 1.715700e+02 1.223342e+02 2.612587e+01 2.866132e+00 4.514190e-01
271 1.738627e+02 1.198079e+02 2.492672e+01 3.016905e+00 4.135099e-01
272 1.775933e+02 1.166509e+02 2.356713e+01 3.101630e+00 4.004259e-01
273 1.819945e+02 1.144432e+02 2.186900e+01 3.127267e+00 3.742851e-01
274 1.835998e+02 1.128468e+02 2.060628e+01 3.192772e+00 3.502610e-01
275 1.832156e+02 1.121649e+02 1.945332e+01 3.315010e+00 3.163301e-01
276 1.836158e+02 1.103653e+02 1.766618e+01 3.632986e+00 2.703581e-01
277 1.811148e+02 1.085631e+02 1.742717e+01 3.717610e+00 2.774739e-01
278 1.797214e+02 1.070280e+02 1.587609e+01 3.979179e+00 2.554724e-01
279 1.777666e+02 1.059903e+02 1.450871e+01 4.386686e+00 2.324122e-01
280 1.759384e+02 1.046937e+02 1.386331e+01 4.405482e+00 2.213140e-01
281 1.739510e+02 1.034149e+02 1.354148e+01 4.441461e+00 2.209976e-01
282 1.713473e+02 1.025143e+02 1.326693e+01 4.978084e+00 2.197673e-01
283 1.694014e+02 1.012454e+02 1.286213e+01 5.251237e+00 2.152797e-01
284 1.672079e+02 1.001355e+02 1.224773e+01 5.578087e+00 2.018290e-01
285 1.660774e+02 9.854171e+01 1.148432e+01 5.767357e+00 1.906422e-01
286 1.661886e+02 9.707684e+01 1.036552e+01 6.168724e+00 1.696969e-01
287 1.629230e+02 9.630505e+01 1.145030e+01 5.767984e+00 1.858038e-01
288 1.612973e+02 9.588390e+01 1.200333e+01 5.708033e+00 1.918637e-01
289 1.603809e+02 9.573925e+01 1.357805e+01 5.086447e+00 2.057094e-01
290 1.593045e+02 9.534132e+01 1.495901e+01 4.794079e+00 2.279480e-01
291 1.593471e+02 9.416591e+01 1.577825e+01 4.678499e+00 2.397738e-01
292 1.588114e+02 9.360033e+01 1.668300e+01 4.521930e+00 2.501161e-01
293 1.583178e+02 9.295964e+01 1.808610e+01 4.174197e+00 2.669385e-01
294 1.575831e+02 9.274764e+01 1.939118e+01 3.960772e+00 2.726905e-01
295 1.584420e+02 9.223109e+01 2.158615e+01 3.504215e+00 3.125003e-01
296 1.596595e+02 9.168148e+01 2.298433e+01 3.249916e+00 3.235879e-01
297 1.614742e+02 9.191141e+01 2.416841e+01 2.877824e+00 3.343692e-01
298 1.632832e+02 9.254981e+01 2.567898e+01 2.524398e+00 3.408565e-01
299 1.642256e+02 9.217732e+01 2.714870e+01 2.406276e+00 3.628302e-01
300 1.660481e+02 9.234810e+01 2.747611e+01 2.371010e+00 3.547397e-01
301 1.673684e+02 9.208297e+01 2.764697e+01 2.274624e+00 3.537487e-01
302 1.683596e+02 9.209829e+01 2.746687e+01 2.162278e+00 3.523273e-01
303 1.698771e+02 9.191322e+01 2.812560e+01 1.988454e+00 3.625780e-01
304 1.710098e+02 9.109650e+01 2.735515e+01 2.042956e+00 3.333238e-01
305 1.698976e+02 8.897170e+01 2.812801e+01 1.996107e+00 3.136029e-01
306 1.681609e+02 8.800947e+01 2.883692e+01 1.833936e+00 2.857554e-01
307 1.665731e+02 8.868631e+01 2.808929e+01 1.897559e+00 2.837610e-01
308 1.649878e+02 9.031446e+01 2.647451e+01 2.099646e+00 2.866274e-01
309 1.623031e+02 9.065911e+01 2.522977e+01 2.306186e+00 3.034959e-01
310 1.600977e+02 9.033264e+01 2.388598e+01 2.486588e+00 3.095474e-01
311 1.569099e+02 8.881567e+01 2.356669e+01 2.665268e+00 3.358688e-01
312 1.552498e+02 8.965258e+01 2.226214e+01 2.699082e+00 3.073218e-01
313 1.561640e+02 9.089289e+01 2.126039e+01 2.751995e+00 2.887816e-01
314 1.572419e+02 9.127296e+01 2.036613e+01 2.934931e+00 2.789157e-01
315 1.579104e+02 9.186660e+01 1.995413e+01 3.051667e+00 2.710036e-01
316 1.582142e+02 9.192109e+01 1.882957e+01 3.308572e+00 2.546906e-01
317 1.575807e+02 9.190604e+01 1.892119e+01 3.228796e+00 2.634395e-01
318 1.554252e+02 9.172482e+01 2.011950e+01 3.108779e+00 2.841986e-01
319 1.460388e+02 8.788188e+01 2.243858e+01 3.235603e+00 3.342539e-01
320 1.430813e+02 8.532942e+01 2.168878e+01 3.450031e+00 3.304154e-01
321 1.425361e+02 8.496453e+01 2.297203e+01 3.617134e+00 3.487543e-01
322 1.451750e+02 8.611461e+01 2.282192e+01 3.720283e+00 3.464754e-01
323 1.474607e+02 8.799767e+01 2.122595e+01 3.846510e+00 3.211258e-01
324 1.508618e+02 9.014032e+01 1.947377e+01 3.886535e+00 2.803088e-01
325 1.522489e+02 9.128781e+01 1.804225e+01 4.030123e+00 2.551092e-01
326 1.530454e+02 9.258568e+01 1.746556e+01 3.964505e+00 2.384469e-01
327 1.511695e+02 8.971318e+01 1.810706e+01 3.899511e+00 2.568610e-01
328 1.492545e+02 8.983845e+01 1.799137e+01 3.685932e+00 2.536212e-01
329 1.475997e+02 9.169596e+01 1.818856e+01 3.475883e+00 2.431211e-01
330 1.451805e+02 9.143668e+01 1.812463e+01 3.412293e+00 2.437683e-01
331 1.438581e+02 8.758447e+01 1.853475e+01 3.378164e+00 2.635167e-01
332 1.417549e+02 8.467442e+01 1.906137e+01 3.296391e+00 2.704562e-01
333 1.393535e+02 8.538483e+01 1.888487e+01 3.404724e+00 2.723416e-01
334 1.357994e+02 8.932431e+01 1.857941e+01 3.297794e+00 2.470103e-01
335 1.304430e+02 1.008176e+02 1.831663e+01 2.830477e+00 1.897156e-01
336 1.266327e+02 1.040679e+02 1.874710e+01 2.631886e+00 1.766120e-01
337 1.261634e+02 1.013120e+02 1.867893e+01 2.728461e+00 1.933771e-01
338 1.352476e+02 1.020113e+02 2.047113e+01 2.490135e+00 2.149417e-01
339 1.411504e+02 9.733269e+01 2.062747e+01 2.704724e+00 2.468339e-01
340 1.493710e+02 9.424738e+01 2.050784e+01 3.002360e+00 2.658937e-01
341 1.564733e+02 9.883561e+01 2.270437e+01 2.540614e+00 2.650213e-01
342 1.602205e+02 9.880143e+01 2.392381e+01 2.437853e+00 2.754619e-01
343 1.618843e+02 9.799297e+01 2.473291e+01 2.145659e+00 1.903558e-01
344 1.591760e+02 9.733586e+01 2.574099e+01 1.840076e+00 1.007593e-01
345 1.530861e+02 9.604439e+01 2.677032e+01 1.646281e+00 4.587302e-02
346 1.467760e+02 9.553610e+01 2.704034e+01 1.590953e+00 9.375963e-03
347 1.405460e+02 9.155217e+01 2.856738e+01 1.647985e+00 6.036284e-03
348 1.340912e+02 8.589881e+01 2.969312e+01 1.626979e+00 2.124698e-02
349 1.282502e+02 8.474198e+01 2.979754e+01 1.753361e+00 4.230352e-02
350 1.253888e+02 8.196414e+01 3.011008e+01 1.886548e+00 6.172715e-02
351 1.220093e+02 7.791817e+01 3.041780e+01 2.198610e+00 1.012944e-01
352 1.174157e+02 7.360223e+01 3.090177e+01 2.499793e+00 1.768985e-01
353 1.134148e+02 7.088274e+01 3.087531e+01 2.669677e+00 2.649097e-01
354 1.095077e+02 6.816516e+01 3.133334e+01 2.887062e+00 3.789715e-01
355 1.061781e+02 6.578401e+01 3.150474e+01 3.060985e+00 4.333366e-01
356 1.044747e+02 6.350603e+01 3.180754e+01 3.162572e+00 4.634882e-01
357 1.040068e+02 6.092488e+01 3.228650e+01 3.359572e+00 5.173588e-01
358 1.060229e+02 5.822640e+01 3.257987e+01 3.589891e+00 4.930295e-01
359 1.093644e+02 5.494537e+01 3.211537e+01 3.846066e+00 4.557749e-01
360 1.120856e+02 5.268356e+01 3.217955e+01 4.001754e+00 4.460183e-01
361 1.141852e+02 5.052999e+01 3.329219e+01 3.956417e+00 4.377832e-01
362 1.167997e+02 4.854201e+01 3.435100e+01 3.880141e+00 4.309195e-01
363 1.200478e+02 4.559781e+01 3.581703e+01 3.777829e+00 4.160526e-01
364 1.238501e+02 4.214509e+01 3.445715e+01 4.016535e+00 4.001822e-01
365 1.275358e+02 3.894291e+01 3.303164e+01 4.230972e+00 3.914023e-01
366 1.292402e+02 3.604101e+01 3.207181e+01 4.407736e+00 3.837257e-01
367 1.312264e+02 3.395027e+01 3.142992e+01 4.531653e+00 3.792547e-01
368 1.339647e+02 3.258168e+01 3.034723e+01 4.717150e+00 3.837084e-01
369 1.374135e+02 3.143328e+01 2.937388e+01 4.931917e+00 3.697208e-01
370 1.401117e+02 3.046334e+01 2.763450e+01 5.258312e+00 3.685980e-01
371 1.417531e+02 2.893409e+01 2.605844e+01 5.666696e+00 3.580905e-01
372 1.416080e+02 2.815243e+01 2.504139e+01 5.979896e+00 3.439851e-01
373 1.399534e+02 2.856647e+01 2.293846e+01 6.473420e+00 3.422866e-01
374 1.403094e+02 2.823873e+01 2.144024e+01 6.926194e+00 3.422659e-01
375 1.433658e+02 2.825530e+01 2.044804e+01 7.296658e+00 3.391250e-01
376 1.455264e+02 2.791411e+01 1.959030e+01 7.680058e+00 3.363023e-01
377 1.462034e+02 2.785297e+01 1.894743e+01 8.035823e+00 3.293252e-01
378 1.450131e+02 2.722471e+01 1.828085e+01 8.271810e+00 3.255661e-01
379 1.467059e+02 2.689908e+01 1.793973e+01 8.544147e+00 3.211823e-01
380 1.479003e+02 2.654030e+01 1.725911e+01 9.024918e+00 3.102115e-01
381 1.481454e+02 2.640365e+01 1.618451e+01 9.643782e+00 3.066583e-01
382 1.527987e+02 2.625808e+01 1.591626e+01 9.733048e+00 3.074967e-01
383 1.558044e+02 2.729231e+01 1.528642e+01 9.820512e+00 3.127601e-01
384 1.573108e+02 2.882852e+01 1.401578e+01 9.988095e+00 3.029271e-01
385 1.593596e+02 3.058041e+01 1.306574e+01 1.018975e+01 2.823935e-01
386 1.650949e+02 3.279989e+01 1.229653e+01 1.029142e+01 2.568719e-01
387 1.724287e+02 3.533593e+01 1.163954e+01 1.066775e+01 2.491153e-01
388 1.791731e+02 3.684532e+01 1.116509e+01 1.107287e+01 2.512144e-01
389 1.835577e+02 3.838404e+01 1.102560e+01 1.131073e+01 2.519524e-01
390 1.881894e+02 4.043912e+01 1.057779e+01 1.145409e+01 2.417193e-01
391 1.877864e+02 4.087165e+01 1.085873e+01 1.134983e+01 2.507502e-01
392 1.895437e+02 4.264514e+01 1.046476e+01 1.130998e+01 2.416526e-01
393 1.944896e+02 4.551519e+01 9.548576e+00 1.189065e+01 2.204961e-01
394 2.000312e+02 4.769708e+01 8.972652e+00 1.254546e+01 2.061125e-01
395 2.039865e+02 4.858579e+01 8.877694e+00 1.277376e+01 2.082933e-01
396 2.064265e+02 5.047798e+01 8.771406e+00 1.273609e+01 2.057995e-01
397 2.095438e+02 5.262564e+01 8.256512e+00 1.289190e+01 1.937188e-01
398 2.136051e+02 5.504631e+01 7.449279e+00 1.344541e+01 1.785993e-01
399 2.175300e+02 5.664071e+01 7.051405e+00 1.356461e+01 1.728380e-01
400 2.201299e+02 5.824477e+01 6.744504e+00 1.397029e+01 1.681338e-01
401 2.176366e+02 5.858228e+01 6.384011e+00 1.429823e+01 1.564795e-01
402 2.171169e+02 5.889903e+01 6.158858e+00 1.458128e+01 1.544112e-01
403 2.205317e+02 5.972821e+01 6.169373e+00 1.545644e+01 1.564636e-01
404 2.239476e+02 6.074039e+01 6.210889e+00 1.611753e+01 1.557157e-01
405 2.280192e+02 6.154796e+01 6.038351e+00 1.675331e+01 1.432073e-01
406 2.334920e+02 6.304230e+01 5.924663e+00 1.668856e+01 1.405110e-01
407 2.322256e+02 6.582038e+01 5.535097e+00 1.664474e+01 1.319851e-01
408 2.321407e+02 6.889399e+01 5.505361e+00 1.466007e+01 1.305667e-01
409 2.272143e+02 7.197700e+01 5.876255e+00 1.257797e+01 1.378719e-01
410 2.225716e+02 7.306225e+01 5.773274e+00 1.400829e+01 1.361837e-01
411 2.174649e+02 7.403422e+01 5.529845e+00 1.476313e+01 1.270271e-01
412 2.142565e+02 7.504700e+01 5.447566e+00 1.515013e+01 1.225701e-01
413 2.109773e+02 7.603867e+01 5.043245e+00 1.547728e+01 1.176982e-01
414 2.101205e+02 7.738585e+01 4.944067e+00 1.585294e+01 1.141686e-01
415 2.085640e+02 7.971394e+01 5.172078e+00 1.653388e+01 1.181902e-01
416 2.045514e+02 8.195540e+01 5.294148e+00 1.718370e+01 1.209797e-01
417 1.999106e+02 8.355012e+01 5.094370e+00 1.753048e+01 1.158114e-01
418 1.958019e+02 8.499556e+01 4.851906e+00 1.770576e+01 1.097303e-01
419 1.924272e+02 8.657735e+01 4.525643e+00 1.828602e+01 9.878764e-02
420 1.886444e+02 8.616552e+01 4.524174e+00 1.819878e+01 9.924917e-02
421 1.886414e+02 8.799277e+01 4.088026e+00 1.904989e+01 8.696136e-02
422 1.874840e+02 9.074791e+01 4.062539e+00 1.977835e+01 8.610810e-02
423 1.830783e+02 8.868611e+01 4.469260e+00 1.897295e+01 9.382264e-02
424 1.805761e+02 8.686649e+01 4.729080e+00 1.862172e+01 9.695697e-02
425 1.778505e+02 8.675202e+01 4.926867e+00 1.879782e+01 1.059640e-01
426 1.730965e+02 8.832375e+01 4.343447e+00 2.082943e+01 9.161968e-02
427 1.654405e+02 8.768227e+01 4.230432e+00 2.177648e+01 8.633027e-02
428 1.581286e+02 8.114152e+01 4.433370e+00 2.062361e+01 8.101325e-02
429 1.646738e+02 8.503326e+01 4.717490e+00 2.012157e+01 9.671934e-02
430 1.648198e+02 8.442776e+01 5.164608e+00 1.990472e+01 1.058863e-01
431 1.659308e+02 8.643081e+01 5.552561e+00 1.806047e+01 1.133109e-01
432 1.686920e+02 8.662667e+01 6.047942e+00 1.741412e+01 1.222830e-01
433 1.696993e+02 8.681339e+01 6.075846e+00 1.718476e+01 1.217249e-01
434 1.691278e+02 8.683711e+01 6.272531e+00 1.690919e+01 1.245285e-01
435 1.676419e+02 8.663790e+01 6.719610e+00 1.648336e+01 1.304523e-01
436 1.666027e+02 8.692132e+01 6.725802e+00 1.658425e+01 1.294276e-01
437 1.667148e+02 8.764054e+01 6.776604e+00 1.627042e+01 1.292708e-01
438 1.665317e+02 8.863813e+01 6.836278e+00 1.562073e+01 1.321328e-01
439 1.667227e+02 8.954500e+01 6.901383e+00 1.533434e+01 1.333912e-01
440 1.657875e+02 9.010577e+01 6.687332e+00 1.523854e+01 1.281255e-01
441 1.617613e+02 9.075390e+01 6.630242e+00 1.535600e+01 1.259315e-01
442 1.562077e+02 9.251394e+01 6.838726e+00 1.477660e+01 1.298913e-01
443 1.551259e+02 9.518658e+01 6.800367e+00 1.371527e+01 1.279965e-01
444 1.464377e+02 9.614829e+01 7.050857e+00 1.347724e+01 1.327713e-01
445 1.411105e+02 9.654013e+01 7.406942e+00 1.336336e+01 1.400776e-01
446 1.389331e+02 9.757574e+01 7.406926e+00 1.328101e+01 1.377031e-01
447 1.391941e+02 9.819822e+01 7.447241e+00 1.306056e+01 1.372887e-01
448 1.384502e+02 9.895743e+01 7.692398e+00 1.276975e+01 1.400435e-01
449 1.365179e+02 9.951543e+01 7.582948e+00 1.251384e+01 1.409755e-01
450 1.384624e+02 1.000169e+02 7.733988e+00 1.226045e+01 1.390693e-01
451 1.408697e+02 1.007355e+02 7.622304e+00 1.190401e+01 1.393454e-01
452 1.439991e+02 1.015023e+02 7.447538e+00 1.157366e+01 1.355857e-01
453 1.530230e+02 1.022645e+02 7.079361e+00 1.171824e+01 1.316133e-01
454 1.555635e+02 1.050179e+02 6.498033e+00 1.181141e+01 1.192892e-01
455 1.546853e+02 1.062427e+02 6.649563e+00 1.106533e+01 1.210582e-01
456 1.573978e+02 1.075373e+02 6.708680e+00 1.064252e+01 1.241958e-01
457 1.571759e+02 1.084817e+02 7.112069e+00 9.309789e+00 1.294783e-01
458 1.556295e+02 1.100763e+02 7.375265e+00 8.745821e+00 1.348292e-01
459 1.561168e+02 1.123763e+02 7.947048e+00 7.836553e+00 1.394704e-01
460 1.563535e+02 1.144146e+02 8.647601e+00 6.582981e+00 1.587777e-01
461 1.568672e+02 1.159624e+02 9.529391e+00 5.583707e+00 1.673783e-01
462 1.562645e+02 1.172619e+02 1.045943e+01 4.702230e+00 1.623176e-01
463 1.562969e+02 1.183825e+02 1.126382e+01 4.462516e+00 1.853445e-01
464 1.554840e+02 1.213064e+02 1.131103e+01 4.999068e+00 1.837964e-01
465 1.572213e+02 1.233353e+02 1.203902e+01 4.684363e+00 1.836692e-01
466 1.605915e+02 1.249131e+02 1.377751e+01 4.059822e+00 2.033700e-01
467 1.632576e+02 1.258858e+02 1.489227e+01 3.617454e+00 2.169599e-01
468 1.657084e+02 1.280188e+02 1.488297e+01 3.577273e+00 2.092187e-01
469 1.682150e+02 1.288348e+02 1.596010e+01 3.084289e+00 2.328028e-01
470 1.691356e+02 1.253846e+02 1.734917e+01 2.866485e+00 2.686005e-01
471 1.745553e+02 1.250413e+02 1.725687e+01 2.801903e+00 2.744235e-01
472 1.800700e+02 1.245828e+02 1.677881e+01 2.805703e+00 2.765724e-01
473 1.819193e+02 1.240123e+02 1.708202e+01 2.701875e+00 2.679366e-01
474 1.816366e+02 1.242257e+02 1.809827e+01 2.521809e+00 2.710767e-01
475 1.802033e+02 1.230746e+02 1.892456e+01 2.466026e+00 2.741170e-01
476 1.782576e+02 1.241156e+02 2.026018e+01 2.288247e+00 2.709231e-01
477 1.754773e+02 1.257343e+02 2.104251e+01 2.062010e+00 2.818993e-01
478 1.730582e+02 1.264760e+02 2.154462e+01 1.958190e+00 2.797749e-01
479 1.708758e+02 1.268127e+02 2.237371e+01 1.749949e+00 2.739061e-01
480 1.674831e+02 1.279029e+02 2.337105e+01 1.640585e+00 2.732879e-01
481 1.641015e+02 1.285112e+02 2.464220e+01 1.574270e+00 2.860769e-01
482 1.598069e+02 1.283001e+02 2.532128e+01 1.553708e+00 3.184419e-01
483 1.561030e+02 1.274999e+02 2.629026e+01 1.569804e+00 3.440445e-01
484 1.534112e+02 1.271930e+02 2.686288e+01 1.442809e+00 3.232066e-01
485 1.476913e+02 1.268828e+02 2.844136e+01 1.460571e+00 3.721038e-01
486 1.436579e+02 1.279661e+02 2.855501e+01 1.583527e+00 3.656734e-01
487 1.396833e+02 1.279501e+02 2.898357e+01 1.553860e+00 3.711800e-01
488 1.365821e+02 1.272960e+02 2.974577e+01 1.428535e+00 4.123062e-01
489 1.329701e+02 1.268436e+02 3.102356e+01 1.387585e+00 4.451320e-01
490 1.302269e+02 1.257945e+02 3.211180e+01 1.381550e+00 4.682583e-01
491 1.292028e+02 1.250432e+02 3.239360e+01 1.412677e+00 4.743346e-01
492 1.279251e+02 1.240979e+02 3.298415e+01 1.397769e+00 4.836571e-01
493 1.262235e+02 1.240434e+02 3.357416e+01 1.364147e+00 5.020849e-01
494 1.238512e+02 1.231760e+02 3.513183e+01 1.309421e+00 5.324332e-01
495 1.223566e+02 1.226740e+02 3.587593e+01 1.321972e+00 5.436578e-01
496 1.222778e+02 1.234267e+02 3.557379e+01 1.319352e+00 5.065063e-01
497 1.222231e+02 1.223223e+02 3.507700e+01 1.396974e+00 4.970615e-01
498 1.206786e+02 1.212263e+02 3.574207e+01 1.378208e+00 5.156821e-01
499 1.196967e+02 1.196452e+02 3.595105e+01 1.368042e+00 5.475362e-01
500 1.191802e+02 1.207797e+02 3.555850e+01 1.308773e+00 5.142989e-01
501 1.207402e+02 1.241890e+02 3.305611e+01 1.250909e+00 4.468094e-01
502 1.202348e+02 1.261470e+02 3.111646e+01 1.270080e+00 4.102903e-01
503 1.198396e+02 1.255609e+02 3.109659e+01 1.270773e+00 4.225327e-01
504 1.191457e+02 1.244233e+02 3.145957e+01 1.305905e+00 4.508629e-01
505 1.190442e+02 1.234349e+02 3.166809e+01 1.411133e+00 4.740515e-01
506 1.182066e+02 1.225929e+02 3.225383e+01 1.460543e+00 5.026036e-01
507 1.182534e+02 1.220884e+02 3.225828e+01 1.532307e+00 5.157914e-01
508 1.184741e+02 1.215576e+02 3.269312e+01 1.566605e+00 5.303248e-01
509 1.179797e+02 1.203728e+02 3.265331e+01 1.707055e+00 5.635368e-01
510 1.177744e+02 1.196468e+02 3.256933e+01 1.790290e+00 5.856298e-01
511 1.181837e+02 1.203413e+02 3.221683e+01 1.807875e+00 5.765461e-01
512 1.189933e+02 1.192859e+02 3.141393e+01 1.939390e+00 5.915406e-01
513 1.204596e+02 1.197766e+02 3.066729e+01 1.993814e+00 5.339399e-01
514 1.214291e+02 1.212790e+02 3.013217e+01 2.020318e+00 4.614051e-01
515 1.228350e+02 1.223277e+02 2.932757e+01 2.059570e+00 2.207269e-01
516 1.347539e+02 1.278950e+02 2.719741e+01 1.873326e+00 6.488358e-02
517 1.405216e+02 1.232164e+02 3.388605e+01 1.632328e+00 0.000000e+00
518 1.504085e+02 1.206951e+02 4.008080e+01 1.527042e+00 1.550597e-02
519 1.583727e+02 1.211236e+02 4.108110e+01 1.575886e+00 5.060175e-02
520 1.649911e+02 1.216461e+02 4.236121e+01 1.420216e+00 1.032163e-01
521 1.747080e+02 1.224214e+02 4.398752e+01 1.294699e+00 1.747768e-01
522 1.821017e+02 1.237298e+02 4.628629e+01 1.548459e+00 3.644612e-01
523 1.894194e+02 1.246691e+02 4.821618e+01 1.593553e+00 4.879014e-01
524 1.972271e+02 1.252899e+02 4.988448e+01 1.638808e+00 6.445173e-01
525 2.031336e+02 1.261604e+02 5.137349e+01 1.600020e+00 6.904261e-01
526 2.049775e+02 1.277692e+02 5.261119e+01 1.527995e+00 6.696914e-01
527 2.063063e+02 1.300227e+02 5.344449e+01 1.405466e+00 6.415349e-01
528 2.067800e+02 1.316486e+02 5.404987e+01 1.322588e+00 6.459283e-01
529 2.060512e+02 1.315536e+02 5.348209e+01 1.431058e+00 6.518525e-01
530 2.058358e+02 1.320965e+02 5.367306e+01 1.453718e+00 6.352812e-01
531 2.065576e+02 1.318526e+02 5.353286e+01 1.413633e+00 6.228903e-01
532 2.063097e+02 1.321765e+02 5.372661e+01 1.356694e+00 6.112882e-01
533 2.051287e+02 1.320618e+02 5.311152e+01 1.336675e+00 6.456873e-01
534 2.026284e+02 1.320387e+02 5.221533e+01 1.309336e+00 6.410272e-01
535 1.996190e+02 1.327711e+02 5.127692e+01 1.258389e+00 7.130510e-01
536 1.974792e+02 1.348708e+02 5.065559e+01 1.304617e+00 7.724406e-01
537 1.969189e+02 1.376603e+02 4.981267e+01 1.301905e+00 7.255190e-01
538 1.968873e+02 1.391701e+02 4.742627e+01 1.327475e+00 7.998314e-01
539 1.959553e+02 1.408644e+02 4.618441e+01 1.312879e+00 8.342440e-01
540 1.956671e+02 1.427612e+02 4.577623e+01 1.293353e+00 7.760722e-01
541 1.953981e+02 1.447596e+02 4.547967e+01 1.253103e+00 7.530515e-01
542 1.957457e+02 1.467394e+02 4.488786e+01 1.212396e+00 6.846113e-01
543 1.944563e+02 1.482024e+02 4.399461e+01 1.204591e+00 6.346116e-01
544 1.937095e+02 1.496781e+02 4.322162e+01 1.023621e+00 5.601394e-01
545 1.916958e+02 1.505680e+02 4.181822e+01 1.166388e+00 5.434293e-01
546 1.900980e+02 1.517081e+02 3.981060e+01 1.197806e+00 4.936514e-01
547 1.889136e+02 1.533884e+02 3.703066e+01 1.147685e+00 4.394638e-01
548 1.865073e+02 1.556743e+02 3.383356e+01 1.232862e+00 4.219235e-01
549 1.844200e+02 1.587227e+02 3.146744e+01 1.315876e+00 3.853674e-01
550 1.843823e+02 1.601745e+02 2.975659e+01 1.259751e+00 3.246482e-01
551 1.834224e+02 1.614386e+02 2.747756e+01 1.228132e+00 3.151802e-01
552 1.814871e+02 1.613739e+02 2.570498e+01 1.363530e+00 3.067224e-01
553 1.806332e+02 1.607291e+02 2.437646e+01 1.455406e+00 3.087297e-01
554 1.815431e+02 1.598563e+02 2.216149e+01 1.605426e+00 2.720804e-01
555 1.821975e+02 1.577836e+02 1.969346e+01 1.860055e+00 2.510297e-01
556 1.804476e+02 1.537875e+02 1.927905e+01 2.026690e+00 2.896758e-01
557 1.799530e+02 1.470044e+02 2.323366e+01 1.888047e+00 4.187286e-01
558 1.798951e+02 1.360841e+02 2.616460e+01 1.999310e+00 6.171874e-01
559 1.820383e+02 1.318473e+02 2.530878e+01 2.193317e+00 6.034913e-01
560 1.833932e+02 1.280060e+02 2.476292e+01 2.377792e+00 6.173148e-01
561 1.849860e+02 1.245801e+02 2.389385e+01 2.559184e+00 5.728644e-01
562 1.867447e+02 1.220269e+02 2.285256e+01 2.687461e+00 5.478990e-01
563 1.882195e+02 1.200541e+02 2.188273e+01 2.903323e+00 5.189771e-01
564 1.882124e+02 1.183354e+02 2.088778e+01 3.012038e+00 5.177706e-01
565 1.886927e+02 1.170439e+02 1.978558e+01 3.215785e+00 4.932348e-01
566 1.902235e+02 1.156543e+02 2.028892e+01 3.253036e+00 5.115940e-01
567 1.907133e+02 1.140744e+02 1.959287e+01 3.396533e+00 5.086627e-01
568 1.886516e+02 1.126019e+02 1.975757e+01 3.384388e+00 5.129386e-01
569 1.886432e+02 1.116060e+02 1.923970e+01 3.519110e+00 4.994937e-01
570 1.906624e+02 1.093131e+02 1.915030e+01 3.599092e+00 5.061546e-01
571 1.932228e+02 1.055292e+02 2.114606e+01 3.336665e+00 5.329965e-01
572 1.947744e+02 1.038501e+02 2.125855e+01 3.403460e+00 5.103206e-01
573 1.947471e+02 1.030601e+02 2.113845e+01 3.499640e+00 4.960333e-01
574 1.953112e+02 1.024978e+02 2.088588e+01 3.715670e+00 4.728437e-01
575 1.957634e+02 1.026525e+02 1.917482e+01 4.025168e+00 4.902033e-01
576 1.966031e+02 1.035386e+02 1.683448e+01 4.522307e+00 4.616336e-01
577 1.964257e+02 1.041381e+02 1.537062e+01 5.011948e+00 4.214918e-01
578 1.920813e+02 1.051674e+02 1.746898e+01 4.620731e+00 4.715413e-01
579 1.879085e+02 1.061876e+02 2.001823e+01 3.853749e+00 4.845252e-01
580 1.848595e+02 1.060108e+02 1.991538e+01 3.962778e+00 4.794055e-01
581 1.803661e+02 1.060874e+02 2.070358e+01 3.713857e+00 4.802052e-01
582 1.773101e+02 1.076944e+02 2.044186e+01 3.669828e+00 4.820150e-01
583 1.743526e+02 1.097784e+02 2.048783e+01 3.628650e+00 4.869496e-01
584 1.721337e+02 1.123722e+02 2.041021e+01 3.636472e+00 5.056978e-01
585 1.686217e+02 1.146604e+02 2.081519e+01 3.596183e+00 5.115281e-01
586 1.649519e+02 1.164993e+02 2.105530e+01 3.532466e+00 5.056233e-01
587 1.621679e+02 1.179769e+02 2.137831e+01 3.399820e+00 5.111420e-01
588 1.602919e+02 1.196238e+02 2.173063e+01 3.255627e+00 5.194918e-01
589 1.570066e+02 1.213296e+02 2.210427e+01 3.144005e+00 5.222680e-01
590 1.543571e+02 1.228118e+02 2.257895e+01 3.076755e+00 5.204611e-01
591 1.521746e+02 1.242092e+02 2.333552e+01 2.991160e+00 5.362177e-01
592 1.510505e+02 1.258218e+02 2.364512e+01 2.930454e+00 5.363465e-01
593 1.486383e+02 1.269957e+02 2.375092e+01 3.002998e+00 5.528307e-01
594 1.461344e+02 1.280075e+02 2.409395e+01 3.077193e+00 5.287482e-01
595 1.447085e+02 1.294583e+02 2.462611e+01 3.032265e+00 5.188807e-01
596 1.432941e+02 1.305601e+02 2.565493e+01 2.897751e+00 5.181292e-01
597 1.422306e+02 1.311818e+02 2.569950e+01 2.833736e+00 5.320427e-01
598 1.415014e+02 1.323993e+02 2.676512e+01 2.710888e+00 5.340104e-01
599 1.408752e+02 1.339155e+02 2.699952e+01 2.670378e+00 5.405674e-01
600 1.407986e+02 1.353524e+02 2.691450e+01 2.619830e+00 5.430406e-01
601 1.397240e+02 1.375113e+02 2.651020e+01 2.593374e+00 5.602629e-01
602 1.387721e+02 1.390377e+02 2.637632e+01 2.636268e+00 5.506657e-01
3.914347e-01 2.301535e-01
