1 2.003589e+02 1.198196e+02 4.512832e+01 1.010102e+00 8.661261e-01
2 2.005388e+02 1.179509e+02 4.512617e+01 1.009998e+00 8.702907e-01
3 2.013403e+02 1.178935e+02 4.512423e+01 1.012081e+00 8.579741e-01
4 2.008802e+02 1.173696e+02 4.512193e+01 1.013975e+00 8.628360e-01
5 1.978621e+02 1.171147e+02 4.512040e+01 1.005917e+00 8.468511e-01
6 1.981350e+02 1.166154e+02 4.512633e+01 1.004017e+00 8.906951e-01
7 2.021572e+02 1.170616e+02 4.510734e+01 1.004078e+00 9.622256e-01
8 2.018734e+02 1.165402e+02 4.512505e+01 9.996994e-01 9.747941e-01
9 2.019999e+02 1.185868e+02 4.511861e+01 9.811610e-01 9.333782e-01
10 2.000993e+02 1.197915e+02 4.514822e+01 9.837082e-01 9.246143e-01
11 1.983574e+02 1.217505e+02 4.510715e+01 9.793653e-01 8.792830e-01
12 1.990200e+02 1.213252e+02 4.507109e+01 9.487443e-01 9.192233e-01
13 1.997257e+02 1.225458e+02 4.513092e+01 9.335150e-01 9.001173e-01
14 1.985565e+02 1.238272e+02 4.520022e+01 9.172421e-01 9.005129e-01
15 1.981324e+02 1.243689e+02 4.528724e+01 8.668442e-01 8.443145e-01
16 1.968319e+02 1.259505e+02 4.525808e+01 8.668923e-01 8.400118e-01
17 1.945934e+02 1.266889e+02 4.521008e+01 8.783165e-01 8.033765e-01
18 1.948145e+02 1.284073e+02 4.524307e+01 8.652046e-01 8.121382e-01
19 1.976277e+02 1.309542e+02 4.518099e+01 9.084797e-01 7.817890e-01
20 1.963848e+02 1.272909e+02 4.514152e+01 9.412089e-01 8.844645e-01
21 1.967752e+02 1.297002e+02 4.534984e+01 8.692964e-01 8.293954e-01
22 1.953339e+02 1.313869e+02 4.549384e+01 7.799094e-01 7.556933e-01
23 1.954050e+02 1.299789e+02 4.553886e+01 7.781390e-01 7.658776e-01
24 1.950009e+02 1.285733e+02 4.557153e+01 7.944451e-01 7.786547e-01
25 1.954673e+02 1.302723e+02 4.563353e+01 8.112380e-01 7.893929e-01
26 1.931507e+02 1.309725e+02 4.567766e+01 8.080950e-01 7.890301e-01
27 1.930647e+02 1.340784e+02 4.572341e+01 7.899161e-01 7.770023e-01
28 1.917494e+02 1.344286e+02 4.575134e+01 7.943740e-01 7.585590e-01
29 1.926896e+02 1.341561e+02 4.575344e+01 7.807643e-01 7.608387e-01
30 1.927651e+02 1.326884e+02 4.584737e+01 7.735555e-01 7.553614e-01
31 1.932177e+02 1.294305e+02 4.594406e+01 7.794047e-01 7.629331e-01
32 1.912588e+02 1.301255e+02 4.602736e+01 7.785927e-01 7.783802e-01
33 1.921061e+02 1.350068e+02 4.612057e+01 7.610318e-01 7.254821e-01
34 1.902017e+02 1.357323e+02 4.617979e+01 7.247951e-01 7.027787e-01
35 1.871106e+02 1.365728e+02 4.620555e+01 6.941552e-01 6.386201e-01
36 1.848618e+02 1.337186e+02 4.622736e+01 6.564808e-01 5.949315e-01
37 1.847814e+02 1.309201e+02 4.625537e+01 6.070718e-01 5.473682e-01
38 1.871246e+02 1.301732e+02 4.629083e+01 5.822653e-01 5.649588e-01
39 1.865390e+02 1.309288e+02 4.631147e+01 5.460764e-01 5.284338e-01
40 1.862559e+02 1.347912e+02 4.628177e+01 5.450790e-01 5.208016e-01
41 1.866583e+02 1.360286e+02 4.631723e+01 5.388446e-01 5.205534e-01
42 1.873346e+02 1.335146e+02 4.629222e+01 5.386151e-01 5.202033e-01
43 1.868514e+02 1.328655e+02 4.627704e+01 5.324688e-01 5.081832e-01
44 1.862853e+02 1.326165e+02 4.629351e+01 5.195494e-01 4.944810e-01
45 1.893423e+02 1.347562e+02 4.633886e+01 4.972936e-01 4.956163e-01
46 1.850926e+02 1.408054e+02 4.629794e+01 4.863878e-01 4.429671e-01
47 1.794082e+02 1.420157e+02 4.635072e+01 4.608246e-01 3.737578e-01
48 1.886999e+02 1.388101e+02 4.618370e+01 4.557138e-01 4.617075e-01
49 1.934802e+02 1.335992e+02 4.613422e+01 4.726605e-01 4.374519e-01
50 1.901915e+02 1.355942e+02 4.619846e+01 4.843776e-01 4.775379e-01
51 1.904007e+02 1.342400e+02 4.621443e+01 5.056959e-01 4.888319e-01
52 1.857214e+02 1.358712e+02 4.627200e+01 5.191432e-01 4.952189e-01
53 1.818054e+02 1.337675e+02 4.632575e+01 5.388568e-01 4.777113e-01
54 1.848113e+02 1.367019e+02 4.640665e+01 5.552929e-01 5.322157e-01
55 1.860226e+02 1.369258e+02 4.651317e+01 5.773767e-01 5.751533e-01
56 1.884057e+02 1.384710e+02 4.657898e+01 5.990181e-01 5.859877e-01
57 1.852203e+02 1.365110e+02 4.660460e+01 6.159490e-01 6.113958e-01
58 1.834993e+02 1.378143e+02 4.667315e+01 6.354508e-01 6.341961e-01
59 1.817842e+02 1.394634e+02 4.674659e+01 6.643927e-01 6.365230e-01
60 1.794292e+02 1.400634e+02 4.674611e+01 6.766560e-01 6.061303e-01
61 1.787310e+02 1.397912e+02 4.676067e+01 7.132879e-01 6.386796e-01
62 1.788889e+02 1.370003e+02 4.682343e+01 7.487341e-01 7.128979e-01
63 1.792945e+02 1.331598e+02 4.689332e+01 7.856852e-01 8.082499e-01
64 1.779747e+02 1.322623e+02 4.690431e+01 8.111501e-01 8.063788e-01
65 1.749040e+02 1.318663e+02 4.689967e+01 8.237584e-01 8.730175e-01
66 1.757624e+02 1.355555e+02 4.680586e+01 8.196062e-01 7.490809e-01
67 1.734481e+02 1.373002e+02 4.679688e+01 8.251179e-01 6.920555e-01
68 1.717007e+02 1.342063e+02 4.686081e+01 8.336995e-01 6.595499e-01
69 1.656645e+02 1.332450e+02 4.684199e+01 8.289080e-01 6.523818e-01
70 1.595260e+02 1.342392e+02 4.696431e+01 8.757553e-01 7.072319e-01
71 1.528945e+02 1.356685e+02 4.700484e+01 8.762011e-01 7.742838e-01
72 1.525448e+02 1.377924e+02 4.712728e+01 9.054156e-01 7.184553e-01
73 1.484192e+02 1.381764e+02 4.721972e+01 9.067349e-01 6.701651e-01
74 1.439063e+02 1.407376e+02 4.719543e+01 9.192469e-01 7.243330e-01
75 1.405457e+02 1.445519e+02 4.693212e+01 9.634189e-01 7.584306e-01
76 1.380722e+02 1.491724e+02 4.681114e+01 9.861948e-01 7.447909e-01
77 1.388392e+02 1.498867e+02 4.680224e+01 1.008307e+00 6.662190e-01
78 1.358515e+02 1.507825e+02 4.691989e+01 1.039613e+00 6.676348e-01
79 1.308399e+02 1.545191e+02 4.670277e+01 1.128413e+00 6.445724e-01
80 1.295966e+02 1.474402e+02 4.669652e+01 1.214164e+00 7.427432e-01
81 1.278223e+02 1.408792e+02 4.673217e+01 1.272763e+00 8.280365e-01
82 1.274821e+02 1.336952e+02 4.676008e+01 1.330236e+00 8.748556e-01
83 1.289763e+02 1.272267e+02 4.680517e+01 1.360446e+00 8.841075e-01
84 1.299018e+02 1.284874e+02 4.686991e+01 1.387003e+00 7.967775e-01
85 1.325144e+02 1.231874e+02 4.682386e+01 1.463280e+00 7.834421e-01
86 1.368042e+02 1.159854e+02 4.678345e+01 1.543182e+00 7.734647e-01
87 1.396608e+02 1.128852e+02 4.683239e+01 1.549840e+00 7.661955e-01
88 1.418935e+02 1.088579e+02 4.680918e+01 1.594969e+00 7.479398e-01
89 1.426292e+02 1.064624e+02 4.683442e+01 1.593505e+00 7.512749e-01
90 1.447197e+02 1.027405e+02 4.683316e+01 1.609542e+00 7.528803e-01
91 1.471101e+02 9.822835e+01 4.692868e+01 1.523604e+00 7.937273e-01
92 1.455205e+02 1.000360e+02 4.697510e+01 1.481452e+00 8.286061e-01
93 1.424494e+02 1.072994e+02 4.709164e+01 1.357584e+00 8.188249e-01
94 1.466410e+02 1.061627e+02 4.709014e+01 1.316749e+00 8.297530e-01
95 1.511109e+02 1.029257e+02 4.709781e+01 1.289312e+00 7.860543e-01
96 1.542703e+02 1.086588e+02 4.714358e+01 1.251896e+00 7.763115e-01
97 1.562486e+02 1.095867e+02 4.713834e+01 1.233611e+00 7.318604e-01
98 1.566063e+02 1.068858e+02 4.712231e+01 1.221215e+00 7.136489e-01
99 1.555524e+02 1.099276e+02 4.711392e+01 1.209841e+00 7.419838e-01
100 1.541330e+02 1.115173e+02 4.711829e+01 1.223821e+00 7.473857e-01
101 1.521222e+02 1.149540e+02 4.712719e+01 1.233703e+00 7.377033e-01
102 1.498192e+02 1.171057e+02 4.713729e+01 1.260335e+00 7.383763e-01
103 1.536460e+02 1.173893e+02 4.715143e+01 1.280509e+00 7.083860e-01
104 1.566230e+02 1.154613e+02 4.715878e+01 1.264279e+00 6.295864e-01
105 1.535084e+02 1.161398e+02 4.719809e+01 1.301052e+00 6.923342e-01
106 1.514674e+02 1.171442e+02 4.723133e+01 1.357209e+00 6.989597e-01
107 1.479964e+02 1.184069e+02 4.727197e+01 1.382984e+00 6.909272e-01
108 1.493108e+02 1.179804e+02 4.733336e+01 1.394903e+00 6.786570e-01
109 1.479019e+02 1.146866e+02 4.738858e+01 1.430945e+00 7.054664e-01
110 1.442234e+02 1.134520e+02 4.742156e+01 1.437509e+00 7.002548e-01
111 1.476797e+02 1.157301e+02 4.751786e+01 1.399869e+00 6.456079e-01
112 1.511162e+02 1.112109e+02 4.760755e+01 1.353696e+00 6.650500e-01
113 1.532254e+02 1.077613e+02 4.768620e+01 1.342038e+00 6.317924e-01
114 1.496575e+02 1.005647e+02 4.777209e+01 1.321158e+00 6.281696e-01
115 1.467588e+02 1.061606e+02 4.782266e+01 1.294449e+00 6.553339e-01
116 1.506684e+02 1.117320e+02 4.793839e+01 1.284808e+00 6.270622e-01
117 1.528360e+02 1.085539e+02 4.803035e+01 1.265463e+00 6.372093e-01
118 1.540665e+02 1.070049e+02 4.811701e+01 1.253666e+00 6.487840e-01
119 1.561989e+02 1.056696e+02 4.819474e+01 1.270984e+00 6.422431e-01
120 1.596502e+02 9.805649e+01 4.826665e+01 1.257016e+00 6.312265e-01
121 1.619517e+02 9.301182e+01 4.833870e+01 1.218729e+00 5.646934e-01
122 1.648501e+02 9.529979e+01 4.838019e+01 1.184305e+00 5.791663e-01
123 1.663058e+02 9.563775e+01 4.842603e+01 1.107242e+00 5.417883e-01
124 1.700377e+02 1.018657e+02 4.844581e+01 9.638965e-01 4.666133e-01
125 1.752772e+02 1.104520e+02 4.846320e+01 8.110230e-01 3.593922e-01
126 1.794126e+02 1.132256e+02 4.853055e+01 7.676164e-01 3.116766e-01
127 1.814933e+02 1.143624e+02 4.866166e+01 7.179181e-01 2.758146e-01
128 1.834611e+02 1.124163e+02 4.878584e+01 6.982150e-01 2.428106e-01
129 1.778136e+02 1.115093e+02 4.896557e+01 7.567772e-01 2.998828e-01
130 1.704231e+02 1.138483e+02 4.882753e+01 6.261746e-01 2.896533e-01
131 1.674377e+02 1.136374e+02 4.887448e+01 5.533930e-01 2.565190e-01
132 1.713432e+02 1.261362e+02 4.903619e+01 4.760540e-01 2.018369e-01
133 1.712736e+02 1.297424e+02 4.925321e+01 5.557764e-01 2.307365e-01
134 1.691661e+02 1.370735e+02 4.937100e+01 4.726405e-01 1.994033e-01
135 1.697097e+02 1.320451e+02 4.963471e+01 7.048999e-01 2.888676e-01
136 1.641277e+02 1.315154e+02 5.001836e+01 9.784980e-01 4.493508e-01
137 1.560740e+02 1.314354e+02 5.029998e+01 1.115323e+00 4.756449e-01
138 1.543716e+02 1.243367e+02 5.046061e+01 1.159146e+00 5.349378e-01
139 1.570344e+02 1.178132e+02 5.060453e+01 1.171919e+00 5.440102e-01
140 1.611263e+02 1.155902e+02 5.075414e+01 1.178349e+00 5.070328e-01
141 1.613950e+02 1.155783e+02 5.088331e+01 1.192178e+00 4.909935e-01
142 1.624628e+02 1.144623e+02 5.102305e+01 1.201864e+00 4.858189e-01
143 1.599100e+02 1.133486e+02 5.115247e+01 1.208046e+00 4.966629e-01
144 1.578263e+02 1.120896e+02 5.127236e+01 1.210241e+00 4.284344e-01
145 1.519102e+02 1.110026e+02 5.138282e+01 1.206112e+00 4.190033e-01
146 1.477711e+02 1.031443e+02 5.153891e+01 1.212027e+00 4.634379e-01
147 1.431670e+02 9.548042e+01 5.169447e+01 1.189742e+00 4.978359e-01
148 1.365348e+02 9.450276e+01 5.184140e+01 1.144788e+00 4.990153e-01
149 1.314740e+02 9.236825e+01 5.199576e+01 1.133168e+00 5.036180e-01
150 1.306837e+02 8.357986e+01 5.209089e+01 1.088693e+00 5.398947e-01
151 1.281698e+02 7.483002e+01 5.225040e+01 1.072609e+00 5.830293e-01
152 1.246903e+02 6.829019e+01 5.233154e+01 1.048581e+00 5.868394e-01
153 1.234826e+02 7.517751e+01 5.231941e+01 1.038317e+00 5.516154e-01
154 1.188224e+02 7.866534e+01 5.237762e+01 1.001406e+00 5.687575e-01
155 1.174501e+02 7.354589e+01 5.267431e+01 9.542424e-01 5.643730e-01
156 1.151250e+02 7.684811e+01 5.279168e+01 9.834490e-01 5.858941e-01
157 1.105569e+02 8.322080e+01 5.294201e+01 9.738867e-01 5.936195e-01
158 1.094244e+02 8.026368e+01 5.285120e+01 1.028543e+00 6.469076e-01
159 1.083665e+02 7.808654e+01 5.279102e+01 1.076918e+00 6.755860e-01
160 1.053782e+02 7.852406e+01 5.284231e+01 1.080689e+00 7.146493e-01
161 1.021414e+02 7.829311e+01 5.278967e+01 1.121331e+00 7.881116e-01
162 9.756242e+01 7.927718e+01 5.273747e+01 1.148451e+00 8.712385e-01
163 9.601425e+01 7.874117e+01 5.279263e+01 1.148394e+00 9.105919e-01
164 9.120341e+01 8.168428e+01 5.282774e+01 1.171873e+00 9.167256e-01
165 9.063783e+01 8.079893e+01 5.285246e+01 1.185993e+00 9.222690e-01
166 8.951216e+01 8.313251e+01 5.290484e+01 1.200318e+00 8.628995e-01
167 8.864232e+01 8.546889e+01 5.294079e+01 1.203960e+00 8.456022e-01
168 9.020041e+01 8.666379e+01 5.297698e+01 1.212536e+00 8.799412e-01
169 9.058555e+01 8.560337e+01 5.301247e+01 1.208963e+00 8.674017e-01
170 9.195148e+01 8.825675e+01 5.305810e+01 1.140691e+00 8.637922e-01
171 8.969216e+01 9.285570e+01 5.312011e+01 1.104472e+00 8.667224e-01
172 8.338126e+01 9.436434e+01 5.314661e+01 1.095798e+00 7.648027e-01
173 8.314945e+01 9.152969e+01 5.316187e+01 1.121225e+00 7.719648e-01
174 8.723852e+01 8.990545e+01 5.317250e+01 1.094129e+00 8.313464e-01
175 9.117487e+01 8.951498e+01 5.320282e+01 1.032729e+00 8.035726e-01
176 9.085782e+01 9.710574e+01 5.323108e+01 9.458291e-01 7.881737e-01
177 8.569421e+01 9.940042e+01 5.325921e+01 9.105779e-01 8.349139e-01
178 8.359178e+01 9.669943e+01 5.329250e+01 8.956291e-01 8.919479e-01
179 8.301053e+01 9.671141e+01 5.332532e+01 8.856246e-01 8.710314e-01
180 8.157058e+01 9.580868e+01 5.333906e+01 8.685565e-01 8.550758e-01
181 8.082542e+01 9.900286e+01 5.334689e+01 8.496336e-01 7.878543e-01
182 7.855306e+01 1.015898e+02 5.337763e+01 8.228806e-01 7.508822e-01
183 7.804624e+01 1.024641e+02 5.341501e+01 7.937462e-01 7.777503e-01
184 7.612924e+01 1.011871e+02 5.343791e+01 7.633812e-01 6.670283e-01
185 8.024030e+01 1.007993e+02 5.346156e+01 7.473985e-01 5.255354e-01
186 9.038446e+01 9.908161e+01 5.354100e+01 7.366728e-01 3.943763e-01
187 1.032368e+02 1.012836e+02 5.359822e+01 7.528131e-01 3.014154e-01
188 1.225038e+02 1.056543e+02 5.365199e+01 7.557360e-01 4.287260e-01
189 1.405035e+02 1.112526e+02 5.370527e+01 7.541118e-01 1.287421e-01
190 1.529575e+02 1.135649e+02 5.375618e+01 7.522373e-01 2.513740e-01
191 1.758855e+02 1.312914e+02 5.379847e+01 7.407409e-01 6.828523e-01
192 1.885221e+02 1.417845e+02 5.384574e+01 7.319718e-01 5.813927e-01
193 1.915044e+02 1.462727e+02 5.391598e+01 7.196108e-01 4.845734e-01
194 1.796758e+02 1.467547e+02 5.399170e+01 7.353225e-01 6.537147e-01
195 1.766460e+02 1.463625e+02 5.405933e+01 7.535410e-01 6.439268e-01
196 1.794748e+02 1.406134e+02 5.412322e+01 7.657790e-01 7.771213e-01
197 1.809808e+02 1.406390e+02 5.418879e+01 7.764140e-01 7.855102e-01
198 1.850072e+02 1.393010e+02 5.425346e+01 7.851964e-01 7.725399e-01
199 1.873896e+02 1.382571e+02 5.431789e+01 7.988711e-01 7.525239e-01
200 1.899708e+02 1.417854e+02 5.437881e+01 8.101289e-01 7.878698e-01
201 1.912425e+02 1.450101e+02 5.443655e+01 8.333503e-01 7.558146e-01
202 1.903393e+02 1.456404e+02 5.449407e+01 8.419420e-01 7.565338e-01
203 1.915817e+02 1.451365e+02 5.455677e+01 8.480488e-01 7.638540e-01
204 1.937476e+02 1.472022e+02 5.461617e+01 8.408280e-01 7.174808e-01
205 1.934266e+02 1.432810e+02 5.466980e+01 8.425785e-01 7.945166e-01
206 1.980442e+02 1.402310e+02 5.472789e+01 8.212472e-01 7.634810e-01
207 1.996908e+02 1.390314e+02 5.476180e+01 8.122536e-01 7.597195e-01
208 1.987503e+02 1.378979e+02 5.480473e+01 8.076323e-01 7.807671e-01
209 1.984290e+02 1.382198e+02 5.485068e+01 7.751525e-01 7.697783e-01
210 1.982677e+02 1.405326e+02 5.491058e+01 7.819849e-01 7.354322e-01
211 1.979884e+02 1.367965e+02 5.501035e+01 7.954488e-01 8.235313e-01
212 1.967233e+02 1.363479e+02 5.517836e+01 8.360071e-01 7.833421e-01
213 1.980890e+02 1.329619e+02 5.525653e+01 8.245843e-01 8.634017e-01
214 2.009514e+02 1.328857e+02 5.527559e+01 7.890010e-01 8.546327e-01
215 2.020791e+02 1.368565e+02 5.524150e+01 7.119139e-01 7.777137e-01
216 2.018665e+02 1.348586e+02 5.527247e+01 6.947955e-01 7.939059e-01
217 2.000454e+02 1.337650e+02 5.531136e+01 6.756736e-01 8.037828e-01
218 1.974281e+02 1.347959e+02 5.535830e+01 6.504939e-01 8.228911e-01
219 1.982865e+02 1.343343e+02 5.540544e+01 6.270516e-01 7.597769e-01
220 1.991701e+02 1.365086e+02 5.545556e+01 5.959529e-01 5.978930e-01
221 1.944292e+02 1.378552e+02 5.552734e+01 5.957012e-01 5.869122e-01
222 1.866338e+02 1.361718e+02 5.558955e+01 5.891135e-01 6.215272e-01
223 1.798754e+02 1.329627e+02 5.565039e+01 5.805945e-01 6.490491e-01
224 1.728510e+02 1.343439e+02 5.573606e+01 5.762162e-01 6.921685e-01
225 1.683644e+02 1.376631e+02 5.578827e+01 5.352713e-01 6.617123e-01
226 1.632608e+02 1.371954e+02 5.584884e+01 4.922794e-01 6.185983e-01
227 1.627730e+02 1.336554e+02 5.591146e+01 4.987400e-01 6.173804e-01
228 1.595802e+02 1.336594e+02 5.600462e+01 4.698679e-01 5.951329e-01
229 1.556817e+02 1.345134e+02 5.609320e+01 4.473058e-01 5.824659e-01
230 1.548703e+02 1.381831e+02 5.615802e+01 4.433609e-01 5.545223e-01
231 1.560906e+02 1.400277e+02 5.621391e+01 4.419217e-01 5.477127e-01
232 1.568611e+02 1.462388e+02 5.625733e+01 3.997634e-01 4.836927e-01
233 1.530961e+02 1.506123e+02 5.623905e+01 3.179885e-01 3.865177e-01
234 1.503915e+02 1.531352e+02 5.628982e+01 2.673618e-01 3.268847e-01
235 1.450290e+02 1.543380e+02 5.636183e+01 2.355500e-01 2.689449e-01
236 1.471239e+02 1.555897e+02 5.644880e+01 2.087250e-01 2.522628e-01
237 1.491149e+02 1.571913e+02 5.655372e+01 1.840475e-01 2.206167e-01
238 1.477786e+02 1.581451e+02 5.665384e+01 1.804725e-01 2.133081e-01
239 1.463973e+02 1.580079e+02 5.672550e+01 2.095680e-01 2.355482e-01
240 1.469769e+02 1.574866e+02 5.681268e+01 2.328691e-01 2.649277e-01
241 1.471440e+02 1.566715e+02 5.690056e+01 2.421080e-01 2.716561e-01
242 1.483208e+02 1.573182e+02 5.699720e+01 2.483907e-01 2.792157e-01
243 1.487737e+02 1.563014e+02 5.710279e+01 2.555915e-01 3.111814e-01
244 1.471279e+02 1.564655e+02 5.721133e+01 2.691901e-01 3.312291e-01
245 1.449145e+02 1.570796e+02 5.731312e+01 2.709514e-01 3.307458e-01
246 1.461255e+02 1.573973e+02 5.739832e+01 2.706184e-01 3.357195e-01
247 1.429567e+02 1.585169e+02 5.750135e+01 2.901066e-01 3.587757e-01
248 1.383910e+02 1.578773e+02 5.758987e+01 3.029898e-01 3.628345e-01
249 1.390315e+02 1.613186e+02 5.769661e+01 3.071987e-01 3.559300e-01
250 1.360334e+02 1.657744e+02 5.778022e+01 2.685296e-01 2.978132e-01
251 1.234433e+02 1.720521e+02 5.779871e+01 2.337819e-01 2.719498e-01
252 1.172408e+02 1.743348e+02 5.791110e+01 1.999733e-01 2.309554e-01
253 1.150855e+02 1.746423e+02 5.800000e+01 1.791250e-01 2.062568e-01
254 1.119211e+02 1.775194e+02 5.809639e+01 1.555308e-01 1.769839e-01
255 1.118236e+02 1.808048e+02 5.820070e+01 1.322558e-01 1.521275e-01
256 1.077864e+02 1.843331e+02 5.830275e+01 1.058726e-01 1.165380e-01
257 1.054917e+02 1.874205e+02 5.840792e+01 7.323557e-02 7.893209e-02
258 1.057810e+02 1.884813e+02 5.852577e+01 5.755441e-02 5.884815e-02
259 1.068761e+02 1.901160e+02 5.864303e+01 6.271372e-02 6.058573e-02
260 1.141416e+02 1.914551e+02 5.877938e+01 9.716717e-02 7.713800e-02
261 1.194541e+02 1.902218e+02 5.890363e+01 1.191322e-01 6.496831e-02
262 1.236264e+02 1.872720e+02 5.901447e+01 1.126759e-01 8.288389e-02
263 1.305745e+02 1.850196e+02 5.912178e+01 1.202110e-01 7.755958e-02
264 1.384358e+02 1.838504e+02 5.923167e+01 1.184298e-01 7.668051e-02
265 1.405291e+02 1.818338e+02 5.934483e+01 1.191216e-01 7.290316e-02
266 1.447643e+02 1.814962e+02 5.945672e+01 1.214296e-01 4.889563e-02
267 1.495214e+02 1.793503e+02 5.956364e+01 1.268491e-01 7.164381e-02
268 1.507245e+02 1.743055e+02 5.966723e+01 1.357314e-01 1.305033e-01
269 1.521642e+02 1.720159e+02 5.977438e+01 1.400573e-01 1.225908e-01
270 1.482574e+02 1.679564e+02 5.988742e+01 1.447721e-01 1.510488e-01
271 1.573183e+02 1.657793e+02 5.999876e+01 1.356432e-01 1.220284e-01
272 1.597545e+02 1.609478e+02 6.009428e+01 1.417434e-01 1.275715e-01
273 1.630306e+02 1.546050e+02 6.019550e+01 1.513919e-01 1.239942e-01
274 1.562038e+02 1.478317e+02 6.029165e+01 1.902455e-01 1.692040e-01
275 1.562495e+02 1.371050e+02 6.039485e+01 2.187289e-01 1.878217e-01
276 1.518938e+02 1.468257e+02 6.050075e+01 2.026676e-01 1.794480e-01
277 1.481325e+02 1.492835e+02 6.056910e+01 1.972833e-01 1.802528e-01
278 1.399651e+02 1.458011e+02 6.065659e+01 2.070443e-01 2.075653e-01
279 1.358361e+02 1.430598e+02 6.074635e+01 2.194854e-01 2.197760e-01
280 1.383369e+02 1.353323e+02 6.083132e+01 2.277479e-01 2.046162e-01
281 1.427198e+02 1.335085e+02 6.092619e+01 2.341236e-01 1.851262e-01
282 1.380456e+02 1.469030e+02 6.107075e+01 1.834425e-01 1.531523e-01
283 1.380107e+02 1.492207e+02 6.118246e+01 1.625783e-01 1.281840e-01
284 1.371106e+02 1.470220e+02 6.129034e+01 1.919912e-01 1.455672e-01
285 1.308775e+02 1.450339e+02 6.135481e+01 1.900093e-01 1.567050e-01
286 1.258554e+02 1.480380e+02 6.143745e+01 1.740657e-01 1.582187e-01
287 1.232958e+02 1.451110e+02 6.152954e+01 2.189130e-01 2.047482e-01
288 1.182766e+02 1.443924e+02 6.156014e+01 2.080168e-01 1.901977e-01
289 1.232053e+02 1.449702e+02 6.161655e+01 1.863736e-01 1.718677e-01
290 1.288881e+02 1.461865e+02 6.173338e+01 1.948131e-01 1.225032e-01
291 1.268952e+02 1.415419e+02 6.187247e+01 2.506521e-01 1.829832e-01
292 1.242036e+02 1.379757e+02 6.197077e+01 2.735180e-01 2.271228e-01
293 1.260551e+02 1.253086e+02 6.203848e+01 2.670216e-01 2.585625e-01
294 1.297059e+02 1.138664e+02 6.218778e+01 2.925437e-01 2.758320e-01
295 1.371440e+02 1.088932e+02 6.227152e+01 2.896509e-01 2.558681e-01
296 1.404518e+02 1.063804e+02 6.245516e+01 3.337842e-01 2.794130e-01
297 1.386624e+02 1.027412e+02 6.259189e+01 3.556247e-01 3.139724e-01
298 1.411618e+02 1.004827e+02 6.272493e+01 3.674188e-01 3.218568e-01
299 1.451673e+02 1.000749e+02 6.285729e+01 3.730708e-01 3.127565e-01
300 1.459578e+02 1.003500e+02 6.300148e+01 3.811001e-01 3.163068e-01
301 1.450013e+02 1.006345e+02 6.317070e+01 3.974310e-01 3.305209e-01
302 1.411340e+02 1.026724e+02 6.327078e+01 4.192091e-01 3.718843e-01
303 1.390753e+02 1.017755e+02 6.337633e+01 4.281636e-01 3.808271e-01
304 1.408575e+02 1.046044e+02 6.344232e+01 4.561965e-01 3.844929e-01
305 1.409281e+02 1.052642e+02 6.345666e+01 4.953275e-01 3.931031e-01
306 1.426364e+02 9.755090e+01 6.356725e+01 5.387748e-01 3.961070e-01
307 1.394964e+02 9.820008e+01 6.377146e+01 5.581472e-01 4.188256e-01
308 1.353690e+02 9.730176e+01 6.396376e+01 5.723220e-01 4.466587e-01
309 1.327472e+02 9.130975e+01 6.411219e+01 6.179699e-01 4.804081e-01
310 1.293120e+02 8.986193e+01 6.427035e+01 6.518150e-01 5.213650e-01
311 1.227445e+02 8.634756e+01 6.443580e+01 6.700843e-01 5.792442e-01
312 1.191103e+02 8.742615e+01 6.455815e+01 6.757937e-01 6.154509e-01
313 1.239053e+02 9.198863e+01 6.465013e+01 7.007450e-01 5.953660e-01
314 1.242691e+02 9.320175e+01 6.478035e+01 7.348579e-01 6.151237e-01
315 1.211274e+02 9.133525e+01 6.487335e+01 7.849258e-01 6.958318e-01
316 1.208089e+02 9.041145e+01 6.500576e+01 7.986103e-01 7.082007e-01
317 1.185286e+02 8.668974e+01 6.512334e+01 7.799161e-01 7.262255e-01
318 1.198262e+02 8.614939e+01 6.521345e+01 7.769547e-01 6.991193e-01
319 1.190792e+02 8.908190e+01 6.535499e+01 7.998299e-01 7.202153e-01
320 1.239498e+02 9.001030e+01 6.550652e+01 8.167303e-01 6.746177e-01
321 1.213363e+02 9.501888e+01 6.565236e+01 8.326238e-01 7.067536e-01
322 1.187546e+02 9.785559e+01 6.580064e+01 8.782784e-01 7.706907e-01
323 1.161180e+02 1.011710e+02 6.596401e+01 8.924777e-01 7.592071e-01
324 1.162064e+02 9.518283e+01 6.611617e+01 9.347758e-01 8.229103e-01
325 1.138192e+02 9.428322e+01 6.626334e+01 9.602974e-01 8.493812e-01
326 1.122472e+02 9.450389e+01 6.642469e+01 9.609948e-01 8.456349e-01
327 1.133438e+02 9.280167e+01 6.660186e+01 9.735527e-01 8.297128e-01
328 1.125641e+02 9.071951e+01 6.679249e+01 9.562596e-01 8.493111e-01
329 1.077101e+02 9.079595e+01 6.702248e+01 8.964636e-01 8.734341e-01
330 1.070824e+02 8.951130e+01 6.723936e+01 8.684615e-01 8.353980e-01
331 1.067471e+02 8.791998e+01 6.741220e+01 8.457795e-01 7.922893e-01
332 1.062420e+02 8.681985e+01 6.761154e+01 8.238101e-01 7.191476e-01
333 1.062665e+02 8.795058e+01 6.778613e+01 8.134520e-01 6.610653e-01
334 9.897266e+01 8.784377e+01 6.804042e+01 7.713424e-01 6.706548e-01
335 9.282893e+01 8.954105e+01 6.831310e+01 7.314613e-01 7.303967e-01
336 9.074107e+01 9.096643e+01 6.854228e+01 7.056143e-01 5.539847e-01
337 9.889558e+01 9.048651e+01 6.870737e+01 6.962543e-01 5.196140e-01
338 1.099836e+02 9.041707e+01 6.893210e+01 6.936844e-01 5.725287e-01
339 1.252128e+02 9.234249e+01 6.914994e+01 6.901072e-01 7.263280e-01
340 1.328145e+02 9.263567e+01 6.934273e+01 6.846894e-01 7.360802e-01
341 1.368666e+02 9.368319e+01 6.956656e+01 6.630154e-01 6.151653e-01
342 1.414380e+02 9.756192e+01 6.978859e+01 6.146030e-01 4.255236e-01
343 1.387447e+02 1.010580e+02 6.999463e+01 5.752141e-01 3.637149e-01
344 1.262002e+02 1.041908e+02 7.011363e+01 4.725597e-01 3.215623e-01
345 1.132713e+02 9.771325e+01 7.022940e+01 3.798792e-01 2.923469e-01
346 9.879053e+01 9.905778e+01 7.042386e+01 3.375367e-01 2.765307e-01
347 8.728861e+01 1.022327e+02 7.061032e+01 2.893574e-01 2.778396e-01
348 7.661354e+01 1.076602e+02 7.084079e+01 2.789248e-01 3.024799e-01
349 6.981064e+01 1.128122e+02 7.105116e+01 2.648492e-01 2.980624e-01
350 6.350518e+01 1.206910e+02 7.129239e+01 2.756135e-01 3.123577e-01
351 6.103589e+01 1.189163e+02 7.164448e+01 3.628788e-01 4.147898e-01
352 6.114832e+01 1.192347e+02 7.184846e+01 3.341767e-01 3.887240e-01
353 6.756070e+01 1.246005e+02 7.219060e+01 4.074603e-01 4.870091e-01
354 6.875805e+01 1.257430e+02 7.256121e+01 5.031667e-01 6.090838e-01
355 7.210302e+01 1.259658e+02 7.275937e+01 4.907337e-01 6.025289e-01
356 7.651234e+01 1.261304e+02 7.302039e+01 5.027446e-01 6.124240e-01
357 8.059095e+01 1.260727e+02 7.330422e+01 4.923489e-01 6.209824e-01
358 8.322951e+01 1.217848e+02 7.363937e+01 4.833629e-01 6.172766e-01
359 8.751033e+01 1.194042e+02 7.379907e+01 4.919795e-01 6.449379e-01
360 9.313429e+01 1.211310e+02 7.395171e+01 5.043983e-01 6.494397e-01
361 9.425415e+01 1.243191e+02 7.417928e+01 4.655524e-01 5.988907e-01
362 9.776403e+01 1.274622e+02 7.438190e+01 4.239267e-01 5.490034e-01
363 1.017494e+02 1.282174e+02 7.455969e+01 3.987287e-01 5.280822e-01
364 1.051211e+02 1.277588e+02 7.472059e+01 3.989219e-01 5.381948e-01
365 1.124034e+02 1.277503e+02 7.487065e+01 4.318792e-01 5.911262e-01
366 1.164825e+02 1.291174e+02 7.505793e+01 4.202909e-01 5.815493e-01
367 1.198053e+02 1.238489e+02 7.527617e+01 4.558298e-01 6.352277e-01
368 1.211380e+02 1.219640e+02 7.546679e+01 4.743025e-01 6.516452e-01
369 1.175201e+02 1.237254e+02 7.567310e+01 4.616232e-01 6.521961e-01
370 1.174925e+02 1.234237e+02 7.586640e+01 4.581685e-01 6.489687e-01
371 1.166645e+02 1.253902e+02 7.608753e+01 4.215750e-01 6.066208e-01
372 1.196502e+02 1.243015e+02 7.628314e+01 3.812716e-01 5.646398e-01
373 1.246364e+02 1.299002e+02 7.652076e+01 3.331770e-01 5.016102e-01
374 1.240094e+02 1.342893e+02 7.676213e+01 3.115325e-01 4.705030e-01
375 1.290626e+02 1.309395e+02 7.697774e+01 3.200833e-01 4.869594e-01
376 1.327865e+02 1.309761e+02 7.709963e+01 2.751545e-01 4.192698e-01
377 1.323761e+02 1.331525e+02 7.729311e+01 2.259781e-01 3.483383e-01
378 1.293376e+02 1.346495e+02 7.756287e+01 2.318475e-01 3.652752e-01
379 1.270426e+02 1.348724e+02 7.782445e+01 2.379241e-01 3.761130e-01
380 1.300352e+02 1.354553e+02 7.817276e+01 2.902297e-01 4.695453e-01
381 1.318176e+02 1.340858e+02 7.844996e+01 3.030208e-01 4.966649e-01
382 1.322598e+02 1.317027e+02 7.872370e+01 3.431738e-01 5.671390e-01
383 1.279917e+02 1.318625e+02 7.897615e+01 3.786867e-01 5.858457e-01
384 1.313666e+02 1.264834e+02 7.929193e+01 4.244110e-01 5.835126e-01
385 1.352749e+02 1.242480e+02 7.958473e+01 4.639772e-01 5.813658e-01
386 1.372845e+02 1.224622e+02 7.986126e+01 4.951970e-01 5.643357e-01
387 1.375941e+02 1.193962e+02 8.014839e+01 5.272440e-01 5.412818e-01
388 1.353435e+02 1.200002e+02 8.037398e+01 5.334830e-01 4.893943e-01
389 1.337682e+02 1.194416e+02 8.058887e+01 5.277107e-01 4.683931e-01
390 1.365992e+02 1.183691e+02 8.079490e+01 5.328482e-01 4.692733e-01
391 1.446496e+02 1.156573e+02 8.100788e+01 5.335543e-01 4.723258e-01
392 1.550293e+02 1.129879e+02 8.122107e+01 5.175669e-01 5.037642e-01
393 1.600919e+02 1.071939e+02 8.142616e+01 5.060999e-01 5.239272e-01
394 1.645247e+02 1.065009e+02 8.166348e+01 4.899423e-01 5.330755e-01
395 1.607211e+02 1.076375e+02 8.193903e+01 4.568881e-01 5.201565e-01
396 1.605905e+02 1.083896e+02 8.217880e+01 4.342305e-01 5.186389e-01
397 1.662354e+02 1.096517e+02 8.247249e+01 4.186032e-01 5.148554e-01
398 1.718486e+02 1.070729e+02 8.273434e+01 3.934589e-01 5.041370e-01
399 1.796656e+02 1.059744e+02 8.299004e+01 3.641483e-01 4.915983e-01
400 1.792067e+02 1.059587e+02 8.323197e+01 3.447096e-01 4.819533e-01
401 1.809936e+02 1.062109e+02 8.346417e+01 3.351930e-01 4.888056e-01
402 1.813038e+02 1.074535e+02 8.371501e+01 3.023843e-01 4.764508e-01
403 1.826390e+02 1.074142e+02 8.395401e+01 2.862143e-01 4.696629e-01
404 1.842686e+02 1.082257e+02 8.419025e+01 2.750270e-01 4.737613e-01
405 1.849985e+02 1.040550e+02 8.440950e+01 2.678687e-01 4.995305e-01
406 1.818644e+02 1.024314e+02 8.464880e+01 2.731965e-01 4.981183e-01
407 1.764060e+02 1.055619e+02 8.486437e+01 2.555177e-01 4.941683e-01
408 1.687189e+02 1.089800e+02 8.507579e+01 2.636628e-01 4.956183e-01
409 1.641202e+02 1.108578e+02 8.528681e+01 2.717151e-01 4.997387e-01
410 1.606565e+02 1.103325e+02 8.554679e+01 2.655974e-01 4.955567e-01
411 1.595323e+02 1.125416e+02 8.577615e+01 2.501008e-01 5.033346e-01
412 1.554187e+02 1.159375e+02 8.596073e+01 2.484607e-01 4.984434e-01
413 1.516909e+02 1.169797e+02 8.616937e+01 2.403436e-01 4.885287e-01
414 1.490615e+02 1.183214e+02 8.640214e+01 2.167600e-01 4.279766e-01
415 1.486946e+02 1.195915e+02 8.662938e+01 1.914725e-01 3.638796e-01
416 1.451759e+02 1.215130e+02 8.686295e+01 1.726434e-01 3.257241e-01
417 1.419621e+02 1.225524e+02 8.708048e+01 1.564593e-01 2.959291e-01
418 1.420353e+02 1.221909e+02 8.730063e+01 1.402327e-01 2.594860e-01
419 1.395969e+02 1.255023e+02 8.752940e+01 1.287829e-01 2.448374e-01
420 1.469156e+02 1.298164e+02 8.779176e+01 1.414120e-01 2.644166e-01
421 1.471570e+02 1.303473e+02 8.794832e+01 1.348077e-01 2.525172e-01
422 1.620360e+02 1.320929e+02 8.827055e+01 1.365027e-01 2.211807e-01
423 1.574775e+02 1.296530e+02 8.840280e+01 1.381340e-01 2.280791e-01
424 1.522605e+02 1.280883e+02 8.850262e+01 1.473233e-01 2.635354e-01
425 1.548136e+02 1.322143e+02 8.871284e+01 1.519264e-01 2.457822e-01
426 1.509762e+02 1.382942e+02 8.892236e+01 1.456546e-01 2.441902e-01
427 1.459197e+02 1.441048e+02 8.913189e+01 1.527740e-01 2.647308e-01
428 1.430603e+02 1.413385e+02 8.934845e+01 1.548655e-01 2.685988e-01
429 1.394330e+02 1.455803e+02 8.957111e+01 1.731552e-01 3.051515e-01
430 1.376110e+02 1.512997e+02 8.978347e+01 1.859846e-01 3.270705e-01
431 1.346612e+02 1.555152e+02 8.999932e+01 1.900696e-01 3.350581e-01
432 1.356916e+02 1.569074e+02 9.020918e+01 1.838023e-01 3.233231e-01
433 1.360435e+02 1.537920e+02 9.040505e+01 1.864345e-01 3.272107e-01
434 1.383533e+02 1.503846e+02 9.061934e+01 1.890589e-01 3.119934e-01
435 1.320183e+02 1.432631e+02 9.082010e+01 1.950583e-01 3.424023e-01
436 1.231775e+02 1.442438e+02 9.103289e+01 1.852395e-01 3.134991e-01
437 1.196133e+02 1.453734e+02 9.124964e+01 1.796598e-01 3.100353e-01
438 1.197509e+02 1.467752e+02 9.147024e+01 1.753782e-01 2.969782e-01
439 1.183818e+02 1.483423e+02 9.168420e+01 1.513437e-01 2.579664e-01
440 1.194396e+02 1.483954e+02 9.190304e+01 1.319266e-01 2.235127e-01
441 1.164634e+02 1.463344e+02 9.211877e+01 1.127514e-01 1.922823e-01
442 1.146632e+02 1.483425e+02 9.234925e+01 9.735439e-02 1.608238e-01
443 1.130046e+02 1.520322e+02 9.256170e+01 8.510530e-02 1.343804e-01
444 1.033797e+02 1.505747e+02 9.276743e+01 1.337365e-01 2.230861e-01
445 9.833679e+01 1.499510e+02 9.293429e+01 1.544995e-01 2.635855e-01
446 9.054745e+01 1.507917e+02 9.305179e+01 1.510432e-01 2.580146e-01
447 8.390588e+01 1.491776e+02 9.318332e+01 1.802153e-01 3.044604e-01
448 8.561412e+01 1.469931e+02 9.337009e+01 1.807690e-01 3.035002e-01
449 8.959005e+01 1.438347e+02 9.351703e+01 1.990245e-01 3.402542e-01
450 9.284986e+01 1.403044e+02 9.369198e+01 2.143680e-01 3.626384e-01
451 9.400471e+01 1.399242e+02 9.386568e+01 2.264706e-01 3.870067e-01
452 1.010560e+02 1.392927e+02 9.402884e+01 2.342530e-01 3.928518e-01
453 1.075743e+02 1.378877e+02 9.418487e+01 2.528119e-01 4.316976e-01
454 1.119820e+02 1.352075e+02 9.436018e+01 2.696481e-01 4.594069e-01
455 1.142005e+02 1.327344e+02 9.454941e+01 2.735919e-01 4.594963e-01
456 1.121739e+02 1.295576e+02 9.472468e+01 2.720253e-01 4.595735e-01
457 1.103077e+02 1.293206e+02 9.490020e+01 2.720822e-01 4.662068e-01
458 1.031448e+02 1.280928e+02 9.507900e+01 2.825114e-01 4.810285e-01
459 9.481937e+01 1.298924e+02 9.521226e+01 2.772034e-01 4.745899e-01
460 8.988578e+01 1.318891e+02 9.534157e+01 2.771219e-01 4.674313e-01
461 9.777879e+01 1.366605e+02 9.551949e+01 2.558692e-01 4.394780e-01
462 1.039000e+02 1.384670e+02 9.567993e+01 2.337359e-01 3.956498e-01
463 1.034462e+02 1.341730e+02 9.584807e+01 2.396162e-01 4.129778e-01
464 1.001488e+02 1.332609e+02 9.601391e+01 2.731688e-01 4.696945e-01
465 1.019202e+02 1.339550e+02 9.618567e+01 2.612844e-01 4.500638e-01
466 1.032134e+02 1.314258e+02 9.633391e+01 2.755768e-01 4.754141e-01
467 1.085354e+02 1.280217e+02 9.649290e+01 2.957434e-01 5.089709e-01
468 1.215403e+02 1.258076e+02 9.667308e+01 3.684536e-01 5.752633e-01
469 1.253469e+02 1.239911e+02 9.683128e+01 4.103385e-01 5.578462e-01
470 1.265924e+02 1.234737e+02 9.698956e+01 4.322406e-01 5.616374e-01
471 1.265883e+02 1.237540e+02 9.715485e+01 4.499560e-01 5.512981e-01
472 1.230866e+02 1.264644e+02 9.732020e+01 4.593940e-01 5.409935e-01
473 1.285448e+02 1.280561e+02 9.747438e+01 4.622862e-01 5.442113e-01
474 1.339524e+02 1.268682e+02 9.763176e+01 4.522273e-01 5.439345e-01
475 1.221725e+02 1.267419e+02 9.778369e+01 4.336955e-01 5.360992e-01
476 1.209497e+02 1.268644e+02 9.794739e+01 4.325559e-01 5.398555e-01
477 1.127764e+02 1.265066e+02 9.808039e+01 4.181654e-01 5.368005e-01
478 1.229486e+02 1.309223e+02 9.816458e+01 3.540205e-01 5.293738e-01
479 1.331482e+02 1.325093e+02 9.828009e+01 3.169239e-01 5.333915e-01
480 1.253009e+02 1.337473e+02 9.840468e+01 2.937636e-01 5.303975e-01
481 1.188701e+02 1.311093e+02 9.853086e+01 3.058697e-01 5.320339e-01
482 1.142049e+02 1.295193e+02 9.865862e+01 3.013866e-01 5.267230e-01
483 1.134766e+02 1.324562e+02 9.878824e+01 2.969180e-01 5.098809e-01
484 1.136670e+02 1.331677e+02 9.891819e+01 2.921596e-01 5.138210e-01
485 1.105332e+02 1.319017e+02 9.905111e+01 2.523282e-01 4.767750e-01
486 1.106957e+02 1.342667e+02 9.917024e+01 2.144408e-01 4.092339e-01
487 1.101999e+02 1.329426e+02 9.927579e+01 2.239840e-01 4.297844e-01
488 1.049683e+02 1.292307e+02 9.937464e+01 3.028695e-01 5.160464e-01
489 1.019993e+02 1.260547e+02 9.949171e+01 3.170541e-01 5.223124e-01
490 9.830464e+01 1.220591e+02 9.961749e+01 3.173622e-01 5.216530e-01
491 9.266247e+01 1.225152e+02 9.973538e+01 3.259716e-01 5.233208e-01
492 9.241932e+01 1.265603e+02 9.987335e+01 2.876097e-01 5.225979e-01
493 8.893413e+01 1.250067e+02 9.995403e+01 3.095979e-01 5.130551e-01
494 9.137429e+01 1.254367e+02 1.000538e+02 2.940760e-01 5.216553e-01
495 9.103303e+01 1.265160e+02 1.001525e+02 2.848503e-01 5.234192e-01
496 8.818314e+01 1.247379e+02 1.002576e+02 2.772602e-01 5.167839e-01
497 8.422741e+01 1.210744e+02 1.003782e+02 2.662873e-01 5.098920e-01
498 7.894384e+01 1.205349e+02 1.004853e+02 2.607166e-01 4.870522e-01
499 7.781821e+01 1.188489e+02 1.005905e+02 2.517023e-01 4.707044e-01
500 7.506700e+01 1.156325e+02 1.006897e+02 2.526935e-01 4.612962e-01
501 8.535611e+01 1.228879e+02 1.008128e+02 2.674745e-01 4.991917e-01
502 9.564298e+01 1.272502e+02 1.009314e+02 2.663704e-01 4.977158e-01
503 9.727884e+01 1.288655e+02 1.010464e+02 2.697715e-01 5.067817e-01
504 9.520499e+01 1.261265e+02 1.011792e+02 2.890556e-01 5.248636e-01
505 9.119149e+01 1.232055e+02 1.012945e+02 3.180411e-01 5.220168e-01
506 8.853110e+01 1.243190e+02 1.013973e+02 3.299421e-01 5.237349e-01
507 8.701914e+01 1.249255e+02 1.014711e+02 3.319766e-01 5.233539e-01
508 8.516663e+01 1.257599e+02 1.015772e+02 3.315579e-01 5.317825e-01
509 7.988187e+01 1.274634e+02 1.016900e+02 3.078820e-01 5.289519e-01
510 7.868245e+01 1.253897e+02 1.018208e+02 3.284756e-01 5.305101e-01
511 7.311910e+01 1.261440e+02 1.019380e+02 3.457178e-01 5.299003e-01
512 8.401196e+01 1.264237e+02 1.020638e+02 3.567208e-01 5.203145e-01
513 9.704792e+01 1.298499e+02 1.021791e+02 3.472160e-01 5.621095e-01
514 9.737171e+01 1.328039e+02 1.023083e+02 3.337303e-01 6.193235e-01
515 9.706077e+01 1.355800e+02 1.024313e+02 3.254160e-01 5.771596e-01
516 1.170958e+02 1.391957e+02 1.025739e+02 3.052487e-01 5.309632e-01
517 1.349180e+02 1.412473e+02 1.026980e+02 2.680253e-01 4.552719e-01
518 1.444130e+02 1.473055e+02 1.028143e+02 2.475965e-01 4.341222e-01
519 1.543176e+02 1.561962e+02 1.029468e+02 2.275047e-01 4.061625e-01
520 1.697405e+02 1.583961e+02 1.030878e+02 1.916368e-01 3.295692e-01
521 1.827391e+02 1.596760e+02 1.032115e+02 1.776758e-01 3.082715e-01
522 1.877665e+02 1.635985e+02 1.033176e+02 1.766834e-01 3.140853e-01
523 1.830893e+02 1.691452e+02 1.033762e+02 1.953445e-01 3.529916e-01
524 1.766438e+02 1.694081e+02 1.034075e+02 2.390917e-01 4.270700e-01
525 1.803501e+02 1.682932e+02 1.034252e+02 2.799414e-01 5.101663e-01
526 1.791176e+02 1.693391e+02 1.035056e+02 2.938417e-01 5.253638e-01
527 1.736768e+02 1.661130e+02 1.035900e+02 3.220028e-01 5.346524e-01
528 1.671934e+02 1.664123e+02 1.036936e+02 3.255487e-01 5.341184e-01
529 1.698213e+02 1.706919e+02 1.038024e+02 3.042633e-01 5.269707e-01
530 1.761882e+02 1.711555e+02 1.038815e+02 3.213253e-01 5.265693e-01
531 1.831802e+02 1.668984e+02 1.039614e+02 3.551268e-01 5.108171e-01
532 1.861587e+02 1.663718e+02 1.040768e+02 3.151123e-01 5.168216e-01
533 1.822174e+02 1.643405e+02 1.041654e+02 3.140674e-01 5.098168e-01
534 1.777808e+02 1.598484e+02 1.043018e+02 3.403461e-01 5.113377e-01
535 1.819460e+02 1.585032e+02 1.045058e+02 3.353237e-01 5.103396e-01
536 1.873828e+02 1.592278e+02 1.046518e+02 3.306305e-01 5.030932e-01
537 1.874486e+02 1.597620e+02 1.047997e+02 3.351888e-01 4.936840e-01
538 1.853968e+02 1.569316e+02 1.049627e+02 3.441085e-01 4.950879e-01
539 1.824945e+02 1.548176e+02 1.051408e+02 3.583219e-01 4.812442e-01
540 1.834904e+02 1.550486e+02 1.051957e+02 3.612472e-01 4.701340e-01
541 1.844565e+02 1.517846e+02 1.053319e+02 3.683355e-01 4.803711e-01
542 1.870543e+02 1.505858e+02 1.054842e+02 3.781334e-01 4.435903e-01
543 1.867661e+02 1.468191e+02 1.056768e+02 3.911571e-01 4.239400e-01
544 1.840988e+02 1.423183e+02 1.058142e+02 4.040252e-01 3.969044e-01
545 1.803687e+02 1.443065e+02 1.058816e+02 4.245790e-01 4.146603e-01
546 1.770554e+02 1.426381e+02 1.060976e+02 4.426116e-01 3.999333e-01
547 1.721093e+02 1.427168e+02 1.062290e+02 4.353515e-01 4.116703e-01
548 1.659392e+02 1.438126e+02 1.064288e+02 4.062285e-01 4.411559e-01
549 1.665435e+02 1.421963e+02 1.066315e+02 3.816420e-01 4.281142e-01
550 1.661275e+02 1.451757e+02 1.067977e+02 3.491978e-01 3.971938e-01
551 1.658621e+02 1.516924e+02 1.069577e+02 3.304107e-01 3.969533e-01
552 1.603232e+02 1.538296e+02 1.071010e+02 3.096922e-01 4.255814e-01
553 1.530285e+02 1.561656e+02 1.072340e+02 2.907724e-01 4.063663e-01
554 1.458615e+02 1.553052e+02 1.073653e+02 2.639860e-01 4.097085e-01
555 1.419280e+02 1.529011e+02 1.074909e+02 2.425360e-01 4.113525e-01
556 1.424746e+02 1.533937e+02 1.076304e+02 2.149886e-01 3.981119e-01
557 1.392898e+02 1.526866e+02 1.077636e+02 1.867604e-01 3.955057e-01
558 1.392367e+02 1.543481e+02 1.079202e+02 1.570491e-01 3.873064e-01
559 1.405491e+02 1.568831e+02 1.080640e+02 1.336209e-01 3.299680e-01
560 1.404816e+02 1.565830e+02 1.082178e+02 1.105974e-01 2.808139e-01
561 1.385699e+02 1.543354e+02 1.082986e+02 1.005388e-01 2.541057e-01
562 1.398589e+02 1.507176e+02 1.084334e+02 9.088328e-02 2.337175e-01
563 1.495071e+02 1.496202e+02 1.086109e+02 9.475063e-02 2.453887e-01
564 1.573109e+02 1.482264e+02 1.088300e+02 8.631647e-02 2.277091e-01
565 1.564758e+02 1.486140e+02 1.089503e+02 6.879583e-02 1.837187e-01
566 1.454639e+02 1.466890e+02 1.090965e+02 5.334804e-02 1.476052e-01
567 1.377764e+02 1.461285e+02 1.092237e+02 3.839612e-02 1.045460e-01
568 1.309954e+02 1.499814e+02 1.093490e+02 2.730324e-02 7.528305e-02
569 1.271037e+02 1.518622e+02 1.094708e+02 3.211869e-02 9.074558e-02
570 1.325413e+02 1.497641e+02 1.095954e+02 2.925176e-02 8.473305e-02
571 1.337207e+02 1.471624e+02 1.097176e+02 2.740089e-02 7.994190e-02
572 1.328599e+02 1.478992e+02 1.098421e+02 2.282719e-02 6.790841e-02
573 1.307490e+02 1.512769e+02 1.099605e+02 1.943246e-02 5.823139e-02
574 1.292149e+02 1.516119e+02 1.100878e+02 1.911617e-02 5.734989e-02
575 1.259878e+02 1.502030e+02 1.102592e+02 2.528238e-02 7.367860e-02
576 1.244357e+02 1.471032e+02 1.104586e+02 3.662503e-02 1.062868e-01
577 1.191564e+02 1.478461e+02 1.107997e+02 7.186049e-02 2.130117e-01
578 1.156124e+02 1.486725e+02 1.111921e+02 1.158007e-01 3.279656e-01
579 1.149896e+02 1.511412e+02 1.113725e+02 1.199794e-01 3.274345e-01
580 1.122131e+02 1.564783e+02 1.115147e+02 1.181870e-01 3.249739e-01
581 1.100835e+02 1.566347e+02 1.117497e+02 1.321255e-01 3.242903e-01
582 1.048052e+02 1.583708e+02 1.119266e+02 1.454530e-01 3.237778e-01
583 1.014776e+02 1.612186e+02 1.120917e+02 1.459597e-01 3.233011e-01
584 9.731844e+01 1.620293e+02 1.122596e+02 1.486431e-01 3.228176e-01
585 9.341321e+01 1.625344e+02 1.124267e+02 1.596430e-01 3.243644e-01
586 9.135058e+01 1.623794e+02 1.125893e+02 1.748783e-01 3.218721e-01
587 8.889418e+01 1.605176e+02 1.127531e+02 1.930065e-01 3.214046e-01
588 8.714457e+01 1.601652e+02 1.129083e+02 1.950988e-01 3.270193e-01
589 8.571062e+01 1.621286e+02 1.130714e+02 1.902281e-01 3.285628e-01
590 8.483773e+01 1.644273e+02 1.132405e+02 1.828930e-01 3.260602e-01
591 8.744152e+01 1.682026e+02 1.134115e+02 1.659549e-01 3.295865e-01
592 8.789196e+01 1.722477e+02 1.135715e+02 1.574876e-01 3.351433e-01
593 8.253196e+01 1.763886e+02 1.137658e+02 1.487686e-01 3.345707e-01
594 7.982893e+01 1.751344e+02 1.139488e+02 1.618350e-01 3.300317e-01
595 7.477606e+01 1.741439e+02 1.141283e+02 1.806190e-01 3.295127e-01
596 7.109438e+01 1.735842e+02 1.143237e+02 1.750633e-01 3.289496e-01
597 6.641952e+01 1.733904e+02 1.145041e+02 2.063804e-01 3.304237e-01
598 6.505745e+01 1.736325e+02 1.146764e+02 2.181965e-01 3.299274e-01
599 6.733942e+01 1.742452e+02 1.148527e+02 2.253729e-01 3.353721e-01
600 7.179937e+01 1.755433e+02 1.150377e+02 2.118975e-01 3.328522e-01
601 7.164783e+01 1.753182e+02 1.152244e+02 2.090664e-01 3.283582e-01
602 7.052717e+01 1.749798e+02 1.154159e+02 2.096665e-01 3.317616e-01
5.067268e-01 2.149550e-01
