iter 1
294 3.293609e+02 2.580607e+02 2.300000e+01 6.521739e-01 8.705802e-01
295 3.319297e+02 2.574953e+02 2.300113e+01 6.499650e-01 8.626042e-01
296 3.320303e+02 2.592276e+02 2.300698e+01 6.483770e-01 7.333323e-01
297 3.312195e+02 2.595999e+02 2.301254e+01 6.453827e-01 6.677426e-01
298 3.327459e+02 2.605852e+02 2.301917e+01 6.438303e-01 6.529718e-01
299 3.321597e+02 2.617259e+02 2.302901e+01 6.372314e-01 5.700221e-01
300 3.325612e+02 2.609983e+02 2.304069e+01 6.323368e-01 5.368230e-01
301 3.349412e+02 2.611786e+02 2.304533e+01 6.226306e-01 5.310764e-01
302 3.365946e+02 2.626494e+02 2.305333e+01 6.122486e-01 5.017184e-01
303 3.383225e+02 2.639725e+02 2.307892e+01 6.064183e-01 5.164183e-01
304 3.381642e+02 2.642762e+02 2.311886e+01 6.053474e-01 4.661100e-01
305 3.389015e+02 2.657411e+02 2.313875e+01 5.889689e-01 4.335045e-01
306 3.400177e+02 2.646549e+02 2.316713e+01 5.991666e-01 4.303911e-01
307 3.416426e+02 2.657631e+02 2.315227e+01 6.056425e-01 4.016330e-01
308 3.434572e+02 2.666963e+02 2.316440e+01 5.954730e-01 3.813851e-01
309 3.456786e+02 2.678365e+02 2.316079e+01 6.010434e-01 3.776621e-01
310 3.468025e+02 2.684263e+02 2.317149e+01 6.116984e-01 3.507417e-01
311 3.509183e+02 2.696568e+02 2.312324e+01 6.262732e-01 3.831333e-01
312 3.509647e+02 2.696375e+02 2.306562e+01 6.502651e-01 3.478182e-01
313 3.504251e+02 2.690711e+02 2.297397e+01 7.128395e-01 3.344148e-01
314 3.525835e+02 2.690144e+02 2.293182e+01 7.343881e-01 3.440990e-01
315 3.541436e+02 2.690126e+02 2.292053e+01 7.512181e-01 3.654194e-01
316 3.550424e+02 2.706320e+02 2.288355e+01 7.588832e-01 3.379204e-01
317 3.601706e+02 2.716600e+02 2.286914e+01 7.879908e-01 3.194710e-01
318 3.586392e+02 2.689096e+02 2.284956e+01 8.305190e-01 3.477271e-01
319 3.663786e+02 2.730285e+02 2.281833e+01 8.373681e-01 2.992436e-01
320 3.601440e+02 2.756770e+02 2.283569e+01 9.124903e-01 3.132556e-01
321 3.584750e+02 2.751481e+02 2.287088e+01 9.986662e-01 3.012569e-01
322 3.557168e+02 2.775071e+02 2.289113e+01 1.027633e+00 2.932915e-01
323 3.570249e+02 2.786780e+02 2.291462e+01 1.081500e+00 2.790536e-01
324 3.639192e+02 2.803991e+02 2.289858e+01 1.114679e+00 2.751775e-01
325 3.585981e+02 2.791361e+02 2.290249e+01 1.201678e+00 2.525278e-01
326 3.628443e+02 2.825882e+02 2.289260e+01 1.237069e+00 2.319544e-01
327 3.597633e+02 2.872245e+02 2.287776e+01 1.314537e+00 2.136701e-01
328 3.567468e+02 2.869647e+02 2.284939e+01 1.370776e+00 2.085906e-01
329 3.542966e+02 2.862227e+02 2.281108e+01 1.427445e+00 1.678943e-01
330 3.538801e+02 2.867710e+02 2.278606e+01 1.468166e+00 1.429630e-01
331 3.536584e+02 2.917174e+02 2.276246e+01 1.538619e+00 1.265805e-01
332 3.503978e+02 2.946734e+02 2.273932e+01 1.617190e+00 1.014820e-01
333 3.407595e+02 3.004765e+02 2.270710e+01 1.662096e+00 8.750228e-02
334 3.306986e+02 3.073810e+02 2.267437e+01 1.733078e+00 7.203674e-02
335 3.167317e+02 3.120257e+02 2.263337e+01 1.745482e+00 4.216929e-02
336 3.025943e+02 3.097946e+02 2.258574e+01 1.805589e+00 3.182210e-02
337 2.846473e+02 3.119543e+02 2.257321e+01 1.835436e+00 2.277534e-02
338 2.608981e+02 3.155108e+02 2.256352e+01 1.857663e+00 1.962973e-02
339 2.709423e+02 3.429587e+02 2.260316e+01 1.810111e+00 1.744560e-02
340 3.342366e+02 3.620282e+02 2.258986e+01 1.822178e+00 1.768032e-02
341 3.420808e+02 3.246449e+02 2.272146e+01 1.774336e+00 0.000000e+00
342 3.364135e+02 3.473213e+02 2.272166e+01 1.775655e+00 0.000000e+00
result for iter 1: 3.180147e-01 2.175217e-01
iter 2
294 3.302275e+02 2.589094e+02 2.300000e+01 6.521736e-01 9.605741e-01
295 3.344777e+02 2.582714e+02 2.300093e+01 6.530316e-01 8.418557e-01
296 3.333237e+02 2.594070e+02 2.300176e+01 6.538305e-01 7.391651e-01
297 3.317547e+02 2.598781e+02 2.300339e+01 6.532757e-01 6.932080e-01
298 3.319698e+02 2.604807e+02 2.300359e+01 6.544023e-01 6.391193e-01
299 3.312103e+02 2.609178e+02 2.300595e+01 6.586359e-01 5.587498e-01
300 3.323170e+02 2.605906e+02 2.300557e+01 6.604979e-01 5.518967e-01
301 3.355980e+02 2.609353e+02 2.300536e+01 6.520378e-01 5.723288e-01
302 3.365874e+02 2.617338e+02 2.300665e+01 6.553200e-01 5.345943e-01
303 3.382448e+02 2.633620e+02 2.299158e+01 6.482243e-01 5.456898e-01
304 3.383704e+02 2.636230e+02 2.296295e+01 6.214268e-01 4.764404e-01
305 3.402592e+02 2.669737e+02 2.291448e+01 5.731066e-01 4.413694e-01
306 3.408302e+02 2.647645e+02 2.293565e+01 6.043042e-01 4.421144e-01
307 3.418263e+02 2.651574e+02 2.294690e+01 6.349091e-01 4.168705e-01
308 3.431588e+02 2.657801e+02 2.293878e+01 6.307036e-01 3.903202e-01
309 3.460672e+02 2.673950e+02 2.294682e+01 6.135312e-01 3.850015e-01
310 3.476125e+02 2.687416e+02 2.293647e+01 6.071879e-01 3.536416e-01
311 3.506764e+02 2.697933e+02 2.293627e+01 6.212596e-01 3.739447e-01
312 3.506077e+02 2.698980e+02 2.296356e+01 6.415146e-01 3.345007e-01
313 3.498771e+02 2.699791e+02 2.297362e+01 6.511715e-01 2.968438e-01
314 3.519639e+02 2.701467e+02 2.293859e+01 6.775203e-01 3.085019e-01
315 3.537093e+02 2.699418e+02 2.286523e+01 7.266716e-01 3.473031e-01
316 3.548625e+02 2.703847e+02 2.281979e+01 7.577471e-01 3.355367e-01
317 3.565597e+02 2.712038e+02 2.277279e+01 7.817446e-01 3.142735e-01
318 3.566010e+02 2.699562e+02 2.272114e+01 8.191247e-01 3.391122e-01
319 3.643427e+02 2.731039e+02 2.270547e+01 8.413433e-01 2.976975e-01
320 3.597200e+02 2.761130e+02 2.265463e+01 8.571773e-01 2.896188e-01
321 3.552164e+02 2.763325e+02 2.261220e+01 8.837846e-01 2.606051e-01
322 3.542765e+02 2.781575e+02 2.259883e+01 9.002903e-01 2.504273e-01
323 3.556950e+02 2.803889e+02 2.259143e+01 9.104242e-01 2.283321e-01
324 3.570081e+02 2.816312e+02 2.258598e+01 9.216391e-01 2.213525e-01
325 3.543492e+02 2.824269e+02 2.256522e+01 9.304614e-01 1.898160e-01
326 3.548467e+02 2.876139e+02 2.254077e+01 9.246520e-01 1.680871e-01
327 3.537614e+02 2.914794e+02 2.253417e+01 9.117268e-01 1.437778e-01
328 3.540475e+02 2.941288e+02 2.252418e+01 9.089695e-01 1.344083e-01
329 3.527365e+02 2.963084e+02 2.251249e+01 9.023117e-01 1.033685e-01
330 3.520651e+02 2.976172e+02 2.247959e+01 8.957926e-01 8.489735e-02
331 3.507077e+02 3.014258e+02 2.245382e+01 8.864726e-01 7.096480e-02
332 3.462677e+02 3.068370e+02 2.243541e+01 8.568545e-01 5.234170e-02
333 3.380021e+02 3.131322e+02 2.243885e+01 8.546512e-01 4.393696e-02
334 3.285133e+02 3.207431e+02 2.244608e+01 8.530925e-01 3.474902e-02
335 3.158820e+02 3.306579e+02 2.244546e+01 8.831459e-01 2.098320e-02
336 2.964521e+02 3.306049e+02 2.242091e+01 8.327400e-01 1.446296e-02
337 2.726464e+02 3.397065e+02 2.239513e+01 9.572818e-01 1.169192e-02
338 2.618770e+02 3.363470e+02 2.240991e+01 8.006021e-01 8.345077e-03
339 2.726119e+02 3.521253e+02 2.240924e+01 8.360041e-01 7.919634e-03
340 2.297663e+02 3.750660e+02 2.239594e+01 1.132231e+00 1.079806e-02
341 2.299529e+02 4.078706e+02 2.240597e+01 1.141759e+00 1.483882e-02
342 2.688423e+02 4.181677e+02 2.240714e+01 1.147175e+00 2.084441e-02
result for iter 2: 3.036168e-01 2.353546e-01
iter 3
294 3.290369e+02 2.577442e+02 2.300000e+01 6.521740e-01 8.380691e-01
295 3.346138e+02 2.575775e+02 2.299731e+01 6.526582e-01 8.123932e-01
296 3.348157e+02 2.598594e+02 2.299614e+01 6.600009e-01 7.439635e-01
297 3.324506e+02 2.601418e+02 2.299353e+01 6.675542e-01 7.080473e-01
298 3.328532e+02 2.606735e+02 2.299313e+01 6.679985e-01 6.777882e-01
299 3.321826e+02 2.599515e+02 2.299489e+01 6.676835e-01 5.960280e-01
300 3.321835e+02 2.602202e+02 2.299369e+01 6.726648e-01 5.575455e-01
301 3.355555e+02 2.602391e+02 2.299619e+01 6.683018e-01 5.849000e-01
302 3.378533e+02 2.614177e+02 2.300156e+01 6.681695e-01 5.767741e-01
303 3.395534e+02 2.632633e+02 2.301105e+01 6.672649e-01 5.973543e-01
304 3.387194e+02 2.625453e+02 2.301964e+01 6.643072e-01 5.207619e-01
305 3.402507e+02 2.645421e+02 2.303484e+01 6.581576e-01 5.122226e-01
306 3.414301e+02 2.640774e+02 2.304168e+01 6.597630e-01 5.014047e-01
307 3.422947e+02 2.642861e+02 2.305398e+01 6.588246e-01 4.466326e-01
308 3.440009e+02 2.649832e+02 2.307302e+01 6.588436e-01 4.291000e-01
309 3.462266e+02 2.664961e+02 2.308224e+01 6.603062e-01 4.223811e-01
310 3.469867e+02 2.666159e+02 2.307869e+01 6.719611e-01 3.853493e-01
311 3.501242e+02 2.687488e+02 2.307875e+01 6.764951e-01 4.122665e-01
312 3.494741e+02 2.687999e+02 2.307104e+01 6.816301e-01 3.400954e-01
313 3.503925e+02 2.694382e+02 2.307780e+01 6.907645e-01 3.267173e-01
314 3.526908e+02 2.695271e+02 2.303128e+01 7.407493e-01 3.519346e-01
315 3.551405e+02 2.694521e+02 2.300130e+01 7.742039e-01 3.792595e-01
316 3.572225e+02 2.705846e+02 2.300641e+01 8.051032e-01 3.623612e-01
317 3.648580e+02 2.708969e+02 2.302305e+01 8.309310e-01 3.414298e-01
318 3.581374e+02 2.687320e+02 2.303398e+01 8.678897e-01 3.692631e-01
319 3.654524e+02 2.723234e+02 2.304281e+01 8.924441e-01 3.252315e-01
320 3.610384e+02 2.752659e+02 2.302962e+01 8.948380e-01 3.124353e-01
321 3.576986e+02 2.768751e+02 2.301770e+01 9.219035e-01 2.816827e-01
322 3.551627e+02 2.773744e+02 2.305817e+01 9.916115e-01 2.871563e-01
323 3.552810e+02 2.770272e+02 2.308883e+01 1.047622e+00 2.744380e-01
324 3.583257e+02 2.792553e+02 2.310831e+01 1.105545e+00 2.779447e-01
325 3.560969e+02 2.802580e+02 2.312558e+01 1.150744e+00 2.465582e-01
326 3.571573e+02 2.831821e+02 2.312304e+01 1.187867e+00 2.272354e-01
327 3.550921e+02 2.865613e+02 2.309159e+01 1.218572e+00 2.017916e-01
328 3.548274e+02 2.862181e+02 2.313671e+01 1.276339e+00 1.991353e-01
329 3.534842e+02 2.873094e+02 2.308761e+01 1.302780e+00 1.569690e-01
330 3.521979e+02 2.883027e+02 2.314254e+01 1.344704e+00 1.350699e-01
331 3.520443e+02 2.924453e+02 2.316251e+01 1.386034e+00 1.180708e-01
332 3.502353e+02 2.972809e+02 2.321160e+01 1.451037e+00 9.487709e-02
333 3.400837e+02 3.030238e+02 2.327279e+01 1.492410e+00 8.253248e-02
334 3.293400e+02 3.076856e+02 2.328691e+01 1.554483e+00 6.815142e-02
335 3.160801e+02 3.107152e+02 2.330384e+01 1.609886e+00 4.123179e-02
336 3.025826e+02 3.099983e+02 2.331025e+01 1.669246e+00 3.133689e-02
337 2.848124e+02 3.137990e+02 2.330715e+01 1.686341e+00 2.230810e-02
338 2.620288e+02 3.167126e+02 2.331603e+01 1.715124e+00 1.935255e-02
339 2.573266e+02 3.424903e+02 2.331271e+01 1.701907e+00 1.744873e-02
340 2.630399e+02 3.553586e+02 2.328667e+01 1.706985e+00 1.760016e-02
341 3.186268e+02 3.265262e+02 2.333438e+01 1.742903e+00 0.000000e+00
342 3.164301e+02 3.317647e+02 2.332631e+01 1.732226e+00 0.000000e+00
result for iter 3: 3.312776e-01 2.271640e-01
iter 4
294 3.272759e+02 2.570172e+02 2.300000e+01 6.521734e-01 7.273024e-01
295 3.306059e+02 2.549721e+02 2.300000e+01 6.484774e-01 6.688319e-01
296 3.320003e+02 2.571452e+02 2.300532e+01 6.477109e-01 7.324730e-01
297 3.321568e+02 2.601399e+02 2.300988e+01 6.462621e-01 6.989760e-01
298 3.330935e+02 2.613006e+02 2.301187e+01 6.426762e-01 6.577649e-01
299 3.323896e+02 2.609042e+02 2.301521e+01 6.404524e-01 5.790083e-01
300 3.321924e+02 2.612249e+02 2.301875e+01 6.394228e-01 5.315093e-01
301 3.356970e+02 2.613951e+02 2.302396e+01 6.377729e-01 5.634597e-01
302 3.374038e+02 2.614930e+02 2.301367e+01 6.436658e-01 5.452756e-01
303 3.375280e+02 2.625726e+02 2.300202e+01 6.502108e-01 5.293981e-01
304 3.387712e+02 2.626541e+02 2.299604e+01 6.614725e-01 5.187114e-01
305 3.404081e+02 2.646310e+02 2.300718e+01 6.389075e-01 4.996716e-01
306 3.403165e+02 2.638973e+02 2.299284e+01 6.462648e-01 4.635722e-01
307 3.422230e+02 2.648155e+02 2.298296e+01 6.477944e-01 4.348739e-01
308 3.443995e+02 2.662884e+02 2.298337e+01 6.280279e-01 4.131440e-01
309 3.456649e+02 2.672502e+02 2.298811e+01 6.187184e-01 3.825774e-01
310 3.469434e+02 2.683639e+02 2.297034e+01 6.209439e-01 3.519851e-01
311 3.502373e+02 2.695592e+02 2.295739e+01 6.295448e-01 3.796298e-01
312 3.502243e+02 2.691471e+02 2.296120e+01 6.536226e-01 3.346851e-01
313 3.502934e+02 2.696926e+02 2.294654e+01 6.980827e-01 3.244180e-01
314 3.537242e+02 2.691251e+02 2.304019e+01 7.879398e-01 3.924703e-01
315 3.556639e+02 2.683829e+02 2.310406e+01 8.425862e-01 4.164543e-01
316 3.569720e+02 2.683563e+02 2.316578e+01 8.853897e-01 4.040367e-01
317 3.610158e+02 2.676939e+02 2.322838e+01 9.354618e-01 3.912680e-01
318 3.603371e+02 2.674982e+02 2.327050e+01 9.624593e-01 4.179526e-01
319 3.670276e+02 2.713294e+02 2.329534e+01 9.853280e-01 3.669945e-01
320 3.642558e+02 2.735666e+02 2.331246e+01 1.012666e+00 3.623137e-01
321 3.599735e+02 2.751310e+02 2.334073e+01 1.039086e+00 3.264607e-01
322 3.579513e+02 2.767774e+02 2.339057e+01 1.080382e+00 3.219482e-01
323 3.597134e+02 2.779692e+02 2.341380e+01 1.103924e+00 2.973847e-01
324 3.646060e+02 2.789146e+02 2.342837e+01 1.121384e+00 2.897905e-01
325 3.612882e+02 2.795992e+02 2.343214e+01 1.125447e+00 2.475735e-01
326 3.625751e+02 2.820774e+02 2.347227e+01 1.164195e+00 2.294850e-01
327 3.581075e+02 2.866319e+02 2.349879e+01 1.177787e+00 2.019769e-01
328 3.550740e+02 2.857284e+02 2.355506e+01 1.225815e+00 1.982315e-01
329 3.536883e+02 2.877777e+02 2.359672e+01 1.260984e+00 1.587076e-01
330 3.523722e+02 2.896979e+02 2.366131e+01 1.294072e+00 1.358770e-01
331 3.518368e+02 2.937419e+02 2.370722e+01 1.330350e+00 1.187201e-01
332 3.493253e+02 2.985538e+02 2.374352e+01 1.347864e+00 9.221665e-02
333 3.390970e+02 3.035191e+02 2.383894e+01 1.386940e+00 8.047696e-02
334 3.293654e+02 3.090382e+02 2.390071e+01 1.430204e+00 6.605186e-02
335 3.164713e+02 3.172948e+02 2.389614e+01 1.409907e+00 3.796893e-02
336 3.005288e+02 3.167877e+02 2.389216e+01 1.403240e+00 2.767479e-02
337 2.838226e+02 3.212750e+02 2.348547e+01 1.024528e+00 1.376135e-02
338 2.539153e+02 3.282349e+02 2.336634e+01 9.145629e-01 1.036403e-02
339 2.682782e+02 3.477632e+02 2.342248e+01 9.717225e-01 1.005658e-02
340 3.454600e+02 3.300402e+02 2.392638e+01 1.509678e+00 1.235662e-02
341 3.455044e+02 3.239805e+02 2.393303e+01 1.517729e+00 0.000000e+00
342 3.336993e+02 3.484488e+02 2.393270e+01 1.512769e+00 0.000000e+00
result for iter 4: 3.258335e-01 2.124070e-01
iter 5
294 3.300396e+02 2.594213e+02 2.300000e+01 6.521732e-01 9.313336e-01
295 3.320282e+02 2.588042e+02 2.299694e+01 6.538935e-01 9.005661e-01
296 3.318794e+02 2.605267e+02 2.299038e+01 6.558930e-01 7.072691e-01
297 3.315852e+02 2.600215e+02 2.298833e+01 6.582851e-01 6.848024e-01
298 3.323630e+02 2.603648e+02 2.298583e+01 6.621674e-01 6.577732e-01
299 3.320863e+02 2.603947e+02 2.298963e+01 6.676815e-01 5.927333e-01
300 3.335023e+02 2.603374e+02 2.298911e+01 6.720492e-01 5.950898e-01
301 3.352881e+02 2.598918e+02 2.298322e+01 6.781852e-01 5.851224e-01
302 3.361108e+02 2.610715e+02 2.296835e+01 6.811822e-01 5.415365e-01
303 3.379763e+02 2.626448e+02 2.295477e+01 6.794947e-01 5.628880e-01
304 3.383969e+02 2.621894e+02 2.296826e+01 6.835068e-01 5.249786e-01
305 3.403071e+02 2.643270e+02 2.296866e+01 6.841651e-01 5.306908e-01
306 3.409811e+02 2.634769e+02 2.296614e+01 6.868806e-01 5.075932e-01
307 3.421559e+02 2.633552e+02 2.296539e+01 6.982312e-01 4.665051e-01
308 3.440438e+02 2.641648e+02 2.296451e+01 6.969890e-01 4.504668e-01
309 3.463440e+02 2.658361e+02 2.294193e+01 6.938970e-01 4.407170e-01
310 3.473433e+02 2.666175e+02 2.295112e+01 7.036778e-01 4.054724e-01
311 3.510789e+02 2.679228e+02 2.295502e+01 7.186076e-01 4.332473e-01
312 3.503923e+02 2.672945e+02 2.299806e+01 7.644162e-01 3.958364e-01
313 3.512128e+02 2.682532e+02 2.301295e+01 7.836624e-01 3.839569e-01
314 3.539701e+02 2.679048e+02 2.304107e+01 8.224404e-01 4.141123e-01
315 3.548514e+02 2.677088e+02 2.308891e+01 8.267791e-01 4.081057e-01
316 3.556958e+02 2.683186e+02 2.312280e+01 8.582472e-01 3.901987e-01
317 3.580852e+02 2.678531e+02 2.313041e+01 9.187688e-01 3.810512e-01
318 3.582024e+02 2.671335e+02 2.315264e+01 9.703091e-01 4.171042e-01
319 3.617383e+02 2.704599e+02 2.315801e+01 1.015560e+00 3.738083e-01
320 3.598288e+02 2.733649e+02 2.317288e+01 1.041544e+00 3.681968e-01
321 3.578917e+02 2.737004e+02 2.319580e+01 1.063406e+00 3.299656e-01
322 3.561507e+02 2.756561e+02 2.318333e+01 1.096728e+00 3.210536e-01
323 3.577605e+02 2.769525e+02 2.319045e+01 1.125250e+00 2.973740e-01
324 3.627146e+02 2.787761e+02 2.315324e+01 1.243145e+00 3.137554e-01
325 3.588111e+02 2.791169e+02 2.317110e+01 1.262300e+00 2.715259e-01
326 3.598856e+02 2.814608e+02 2.317244e+01 1.349457e+00 2.592514e-01
327 3.584349e+02 2.857862e+02 2.318184e+01 1.466146e+00 2.446906e-01
328 3.583824e+02 2.850442e+02 2.320011e+01 1.519948e+00 2.384448e-01
329 3.593708e+02 2.864309e+02 2.322301e+01 1.565734e+00 1.908709e-01
330 3.563159e+02 2.871175e+02 2.325889e+01 1.601162e+00 1.624514e-01
331 3.527968e+02 2.908057e+02 2.327222e+01 1.625209e+00 1.397597e-01
332 3.505700e+02 2.936301e+02 2.329167e+01 1.673743e+00 1.101953e-01
333 3.422172e+02 2.990068e+02 2.329622e+01 1.717519e+00 9.517272e-02
334 3.303498e+02 3.070072e+02 2.332949e+01 1.697175e+00 7.467970e-02
335 3.159914e+02 3.109655e+02 2.335040e+01 1.720500e+00 4.424106e-02
336 3.026360e+02 3.093306e+02 2.337485e+01 1.762803e+00 3.327689e-02
337 2.840122e+02 3.122379e+02 2.336930e+01 1.763506e+00 2.345347e-02
338 2.603906e+02 3.151652e+02 2.338727e+01 1.785344e+00 2.026817e-02
339 2.629911e+02 3.404682e+02 2.340221e+01 1.775200e+00 1.834018e-02
340 3.460637e+02 3.219149e+02 2.338653e+01 1.854104e+00 1.168413e-02
341 3.454162e+02 3.164779e+02 2.338350e+01 1.870620e+00 0.000000e+00
342 3.392426e+02 3.484222e+02 2.337345e+01 1.831971e+00 0.000000e+00
result for iter 5: 3.520737e-01 2.305774e-01
iter 6
294 3.313562e+02 2.579392e+02 2.300000e+01 6.521733e-01 9.148894e-01
295 3.355029e+02 2.585723e+02 2.299849e+01 6.521734e-01 8.006124e-01
296 3.340669e+02 2.593924e+02 2.299718e+01 6.523091e-01 7.371514e-01
297 3.319919e+02 2.592039e+02 2.299649e+01 6.542000e-01 7.016777e-01
298 3.330376e+02 2.603301e+02 2.299299e+01 6.560724e-01 6.727392e-01
299 3.317570e+02 2.604921e+02 2.298863e+01 6.593206e-01 5.751514e-01
300 3.321255e+02 2.609974e+02 2.298313e+01 6.621859e-01 5.466490e-01
301 3.346765e+02 2.602805e+02 2.296719e+01 6.610497e-01 5.522955e-01
302 3.371731e+02 2.616925e+02 2.295442e+01 6.557009e-01 5.468754e-01
303 3.390579e+02 2.628621e+02 2.295166e+01 6.635140e-01 5.778933e-01
304 3.383544e+02 2.629684e+02 2.294295e+01 6.479926e-01 4.954962e-01
305 3.403583e+02 2.650395e+02 2.297544e+01 6.478705e-01 5.040560e-01
306 3.417372e+02 2.643434e+02 2.296193e+01 6.562083e-01 5.022403e-01
307 3.420542e+02 2.647114e+02 2.291367e+01 6.517421e-01 4.313085e-01
308 3.437046e+02 2.659678e+02 2.292257e+01 6.429311e-01 4.075880e-01
309 3.455519e+02 2.668622e+02 2.284308e+01 6.558538e-01 3.981782e-01
310 3.465014e+02 2.677147e+02 2.278466e+01 6.583886e-01 3.595903e-01
311 3.501977e+02 2.694947e+02 2.276417e+01 6.470879e-01 3.836681e-01
312 3.496764e+02 2.700662e+02 2.277300e+01 6.062506e-01 2.971870e-01
313 3.498964e+02 2.699682e+02 2.271443e+01 6.308930e-01 2.807373e-01
314 3.522172e+02 2.692931e+02 2.268131e+01 6.884969e-01 3.099253e-01
315 3.546892e+02 2.694412e+02 2.268571e+01 7.217329e-01 3.439202e-01
316 3.560413e+02 2.711039e+02 2.267898e+01 7.384255e-01 3.229582e-01
317 3.609416e+02 2.722946e+02 2.256542e+01 7.413220e-01 2.926201e-01
318 3.577114e+02 2.705721e+02 2.266735e+01 7.764295e-01 3.199167e-01
319 3.588909e+02 2.746327e+02 2.264421e+01 7.854606e-01 2.764264e-01
320 3.558495e+02 2.769755e+02 2.261884e+01 8.019822e-01 2.701144e-01
321 3.547227e+02 2.772496e+02 2.245545e+01 8.037650e-01 2.337347e-01
322 3.543308e+02 2.804456e+02 2.232373e+01 8.076162e-01 2.192126e-01
323 3.548132e+02 2.820511e+02 2.232929e+01 8.368803e-01 2.050450e-01
324 3.555751e+02 2.820095e+02 2.246252e+01 8.702073e-01 2.067214e-01
325 3.546856e+02 2.835456e+02 2.262680e+01 8.969633e-01 1.839825e-01
326 3.548725e+02 2.874233e+02 2.281007e+01 9.195053e-01 1.711694e-01
327 3.533722e+02 2.906305e+02 2.287435e+01 9.339128e-01 1.517567e-01
328 3.537016e+02 2.912034e+02 2.274460e+01 9.479876e-01 1.429349e-01
329 3.534551e+02 2.943789e+02 2.271363e+01 9.621009e-01 1.121963e-01
330 3.523738e+02 2.967581e+02 2.272909e+01 9.751369e-01 9.447995e-02
331 3.510641e+02 3.001333e+02 2.263699e+01 9.916961e-01 8.068877e-02
332 3.463385e+02 3.057256e+02 2.255212e+01 1.007960e+00 6.221438e-02
333 3.380289e+02 3.110858e+02 2.232156e+01 1.032909e+00 5.254738e-02
334 3.291895e+02 3.202247e+02 2.246463e+01 1.046288e+00 4.268893e-02
335 3.160082e+02 3.285162e+02 2.248703e+01 1.061507e+00 2.531451e-02
336 2.968444e+02 3.291613e+02 2.249112e+01 1.067088e+00 1.864935e-02
337 2.827993e+02 3.221150e+02 2.219924e+01 1.081103e+00 1.297425e-02
338 2.580384e+02 3.291536e+02 2.229990e+01 1.084015e+00 1.118857e-02
339 2.641971e+02 3.477018e+02 2.250978e+01 1.110400e+00 1.061364e-02
340 3.311219e+02 3.672890e+02 2.183840e+01 1.180699e+00 1.070664e-02
341 3.307434e+02 3.293804e+02 2.163810e+01 1.189318e+00 0.000000e+00
342 3.325470e+02 3.496064e+02 2.163677e+01 1.188829e+00 0.000000e+00
result for iter 6: 3.034834e-01 2.353992e-01
iter 7
294 3.280675e+02 2.570907e+02 2.300000e+01 6.521740e-01 7.614435e-01
295 3.302428e+02 2.587651e+02 2.300172e+01 6.523456e-01 8.301460e-01
296 3.329255e+02 2.595497e+02 2.300429e+01 6.490983e-01 7.339767e-01
297 3.322557e+02 2.599623e+02 2.300491e+01 6.486904e-01 7.050518e-01
298 3.333413e+02 2.610998e+02 2.300611e+01 6.466812e-01 6.730299e-01
299 3.321603e+02 2.606438e+02 2.301401e+01 6.465707e-01 5.775649e-01
300 3.325625e+02 2.605944e+02 2.301475e+01 6.456483e-01 5.468189e-01
301 3.349896e+02 2.610622e+02 2.301759e+01 6.447064e-01 5.498110e-01
302 3.363224e+02 2.617512e+02 2.303399e+01 6.415411e-01 5.182081e-01
303 3.382269e+02 2.635976e+02 2.304931e+01 6.274536e-01 5.305259e-01
304 3.385401e+02 2.638965e+02 2.308497e+01 6.192017e-01 4.841058e-01
305 3.394644e+02 2.658153e+02 2.309898e+01 5.932446e-01 4.472817e-01
306 3.401217e+02 2.652990e+02 2.312057e+01 5.814073e-01 4.179815e-01
307 3.410128e+02 2.672636e+02 2.314115e+01 5.461191e-01 3.508298e-01
308 3.431167e+02 2.679752e+02 2.315700e+01 5.223294e-01 3.290501e-01
309 3.458676e+02 2.695865e+02 2.315890e+01 5.153751e-01 3.265813e-01
310 3.468713e+02 2.709467e+02 2.317235e+01 5.018000e-01 2.886498e-01
311 3.513504e+02 2.730959e+02 2.316571e+01 4.739648e-01 2.910222e-01
312 3.509558e+02 2.724776e+02 2.318239e+01 4.827893e-01 2.608165e-01
313 3.519099e+02 2.714941e+02 2.316547e+01 5.484738e-01 2.818704e-01
314 3.533583e+02 2.697133e+02 2.316552e+01 6.905370e-01 3.421703e-01
315 3.545196e+02 2.689814e+02 2.322791e+01 7.693630e-01 3.843507e-01
316 3.557210e+02 2.691151e+02 2.327375e+01 8.050590e-01 3.708114e-01
317 3.598617e+02 2.699427e+02 2.328934e+01 8.178469e-01 3.438721e-01
318 3.606031e+02 2.698808e+02 2.333745e+01 8.489043e-01 3.707650e-01
319 3.684679e+02 2.730912e+02 2.338277e+01 8.686974e-01 3.259876e-01
320 3.675822e+02 2.740374e+02 2.347151e+01 9.112144e-01 3.304798e-01
321 3.590575e+02 2.751790e+02 2.354045e+01 9.330886e-01 2.981970e-01
322 3.551843e+02 2.773497e+02 2.359116e+01 9.528418e-01 2.888329e-01
323 3.562548e+02 2.783050e+02 2.363160e+01 9.671076e-01 2.653975e-01
324 3.589366e+02 2.797742e+02 2.366787e+01 9.945231e-01 2.622884e-01
325 3.549179e+02 2.820324e+02 2.370369e+01 1.007683e+00 2.268355e-01
326 3.558013e+02 2.857534e+02 2.373385e+01 1.030028e+00 2.075887e-01
327 3.550130e+02 2.887127e+02 2.376882e+01 1.058997e+00 1.858035e-01
328 3.545622e+02 2.903916e+02 2.379651e+01 1.065274e+00 1.758193e-01
329 3.529600e+02 2.907650e+02 2.383632e+01 1.075921e+00 1.381795e-01
330 3.516361e+02 2.903662e+02 2.388256e+01 1.095112e+00 1.171468e-01
331 3.511134e+02 2.943818e+02 2.394132e+01 1.110019e+00 1.010238e-01
332 3.484465e+02 2.997708e+02 2.398760e+01 1.133808e+00 7.917461e-02
333 3.390612e+02 3.071626e+02 2.402596e+01 1.185314e+00 6.986097e-02
334 3.288960e+02 3.143863e+02 2.406428e+01 1.215455e+00 5.690494e-02
335 3.157008e+02 3.236774e+02 2.411436e+01 1.172118e+00 3.214438e-02
336 2.980716e+02 3.261409e+02 2.410110e+01 1.137628e+00 2.283049e-02
337 2.845633e+02 3.199402e+02 2.422502e+01 1.310333e+00 1.872616e-02
338 2.674858e+02 3.292599e+02 2.428673e+01 1.293882e+00 1.584041e-02
339 2.576880e+02 3.452591e+02 2.426417e+01 1.329844e+00 1.476978e-02
340 3.254478e+02 3.588617e+02 2.436055e+01 1.263011e+00 1.425127e-02
341 3.427714e+02 3.344131e+02 2.436971e+01 1.242771e+00 0.000000e+00
342 3.301589e+02 3.484148e+02 2.430455e+01 1.296608e+00 0.000000e+00
result for iter 7: 3.054044e-01 2.185279e-01
iter 8
294 3.308341e+02 2.588593e+02 2.300000e+01 6.521738e-01 9.834744e-01
295 3.305370e+02 2.604681e+02 2.300144e+01 6.517304e-01 7.589988e-01
296 3.315615e+02 2.598146e+02 2.300381e+01 6.524763e-01 7.237017e-01
297 3.322107e+02 2.596736e+02 2.300365e+01 6.532176e-01 7.083901e-01
298 3.328447e+02 2.601880e+02 2.300643e+01 6.566398e-01 6.682276e-01
299 3.318788e+02 2.605316e+02 2.300459e+01 6.597693e-01 5.801754e-01
300 3.328105e+02 2.605391e+02 2.300084e+01 6.635815e-01 5.683825e-01
301 3.361334e+02 2.601224e+02 2.300493e+01 6.681553e-01 6.016947e-01
302 3.371298e+02 2.615640e+02 2.300525e+01 6.651293e-01 5.561553e-01
303 3.390124e+02 2.633197e+02 2.300882e+01 6.683633e-01 5.838767e-01
304 3.389994e+02 2.626700e+02 2.301208e+01 6.679354e-01 5.303091e-01
305 3.399855e+02 2.649663e+02 2.302782e+01 6.665706e-01 5.119811e-01
306 3.411822e+02 2.643779e+02 2.303056e+01 6.635407e-01 4.979536e-01
307 3.425266e+02 2.643545e+02 2.302931e+01 6.662833e-01 4.555857e-01
308 3.444823e+02 2.652291e+02 2.302248e+01 6.657352e-01 4.410847e-01
309 3.460203e+02 2.668957e+02 2.302719e+01 6.493251e-01 4.095124e-01
310 3.468615e+02 2.679795e+02 2.305344e+01 6.513648e-01 3.705851e-01
311 3.499551e+02 2.692109e+02 2.305812e+01 6.486309e-01 3.938116e-01
312 3.495208e+02 2.692567e+02 2.306099e+01 6.471230e-01 3.233140e-01
313 3.499793e+02 2.691086e+02 2.305477e+01 6.516627e-01 3.010180e-01
314 3.524000e+02 2.684862e+02 2.307451e+01 6.876530e-01 3.235918e-01
315 3.546660e+02 2.692308e+02 2.310886e+01 7.206270e-01 3.563229e-01
316 3.558159e+02 2.696079e+02 2.312361e+01 7.685862e-01 3.494591e-01
317 3.588925e+02 2.711606e+02 2.312487e+01 7.752495e-01 3.213740e-01
318 3.601690e+02 2.697353e+02 2.314426e+01 8.342363e-01 3.583514e-01
319 3.636028e+02 2.727411e+02 2.315938e+01 8.770321e-01 3.228568e-01
320 3.605655e+02 2.735388e+02 2.315919e+01 9.030389e-01 3.188565e-01
321 3.564785e+02 2.756463e+02 2.316308e+01 8.908285e-01 2.756370e-01
322 3.555186e+02 2.798346e+02 2.317247e+01 8.840671e-01 2.585573e-01
323 3.573841e+02 2.812600e+02 2.318551e+01 9.246039e-01 2.442446e-01
324 3.635169e+02 2.809309e+02 2.319891e+01 1.002691e+00 2.540668e-01
325 3.566156e+02 2.835404e+02 2.320581e+01 9.104089e-01 1.964198e-01
326 3.594613e+02 2.856277e+02 2.321221e+01 9.974556e-01 1.922849e-01
327 3.572563e+02 2.895439e+02 2.317741e+01 9.735921e-01 1.624243e-01
328 3.558245e+02 2.917479e+02 2.316087e+01 9.469716e-01 1.480559e-01
329 3.546221e+02 2.959783e+02 2.315191e+01 9.483070e-01 1.148966e-01
330 3.519408e+02 2.990547e+02 2.319002e+01 9.244189e-01 9.323543e-02
331 3.510157e+02 2.989843e+02 2.320374e+01 1.079235e+00 9.226339e-02
332 3.480496e+02 2.993017e+02 2.314014e+01 1.274635e+00 8.283058e-02
333 3.403687e+02 3.006809e+02 2.314604e+01 1.626812e+00 8.898784e-02
334 3.307401e+02 3.072918e+02 2.313128e+01 1.713533e+00 7.412370e-02
335 3.165935e+02 3.107795e+02 2.311962e+01 1.795051e+00 4.525021e-02
336 3.020337e+02 3.122533e+02 2.309026e+01 1.734774e+00 3.195524e-02
337 2.812083e+02 3.207731e+02 2.287136e+01 1.110144e+00 1.414172e-02
338 2.564949e+02 3.305061e+02 2.281797e+01 9.159097e-01 9.897834e-03
339 2.704116e+02 3.495610e+02 2.281507e+01 9.071240e-01 8.907440e-03
340 2.912136e+02 3.769209e+02 2.281371e+01 8.951931e-01 8.858922e-03
341 3.243455e+02 3.279666e+02 2.284175e+01 8.867777e-01 0.000000e+00
342 3.340151e+02 3.523809e+02 2.283802e+01 8.891931e-01 0.000000e+00
result for iter 8: 3.207364e-01 2.361154e-01
iter 9
294 3.291045e+02 2.583843e+02 2.300000e+01 6.521741e-01 8.799197e-01
295 3.294288e+02 2.578164e+02 2.299841e+01 6.511455e-01 7.868557e-01
296 3.321783e+02 2.587857e+02 2.299388e+01 6.555990e-01 7.406564e-01
297 3.322801e+02 2.597183e+02 2.299490e+01 6.522708e-01 7.091154e-01
298 3.335036e+02 2.604875e+02 2.299727e+01 6.473557e-01 6.780979e-01
299 3.321952e+02 2.609151e+02 2.299448e+01 6.470380e-01 5.779557e-01
300 3.322114e+02 2.608522e+02 2.299183e+01 6.528984e-01 5.418553e-01
301 3.351163e+02 2.606151e+02 2.299100e+01 6.523397e-01 5.584580e-01
302 3.371344e+02 2.615912e+02 2.297583e+01 6.492657e-01 5.415882e-01
303 3.383602e+02 2.637307e+02 2.295483e+01 6.229577e-01 5.255213e-01
304 3.384085e+02 2.647062e+02 2.295138e+01 5.974931e-01 4.584576e-01
305 3.399772e+02 2.666486e+02 2.294368e+01 5.743906e-01 4.376323e-01
306 3.398935e+02 2.654754e+02 2.292504e+01 5.757913e-01 4.018516e-01
307 3.415581e+02 2.666950e+02 2.290001e+01 5.728943e-01 3.696912e-01
308 3.429126e+02 2.673104e+02 2.288220e+01 5.672001e-01 3.451296e-01
309 3.446024e+02 2.681119e+02 2.285642e+01 5.666282e-01 3.291471e-01
310 3.459537e+02 2.693545e+02 2.285917e+01 5.614736e-01 3.008211e-01
311 3.497533e+02 2.711012e+02 2.286227e+01 5.634235e-01 3.333113e-01
312 3.500597e+02 2.715746e+02 2.286795e+01 5.839900e-01 2.941911e-01
313 3.499062e+02 2.701575e+02 2.286711e+01 6.130515e-01 2.770287e-01
314 3.516412e+02 2.696983e+02 2.287079e+01 6.524275e-01 2.906654e-01
315 3.541602e+02 2.695057e+02 2.286426e+01 6.764500e-01 3.274358e-01
316 3.559679e+02 2.724978e+02 2.284547e+01 6.845412e-01 3.038031e-01
317 3.600805e+02 2.733347e+02 2.283588e+01 6.982640e-01 2.822706e-01
318 3.583830e+02 2.735063e+02 2.282664e+01 7.041902e-01 2.942437e-01
319 3.600275e+02 2.763534e+02 2.281537e+01 7.138417e-01 2.550337e-01
320 3.557558e+02 2.789644e+02 2.280805e+01 7.183616e-01 2.460152e-01
321 3.541260e+02 2.788239e+02 2.280448e+01 7.307493e-01 2.191591e-01
322 3.536677e+02 2.817472e+02 2.279918e+01 7.511980e-01 2.126768e-01
323 3.552705e+02 2.835193e+02 2.280316e+01 7.757790e-01 1.982275e-01
324 3.566850e+02 2.838487e+02 2.280336e+01 7.996535e-01 1.957697e-01
325 3.553067e+02 2.867664e+02 2.277659e+01 7.906987e-01 1.643402e-01
326 3.557259e+02 2.904874e+02 2.278000e+01 8.029062e-01 1.490701e-01
327 3.533763e+02 2.930809e+02 2.280123e+01 8.066724e-01 1.302440e-01
328 3.529144e+02 2.950967e+02 2.279822e+01 8.077517e-01 1.223655e-01
329 3.522310e+02 2.980330e+02 2.279237e+01 7.759424e-01 9.111569e-02
330 3.514734e+02 3.005855e+02 2.278436e+01 7.704625e-01 7.501276e-02
331 3.502559e+02 3.044359e+02 2.277666e+01 7.694955e-01 6.338458e-02
332 3.457633e+02 3.090068e+02 2.277870e+01 7.493542e-01 4.718650e-02
333 3.382592e+02 3.122651e+02 2.274202e+01 8.568454e-01 4.524810e-02
334 3.282401e+02 3.200223e+02 2.273612e+01 8.528093e-01 3.564101e-02
335 3.151666e+02 3.278949e+02 2.270827e+01 9.121399e-01 2.218257e-02
336 2.967073e+02 3.304269e+02 2.268199e+01 7.557993e-01 1.343415e-02
337 2.830160e+02 3.231589e+02 2.269295e+01 6.961158e-01 8.729755e-03
338 2.567574e+02 3.325770e+02 2.266138e+01 7.283094e-01 7.762872e-03
339 2.817698e+02 3.508336e+02 2.271610e+01 6.390625e-01 6.220903e-03
340 2.713812e+02 3.723737e+02 2.271663e+01 6.148313e-01 6.032757e-03
341 3.008631e+02 3.901610e+02 2.284980e+01 5.739971e-01 7.758393e-03
342 3.053769e+02 3.497935e+02 2.285035e+01 5.786145e-01 0.000000e+00
result for iter 9: 2.838432e-01 2.308086e-01
iter 10
294 3.288235e+02 2.594871e+02 2.300000e+01 6.521737e-01 8.759668e-01
295 3.298003e+02 2.597162e+02 2.299919e+01 6.542539e-01 7.736851e-01
296 3.308353e+02 2.584681e+02 2.299899e+01 6.535673e-01 7.012795e-01
297 3.314887e+02 2.598008e+02 2.299817e+01 6.521968e-01 6.828640e-01
298 3.331622e+02 2.608329e+02 2.299763e+01 6.526172e-01 6.732587e-01
299 3.325055e+02 2.611338e+02 2.299338e+01 6.521156e-01 5.918484e-01
300 3.330218e+02 2.608375e+02 2.299027e+01 6.485660e-01 5.608906e-01
301 3.348905e+02 2.605747e+02 2.298703e+01 6.433361e-01 5.443629e-01
302 3.364921e+02 2.620760e+02 2.298124e+01 6.474083e-01 5.246067e-01
303 3.388770e+02 2.630047e+02 2.297862e+01 6.616360e-01 5.728992e-01
304 3.385933e+02 2.633199e+02 2.295667e+01 6.565736e-01 5.086113e-01
305 3.403628e+02 2.657898e+02 2.294105e+01 6.465657e-01 5.015834e-01
306 3.414414e+02 2.646311e+02 2.293553e+01 6.566023e-01 4.945103e-01
307 3.427695e+02 2.643090e+02 2.293795e+01 6.605219e-01 4.530169e-01
308 3.440261e+02 2.654329e+02 2.294598e+01 6.656689e-01 4.291693e-01
309 3.457997e+02 2.666040e+02 2.296071e+01 6.636208e-01 4.118846e-01
310 3.469483e+02 2.672697e+02 2.298428e+01 6.684920e-01 3.794927e-01
311 3.513402e+02 2.684715e+02 2.300742e+01 6.792397e-01 4.113842e-01
312 3.503697e+02 2.679180e+02 2.303047e+01 6.906513e-01 3.583074e-01
313 3.500824e+02 2.671310e+02 2.305309e+01 7.136338e-01 3.313764e-01
314 3.531120e+02 2.675123e+02 2.305611e+01 7.620680e-01 3.698961e-01
315 3.551508e+02 2.687346e+02 2.304730e+01 8.140060e-01 4.003539e-01
316 3.559104e+02 2.689579e+02 2.305036e+01 8.553181e-01 3.864344e-01
317 3.592166e+02 2.696085e+02 2.306190e+01 8.652657e-01 3.567388e-01
318 3.579075e+02 2.682293e+02 2.305933e+01 9.065741e-01 3.865717e-01
319 3.630404e+02 2.712502e+02 2.306350e+01 9.450108e-01 3.450071e-01
320 3.608439e+02 2.732502e+02 2.307609e+01 9.853722e-01 3.454355e-01
321 3.567195e+02 2.741876e+02 2.309472e+01 1.039080e+00 3.196136e-01
322 3.555725e+02 2.758956e+02 2.311969e+01 1.079960e+00 3.144117e-01
323 3.562822e+02 2.767269e+02 2.313901e+01 1.109415e+00 2.918902e-01
324 3.621439e+02 2.790874e+02 2.315441e+01 1.143999e+00 2.887613e-01
325 3.613895e+02 2.798339e+02 2.317260e+01 1.170977e+00 2.519146e-01
326 3.627082e+02 2.830514e+02 2.318799e+01 1.199540e+00 2.307594e-01
327 3.575563e+02 2.876687e+02 2.320186e+01 1.221324e+00 2.041834e-01
328 3.555437e+02 2.860183e+02 2.322889e+01 1.250771e+00 1.967042e-01
329 3.538447e+02 2.874158e+02 2.325249e+01 1.289187e+00 1.575577e-01
330 3.519028e+02 2.885993e+02 2.327612e+01 1.335146e+00 1.356625e-01
331 3.515243e+02 2.924030e+02 2.330200e+01 1.374349e+00 1.184898e-01
332 3.490468e+02 2.967076e+02 2.332452e+01 1.414965e+00 9.342089e-02
333 3.403513e+02 3.027060e+02 2.334586e+01 1.453111e+00 8.086456e-02
334 3.304979e+02 3.097239e+02 2.336080e+01 1.465858e+00 6.467449e-02
335 3.165752e+02 3.164254e+02 2.338591e+01 1.485960e+00 3.832640e-02
336 3.016968e+02 3.138529e+02 2.342096e+01 1.562803e+00 2.961795e-02
337 2.839259e+02 3.177320e+02 2.342115e+01 1.508664e+00 2.015337e-02
338 2.685178e+02 3.253478e+02 2.342915e+01 1.489014e+00 1.696467e-02
339 2.663912e+02 3.456996e+02 2.340770e+01 1.426817e+00 1.474784e-02
340 3.576029e+02 3.541876e+02 2.335593e+01 1.241447e+00 8.488622e-03
341 3.599244e+02 3.539165e+02 2.335423e+01 1.235014e+00 0.000000e+00
342 3.412257e+02 3.539525e+02 2.335616e+01 1.239749e+00 0.000000e+00
result for iter 10: 3.316050e-01 2.225700e-01
iter 11
294 3.298602e+02 2.592034e+02 2.300000e+01 6.521745e-01 9.375562e-01
295 3.298725e+02 2.586321e+02 2.300033e+01 6.512381e-01 8.141868e-01
296 3.310794e+02 2.584305e+02 2.299927e+01 6.550709e-01 7.107711e-01
297 3.313820e+02 2.597262e+02 2.299956e+01 6.482560e-01 6.752920e-01
298 3.326243e+02 2.609634e+02 2.299912e+01 6.420188e-01 6.463340e-01
299 3.317306e+02 2.615201e+02 2.299560e+01 6.376135e-01 5.558071e-01
300 3.327361e+02 2.609552e+02 2.298060e+01 6.376750e-01 5.431059e-01
301 3.358099e+02 2.610833e+02 2.298040e+01 6.373593e-01 5.639089e-01
302 3.363925e+02 2.611521e+02 2.295499e+01 6.749674e-01 5.431126e-01
303 3.394405e+02 2.625455e+02 2.294613e+01 6.896991e-01 6.108423e-01
304 3.396438e+02 2.628729e+02 2.293609e+01 6.646793e-01 5.402115e-01
305 3.409927e+02 2.655368e+02 2.290200e+01 6.386180e-01 5.082920e-01
306 3.396677e+02 2.641009e+02 2.285371e+01 6.461071e-01 4.427829e-01
307 3.403232e+02 2.643861e+02 2.281956e+01 6.426000e-01 3.866476e-01
308 3.429196e+02 2.653188e+02 2.279285e+01 6.412677e-01 3.871355e-01
309 3.461120e+02 2.672880e+02 2.276682e+01 6.212566e-01 3.844163e-01
310 3.465730e+02 2.681292e+02 2.276275e+01 6.160181e-01 3.369096e-01
311 3.511225e+02 2.693946e+02 2.271911e+01 6.487654e-01 3.831413e-01
312 3.510660e+02 2.690822e+02 2.270093e+01 7.161098e-01 3.724738e-01
313 3.505344e+02 2.661531e+02 2.268388e+01 8.115285e-01 3.724016e-01
314 3.532735e+02 2.647600e+02 2.266290e+01 9.094673e-01 4.293766e-01
315 3.555007e+02 2.654887e+02 2.264732e+01 9.419182e-01 4.473250e-01
316 3.573157e+02 2.666929e+02 2.262235e+01 9.750483e-01 4.243205e-01
317 3.603956e+02 2.668268e+02 2.259954e+01 9.959670e-01 3.943252e-01
318 3.582273e+02 2.665006e+02 2.256271e+01 1.036300e+00 4.140238e-01
319 3.634218e+02 2.696895e+02 2.253127e+01 1.072664e+00 3.737454e-01
320 3.618437e+02 2.721693e+02 2.251079e+01 1.113550e+00 3.714782e-01
321 3.591258e+02 2.730768e+02 2.249475e+01 1.147599e+00 3.348908e-01
322 3.557993e+02 2.759186e+02 2.247621e+01 1.138286e+00 3.132022e-01
323 3.565934e+02 2.771302e+02 2.246354e+01 1.152570e+00 2.857983e-01
324 3.624608e+02 2.789454e+02 2.242921e+01 1.237316e+00 2.930585e-01
325 3.605028e+02 2.788433e+02 2.240475e+01 1.251967e+00 2.517841e-01
326 3.626290e+02 2.824964e+02 2.237561e+01 1.318982e+00 2.362691e-01
327 3.604988e+02 2.876849e+02 2.234509e+01 1.371319e+00 2.126408e-01
328 3.630759e+02 2.896089e+02 2.232173e+01 1.442845e+00 2.095339e-01
329 3.593056e+02 2.899238e+02 2.229549e+01 1.391250e+00 1.563233e-01
330 3.536021e+02 2.888043e+02 2.225720e+01 1.298206e+00 1.206132e-01
331 3.514227e+02 2.903740e+02 2.224255e+01 1.323914e+00 1.039983e-01
332 3.494694e+02 2.952977e+02 2.221644e+01 1.436840e+00 8.606573e-02
333 3.414902e+02 3.036675e+02 2.219452e+01 1.461157e+00 7.349003e-02
334 3.303426e+02 3.147646e+02 2.216343e+01 1.423384e+00 5.652772e-02
335 3.165894e+02 3.234371e+02 2.213695e+01 1.386327e+00 3.203935e-02
336 3.000313e+02 3.212268e+02 2.207905e+01 1.563303e+00 2.632966e-02
337 2.852433e+02 3.199013e+02 2.207818e+01 1.446926e+00 1.717560e-02
338 2.662412e+02 3.277808e+02 2.207645e+01 1.419536e+00 1.435948e-02
339 2.646030e+02 3.465359e+02 2.210872e+01 1.375003e+00 1.267866e-02
340 2.496800e+02 3.554528e+02 2.201883e+01 1.663750e+00 1.533729e-02
341 2.986770e+02 3.826981e+02 2.206949e+01 1.344058e+00 1.694727e-02
342 3.286112e+02 3.510450e+02 2.201423e+01 1.337857e+00 0.000000e+00
result for iter 11: 3.354895e-01 2.281613e-01
iter 12
294 3.293898e+02 2.579394e+02 2.300000e+01 6.521736e-01 8.642375e-01
295 3.288434e+02 2.581490e+02 2.299816e+01 6.503156e-01 7.727913e-01
296 3.305413e+02 2.588985e+02 2.299278e+01 6.464046e-01 6.838755e-01
297 3.315129e+02 2.598613e+02 2.298806e+01 6.431365e-01 6.735455e-01
298 3.327986e+02 2.606109e+02 2.298549e+01 6.389606e-01 6.476500e-01
299 3.321346e+02 2.612194e+02 2.296910e+01 6.403719e-01 5.688101e-01
300 3.325668e+02 2.616420e+02 2.295454e+01 6.432603e-01 5.418176e-01
301 3.350000e+02 2.612408e+02 2.294353e+01 6.466607e-01 5.479559e-01
302 3.369869e+02 2.615239e+02 2.293806e+01 6.543429e-01 5.403612e-01
303 3.388375e+02 2.631552e+02 2.295181e+01 6.676913e-01 5.757157e-01
304 3.384495e+02 2.627326e+02 2.295890e+01 6.645282e-01 5.112768e-01
305 3.403828e+02 2.639354e+02 2.296149e+01 6.831068e-01 5.314107e-01
306 3.411434e+02 2.631432e+02 2.296748e+01 6.946393e-01 5.173663e-01
307 3.428118e+02 2.628325e+02 2.299047e+01 7.240363e-01 4.998889e-01
308 3.443416e+02 2.630608e+02 2.300098e+01 7.368619e-01 4.842372e-01
309 3.464650e+02 2.646011e+02 2.299931e+01 7.316815e-01 4.696065e-01
310 3.468768e+02 2.643278e+02 2.301627e+01 7.570885e-01 4.296100e-01
311 3.493017e+02 2.661443e+02 2.302258e+01 7.523915e-01 4.424502e-01
312 3.501767e+02 2.663226e+02 2.303699e+01 7.772911e-01 3.998543e-01
313 3.515935e+02 2.667797e+02 2.307669e+01 8.012164e-01 4.022947e-01
314 3.535530e+02 2.670514e+02 2.309163e+01 8.258467e-01 4.101014e-01
315 3.554267e+02 2.675306e+02 2.314975e+01 8.484822e-01 4.210285e-01
316 3.569904e+02 2.680474e+02 2.317674e+01 8.617939e-01 3.936413e-01
317 3.620915e+02 2.692527e+02 2.319815e+01 8.843092e-01 3.689109e-01
318 3.595443e+02 2.687233e+02 2.320783e+01 9.055474e-01 3.911233e-01
319 3.659005e+02 2.720717e+02 2.322380e+01 9.294151e-01 3.440465e-01
320 3.626692e+02 2.740860e+02 2.321477e+01 9.567858e-01 3.394577e-01
321 3.624834e+02 2.742479e+02 2.317115e+01 9.609623e-01 2.975446e-01
322 3.593845e+02 2.773265e+02 2.315363e+01 9.376715e-01 2.737889e-01
323 3.595992e+02 2.797470e+02 2.309475e+01 9.453675e-01 2.477782e-01
324 3.666361e+02 2.793036e+02 2.319927e+01 1.028207e+00 2.605403e-01
325 3.596183e+02 2.813131e+02 2.313915e+01 1.047064e+00 2.246070e-01
326 3.596456e+02 2.849009e+02 2.310269e+01 1.065620e+00 2.034914e-01
327 3.557213e+02 2.887283e+02 2.298528e+01 1.063497e+00 1.744938e-01
328 3.545128e+02 2.903902e+02 2.288800e+01 1.043258e+00 1.592892e-01
329 3.531684e+02 2.931771e+02 2.285607e+01 1.027092e+00 1.212823e-01
330 3.521252e+02 2.942443e+02 2.283125e+01 1.029226e+00 1.006190e-01
331 3.511411e+02 2.990611e+02 2.288529e+01 9.802366e-01 8.151563e-02
332 3.471964e+02 3.048853e+02 2.287828e+01 9.865713e-01 6.266830e-02
333 3.378277e+02 3.077989e+02 2.274341e+01 1.145305e+00 6.048838e-02
334 3.286815e+02 3.156612e+02 2.274454e+01 1.151457e+00 4.815788e-02
335 3.156053e+02 3.254760e+02 2.269301e+01 1.172021e+00 2.846438e-02
336 2.970941e+02 3.289171e+02 2.267459e+01 1.142592e+00 2.029604e-02
337 2.827699e+02 3.223465e+02 2.267099e+01 1.157600e+00 1.448900e-02
338 2.598760e+02 3.276621e+02 2.264892e+01 1.136098e+00 1.209608e-02
339 2.695549e+02 3.499587e+02 2.267214e+01 1.167597e+00 1.132193e-02
340 3.045055e+02 3.628791e+02 2.267350e+01 1.229864e+00 1.202172e-02
341 3.379779e+02 3.297922e+02 2.257145e+01 1.275414e+00 0.000000e+00
342 3.334290e+02 3.496039e+02 2.256473e+01 1.277824e+00 0.000000e+00
result for iter 12: 3.303677e-01 2.304786e-01
iter 13
294 3.301404e+02 2.593893e+02 2.300000e+01 6.521735e-01 9.376416e-01
295 3.289559e+02 2.599122e+02 2.300491e+01 6.497213e-01 7.322993e-01
296 3.303558e+02 2.591502e+02 2.301468e+01 6.489215e-01 6.819716e-01
297 3.307367e+02 2.598454e+02 2.302202e+01 6.493867e-01 6.564357e-01
298 3.323946e+02 2.610564e+02 2.303347e+01 6.450612e-01 6.444897e-01
299 3.318783e+02 2.611057e+02 2.303720e+01 6.386096e-01 5.633214e-01
300 3.324543e+02 2.610917e+02 2.303758e+01 6.379848e-01 5.385058e-01
301 3.356022e+02 2.613197e+02 2.304519e+01 6.239080e-01 5.497583e-01
302 3.369052e+02 2.629684e+02 2.305545e+01 6.126160e-01 5.093200e-01
303 3.383597e+02 2.643960e+02 2.307346e+01 6.150966e-01 5.244634e-01
304 3.383089e+02 2.647980e+02 2.309814e+01 5.918656e-01 4.581029e-01
305 3.399125e+02 2.658614e+02 2.311913e+01 5.738748e-01 4.429154e-01
306 3.405353e+02 2.658156e+02 2.313745e+01 5.670093e-01 4.166046e-01
307 3.417417e+02 2.667740e+02 2.314620e+01 5.692971e-01 3.791195e-01
308 3.436473e+02 2.670830e+02 2.314292e+01 5.759405e-01 3.714075e-01
309 3.465270e+02 2.682278e+02 2.314455e+01 5.764831e-01 3.757682e-01
310 3.473652e+02 2.697622e+02 2.314334e+01 5.516535e-01 3.236139e-01
311 3.511077e+02 2.712479e+02 2.313313e+01 5.611931e-01 3.436132e-01
312 3.500502e+02 2.700379e+02 2.307113e+01 5.992663e-01 3.073876e-01
313 3.502239e+02 2.689144e+02 2.304554e+01 6.925968e-01 3.237516e-01
314 3.534254e+02 2.673437e+02 2.294721e+01 8.624206e-01 4.204715e-01
315 3.553548e+02 2.660870e+02 2.290988e+01 9.108861e-01 4.426761e-01
316 3.569194e+02 2.661921e+02 2.289415e+01 9.305343e-01 4.147381e-01
317 3.601461e+02 2.669871e+02 2.288088e+01 9.581154e-01 3.888427e-01
318 3.578255e+02 2.665297e+02 2.285649e+01 9.771217e-01 4.007358e-01
319 3.615738e+02 2.700724e+02 2.284657e+01 1.008281e+00 3.612139e-01
320 3.599815e+02 2.739540e+02 2.285683e+01 1.045254e+00 3.594977e-01
321 3.577443e+02 2.738028e+02 2.286454e+01 1.101259e+00 3.320208e-01
322 3.571917e+02 2.756060e+02 2.289191e+01 1.154398e+00 3.294934e-01
323 3.586910e+02 2.753025e+02 2.291627e+01 1.206285e+00 3.112961e-01
324 3.631822e+02 2.779566e+02 2.291203e+01 1.236353e+00 3.055735e-01
325 3.587552e+02 2.786338e+02 2.291500e+01 1.275138e+00 2.682577e-01
326 3.608000e+02 2.815907e+02 2.293214e+01 1.333990e+00 2.509921e-01
327 3.592554e+02 2.868267e+02 2.293616e+01 1.385564e+00 2.263664e-01
328 3.583851e+02 2.860058e+02 2.295212e+01 1.437455e+00 2.207085e-01
329 3.549229e+02 2.864604e+02 2.298789e+01 1.462672e+00 1.747149e-01
330 3.531527e+02 2.875983e+02 2.299428e+01 1.501583e+00 1.489014e-01
331 3.526445e+02 2.915341e+02 2.299179e+01 1.520197e+00 1.275977e-01
332 3.500408e+02 2.950198e+02 2.300469e+01 1.544679e+00 9.920735e-02
333 3.413582e+02 3.018493e+02 2.301547e+01 1.557123e+00 8.421746e-02
334 3.308609e+02 3.091348e+02 2.301166e+01 1.555905e+00 6.661076e-02
335 3.164783e+02 3.139000e+02 2.301411e+01 1.565774e+00 3.911107e-02
336 3.023656e+02 3.123483e+02 2.304847e+01 1.578354e+00 2.896876e-02
337 2.845375e+02 3.168636e+02 2.305797e+01 1.559213e+00 2.018768e-02
338 2.410350e+02 3.476181e+02 2.288211e+01 1.794352e+00 1.949995e-02
339 2.158846e+02 3.630767e+02 2.284402e+01 1.861535e+00 1.832563e-02
340 1.899880e+02 3.623550e+02 2.277973e+01 1.954025e+00 1.927966e-02
341 1.521647e+02 3.638380e+02 2.276935e+01 1.977498e+00 2.349808e-02
342 1.133498e+02 3.761207e+02 2.277182e+01 1.979563e+00 2.406317e-02
result for iter 13: 3.266849e-01 2.129274e-01
iter 14
294 3.298684e+02 2.608813e+02 2.300000e+01 6.521742e-01 8.315475e-01
295 3.280939e+02 2.600627e+02 2.299710e+01 6.532911e-01 6.929103e-01
296 3.316983e+02 2.598226e+02 2.299498e+01 6.543293e-01 7.295922e-01
297 3.305533e+02 2.591817e+02 2.299373e+01 6.611226e-01 6.603286e-01
298 3.329078e+02 2.600511e+02 2.298614e+01 6.601079e-01 6.724767e-01
299 3.320827e+02 2.605618e+02 2.298191e+01 6.592074e-01 5.846669e-01
300 3.325116e+02 2.606840e+02 2.297798e+01 6.587945e-01 5.545657e-01
301 3.349495e+02 2.606321e+02 2.296676e+01 6.583765e-01 5.576839e-01
302 3.369504e+02 2.610237e+02 2.295615e+01 6.650078e-01 5.491399e-01
303 3.390205e+02 2.626744e+02 2.294716e+01 6.787011e-01 5.898798e-01
304 3.390939e+02 2.627966e+02 2.294283e+01 6.720454e-01 5.326072e-01
305 3.407070e+02 2.652622e+02 2.289950e+01 6.296465e-01 4.945011e-01
306 3.424963e+02 2.658838e+02 2.286838e+01 5.949524e-01 4.674124e-01
307 3.421997e+02 2.667160e+02 2.283995e+01 5.625411e-01 3.723505e-01
308 3.426062e+02 2.666188e+02 2.283888e+01 5.603137e-01 3.345702e-01
309 3.460590e+02 2.677895e+02 2.286645e+01 5.836200e-01 3.634812e-01
310 3.470087e+02 2.684058e+02 2.290265e+01 6.132652e-01 3.465694e-01
311 3.499820e+02 2.691367e+02 2.287450e+01 6.404422e-01 3.831148e-01
312 3.492121e+02 2.669937e+02 2.290555e+01 7.234716e-01 3.509265e-01
313 3.497249e+02 2.675326e+02 2.293439e+01 7.565091e-01 3.407790e-01
314 3.530871e+02 2.682393e+02 2.293046e+01 8.070226e-01 3.869351e-01
315 3.549912e+02 2.675526e+02 2.292507e+01 8.375971e-01 4.075986e-01
316 3.560908e+02 2.688886e+02 2.292001e+01 8.598795e-01 3.841137e-01
317 3.596565e+02 2.692024e+02 2.291936e+01 8.799188e-01 3.583093e-01
318 3.578187e+02 2.671576e+02 2.291913e+01 9.614731e-01 4.050109e-01
319 3.606987e+02 2.694534e+02 2.292783e+01 1.020541e+00 3.682112e-01
320 3.601168e+02 2.723879e+02 2.291931e+01 1.047603e+00 3.622782e-01
321 3.585539e+02 2.739587e+02 2.293707e+01 1.082517e+00 3.284442e-01
322 3.572486e+02 2.766993e+02 2.294173e+01 1.102670e+00 3.161004e-01
323 3.566471e+02 2.768285e+02 2.292826e+01 1.126737e+00 2.910721e-01
324 3.601570e+02 2.782778e+02 2.293401e+01 1.149509e+00 2.846546e-01
325 3.565664e+02 2.793831e+02 2.293160e+01 1.164318e+00 2.452991e-01
326 3.581216e+02 2.833880e+02 2.293784e+01 1.195680e+00 2.250809e-01
327 3.558957e+02 2.877298e+02 2.294576e+01 1.205747e+00 1.971538e-01
328 3.551381e+02 2.884719e+02 2.294856e+01 1.215622e+00 1.865902e-01
329 3.541189e+02 2.891457e+02 2.291746e+01 1.253298e+00 1.487894e-01
330 3.524725e+02 2.889726e+02 2.288927e+01 1.280906e+00 1.258611e-01
331 3.518712e+02 2.931613e+02 2.287292e+01 1.312224e+00 1.090055e-01
332 3.498339e+02 2.977842e+02 2.287181e+01 1.353070e+00 8.590018e-02
333 3.403415e+02 3.038143e+02 2.288128e+01 1.440145e+00 7.698507e-02
334 3.303957e+02 3.108543e+02 2.287463e+01 1.480784e+00 6.264198e-02
335 3.163137e+02 3.163769e+02 2.288191e+01 1.557798e+00 3.846608e-02
336 3.020179e+02 3.151341e+02 2.287694e+01 1.615047e+00 2.920265e-02
337 2.840737e+02 3.157414e+02 2.290410e+01 1.719070e+00 2.196134e-02
338 2.616506e+02 3.202252e+02 2.285115e+01 1.662539e+00 1.801862e-02
339 2.632146e+02 3.460225e+02 2.276707e+01 1.486693e+00 1.453711e-02
340 2.535012e+02 3.592874e+02 2.281236e+01 1.585526e+00 1.568866e-02
341 3.147089e+02 3.835633e+02 2.263101e+01 1.323127e+00 1.754310e-02
342 3.262124e+02 3.485018e+02 2.267328e+01 1.367904e+00 0.000000e+00
result for iter 14: 3.249093e-01 2.174327e-01
iter 15
294 3.300429e+02 2.586572e+02 2.300000e+01 6.521742e-01 9.364880e-01
295 3.325687e+02 2.590213e+02 2.300004e+01 6.542069e-01 8.971611e-01
296 3.337113e+02 2.595585e+02 2.300445e+01 6.557975e-01 7.415621e-01
297 3.322475e+02 2.595431e+02 2.300594e+01 6.576623e-01 7.145930e-01
298 3.327865e+02 2.599408e+02 2.300767e+01 6.609261e-01 6.708698e-01
299 3.323567e+02 2.603779e+02 2.301324e+01 6.590191e-01 5.946728e-01
300 3.334065e+02 2.606090e+02 2.301857e+01 6.574408e-01 5.810158e-01
301 3.353018e+02 2.606881e+02 2.303016e+01 6.500842e-01 5.637053e-01
302 3.361006e+02 2.619499e+02 2.304315e+01 6.464669e-01 5.171944e-01
303 3.387041e+02 2.635541e+02 2.304386e+01 6.500669e-01 5.616990e-01
304 3.390144e+02 2.627352e+02 2.304549e+01 6.566234e-01 5.232880e-01
305 3.400844e+02 2.643359e+02 2.303421e+01 6.580531e-01 5.081123e-01
306 3.408717e+02 2.632227e+02 2.302840e+01 6.771573e-01 5.006347e-01
307 3.419273e+02 2.633803e+02 2.303717e+01 6.917131e-01 4.601527e-01
308 3.441263e+02 2.638688e+02 2.303947e+01 7.019946e-01 4.584398e-01
309 3.463968e+02 2.654937e+02 2.304752e+01 7.113644e-01 4.571155e-01
310 3.474604e+02 2.663929e+02 2.306430e+01 7.147598e-01 4.181643e-01
311 3.507325e+02 2.676230e+02 2.309882e+01 7.165186e-01 4.374169e-01
312 3.497585e+02 2.669009e+02 2.311971e+01 7.310381e-01 3.714433e-01
313 3.501852e+02 2.676769e+02 2.315328e+01 7.499229e-01 3.534503e-01
314 3.527109e+02 2.679514e+02 2.316789e+01 7.685929e-01 3.699800e-01
315 3.547567e+02 2.679776e+02 2.317426e+01 7.987970e-01 3.972137e-01
316 3.561668e+02 2.686227e+02 2.315767e+01 8.575054e-01 3.910382e-01
317 3.624147e+02 2.691582e+02 2.315415e+01 8.988565e-01 3.735585e-01
318 3.598003e+02 2.678842e+02 2.317974e+01 9.512543e-01 4.098710e-01
319 3.625549e+02 2.702752e+02 2.313843e+01 1.011440e+00 3.716623e-01
320 3.594507e+02 2.734280e+02 2.319950e+01 1.038494e+00 3.679624e-01
321 3.581174e+02 2.740929e+02 2.323186e+01 1.081159e+00 3.365180e-01
322 3.559979e+02 2.758142e+02 2.329468e+01 1.095525e+00 3.237898e-01
323 3.570653e+02 2.767733e+02 2.336685e+01 1.110431e+00 2.979393e-01
324 3.602205e+02 2.800311e+02 2.336654e+01 1.162976e+00 2.989549e-01
325 3.573405e+02 2.795096e+02 2.336721e+01 1.200839e+00 2.626961e-01
326 3.602830e+02 2.829590e+02 2.337412e+01 1.214598e+00 2.374223e-01
327 3.567870e+02 2.866305e+02 2.332951e+01 1.261270e+00 2.131882e-01
328 3.552332e+02 2.864050e+02 2.330020e+01 1.269852e+00 2.009330e-01
329 3.537008e+02 2.880373e+02 2.323422e+01 1.286883e+00 1.570291e-01
330 3.523651e+02 2.892271e+02 2.321396e+01 1.301107e+00 1.314988e-01
331 3.519527e+02 2.932915e+02 2.316638e+01 1.321865e+00 1.126421e-01
332 3.491529e+02 2.972706e+02 2.314379e+01 1.351387e+00 8.784588e-02
333 3.396512e+02 3.045610e+02 2.326321e+01 1.338601e+00 7.396567e-02
334 3.291504e+02 3.108204e+02 2.335256e+01 1.321158e+00 5.824910e-02
335 3.157999e+02 3.170694e+02 2.345784e+01 1.317691e+00 3.419571e-02
336 2.994317e+02 3.188287e+02 2.345820e+01 1.347639e+00 2.562149e-02
337 2.823743e+02 3.193771e+02 2.357023e+01 1.333815e+00 1.804521e-02
338 2.625571e+02 3.274169e+02 2.374940e+01 1.307826e+00 1.531048e-02
339 2.735531e+02 3.505121e+02 2.370222e+01 1.327618e+00 1.407000e-02
340 3.432925e+02 3.235268e+02 2.283906e+01 1.695469e+00 1.009644e-02
341 3.460034e+02 3.193634e+02 2.280253e+01 1.724398e+00 0.000000e+00
342 3.359715e+02 3.479381e+02 2.280107e+01 1.719105e+00 0.000000e+00
result for iter 15: 3.440506e-01 2.363374e-01
iter 16
294 3.291812e+02 2.607148e+02 2.300000e+01 6.521737e-01 8.156408e-01
295 3.279145e+02 2.569615e+02 2.300222e+01 6.490654e-01 6.843226e-01
296 3.299219e+02 2.581701e+02 2.300539e+01 6.426818e-01 6.611375e-01
297 3.298819e+02 2.596408e+02 2.300906e+01 6.358960e-01 6.142225e-01
298 3.317504e+02 2.612677e+02 2.301738e+01 6.195723e-01 5.995315e-01
299 3.321225e+02 2.617021e+02 2.302083e+01 6.077923e-01 5.422079e-01
300 3.327613e+02 2.612775e+02 2.302604e+01 5.986455e-01 5.127014e-01
301 3.345835e+02 2.620361e+02 2.303600e+01 5.868807e-01 4.911921e-01
302 3.369607e+02 2.640215e+02 2.304360e+01 5.682664e-01 4.731435e-01
303 3.389109e+02 2.652136e+02 2.304278e+01 5.704578e-01 4.975509e-01
304 3.381788e+02 2.649573e+02 2.307801e+01 5.415635e-01 4.157193e-01
305 3.410623e+02 2.678529e+02 2.308947e+01 5.370912e-01 4.360432e-01
306 3.405195e+02 2.672641e+02 2.309529e+01 5.296517e-01 3.873571e-01
307 3.405670e+02 2.674136e+02 2.310429e+01 5.311560e-01 3.325153e-01
308 3.431123e+02 2.681487e+02 2.311239e+01 5.194633e-01 3.258625e-01
309 3.462167e+02 2.698528e+02 2.312413e+01 5.154059e-01 3.307644e-01
310 3.485717e+02 2.709104e+02 2.313306e+01 5.220382e-01 3.145973e-01
311 3.518425e+02 2.718986e+02 2.315295e+01 5.291125e-01 3.245260e-01
312 3.510281e+02 2.697371e+02 2.313758e+01 5.913944e-01 3.192653e-01
313 3.492900e+02 2.677698e+02 2.313173e+01 6.631527e-01 2.974596e-01
314 3.514296e+02 2.679355e+02 2.312626e+01 7.253400e-01 3.274563e-01
315 3.548103e+02 2.690827e+02 2.310324e+01 7.768591e-01 3.839407e-01
316 3.570443e+02 2.697992e+02 2.308326e+01 8.102028e-01 3.670966e-01
317 3.614835e+02 2.702675e+02 2.305707e+01 8.445144e-01 3.480372e-01
318 3.584138e+02 2.678641e+02 2.299526e+01 9.088195e-01 3.853785e-01
319 3.603855e+02 2.713777e+02 2.297893e+01 9.384839e-01 3.401160e-01
320 3.569732e+02 2.744992e+02 2.295375e+01 9.731061e-01 3.375280e-01
321 3.554603e+02 2.752383e+02 2.295305e+01 9.952453e-01 3.023860e-01
322 3.540918e+02 2.766809e+02 2.295816e+01 1.018122e+00 2.922815e-01
323 3.553346e+02 2.778978e+02 2.295256e+01 1.043065e+00 2.700282e-01
324 3.590061e+02 2.797164e+02 2.295506e+01 1.068478e+00 2.650747e-01
325 3.572522e+02 2.802313e+02 2.296396e+01 1.085660e+00 2.293732e-01
326 3.584976e+02 2.861787e+02 2.295590e+01 1.104343e+00 2.082146e-01
327 3.557777e+02 2.893687e+02 2.295499e+01 1.121783e+00 1.835723e-01
328 3.550283e+02 2.885642e+02 2.296660e+01 1.135409e+00 1.745519e-01
329 3.541806e+02 2.909736e+02 2.297776e+01 1.157793e+00 1.381755e-01
330 3.523347e+02 2.919394e+02 2.300106e+01 1.177807e+00 1.168637e-01
331 3.517064e+02 2.949114e+02 2.302541e+01 1.198171e+00 1.008628e-01
332 3.489082e+02 2.991736e+02 2.305080e+01 1.221801e+00 7.878531e-02
333 3.398504e+02 3.074541e+02 2.309998e+01 1.250467e+00 6.812950e-02
334 3.296215e+02 3.147220e+02 2.312462e+01 1.291933e+00 5.585402e-02
335 3.161539e+02 3.217928e+02 2.309657e+01 1.318382e+00 3.316795e-02
336 2.990288e+02 3.214685e+02 2.314601e+01 1.355057e+00 2.508135e-02
337 2.838631e+02 3.191920e+02 2.316458e+01 1.383115e+00 1.807366e-02
338 2.648694e+02 3.274762e+02 2.318403e+01 1.390296e+00 1.551025e-02
339 2.700486e+02 3.476567e+02 2.317355e+01 1.383431e+00 1.401474e-02
340 2.940139e+02 3.722492e+02 2.315035e+01 1.378239e+00 1.404467e-02
341 3.340272e+02 3.289922e+02 2.317458e+01 1.403932e+00 0.000000e+00
342 3.291800e+02 3.484008e+02 2.317851e+01 1.408897e+00 0.000000e+00
result for iter 16: 2.952931e-01 2.003308e-01
iter 17
294 3.277402e+02 2.591407e+02 2.300000e+01 6.521741e-01 8.502186e-01
295 3.265240e+02 2.587750e+02 2.300152e+01 6.530006e-01 6.855017e-01
296 3.310552e+02 2.597834e+02 2.300300e+01 6.574267e-01 7.127790e-01
297 3.318815e+02 2.596977e+02 2.300478e+01 6.556822e-01 7.000992e-01
298 3.331079e+02 2.603099e+02 2.300262e+01 6.551121e-01 6.744747e-01
299 3.325224e+02 2.603008e+02 2.299704e+01 6.552679e-01 5.954304e-01
300 3.325611e+02 2.609458e+02 2.299345e+01 6.541483e-01 5.528624e-01
301 3.350474e+02 2.606076e+02 2.298200e+01 6.532417e-01 5.568475e-01
302 3.367319e+02 2.615770e+02 2.299009e+01 6.451529e-01 5.290371e-01
303 3.387559e+02 2.632085e+02 2.297800e+01 6.397927e-01 5.508857e-01
304 3.382340e+02 2.637281e+02 2.295874e+01 6.111448e-01 4.652315e-01
305 3.398548e+02 2.662357e+02 2.294205e+01 6.067906e-01 4.595459e-01
306 3.407671e+02 2.662316e+02 2.292470e+01 5.968142e-01 4.348721e-01
307 3.412266e+02 2.657327e+02 2.292794e+01 6.084180e-01 3.872612e-01
308 3.423785e+02 2.657121e+02 2.293706e+01 6.312704e-01 3.761611e-01
309 3.450539e+02 2.678071e+02 2.291593e+01 6.024416e-01 3.596256e-01
310 3.474320e+02 2.689413e+02 2.291555e+01 6.005879e-01 3.463571e-01
311 3.517270e+02 2.702020e+02 2.291185e+01 6.143704e-01 3.690109e-01
312 3.509679e+02 2.680137e+02 2.293759e+01 6.988591e-01 3.696298e-01
313 3.506863e+02 2.675599e+02 2.295319e+01 7.349064e-01 3.487238e-01
314 3.531968e+02 2.672564e+02 2.296722e+01 7.788794e-01 3.765299e-01
315 3.541406e+02 2.671833e+02 2.297916e+01 8.165085e-01 3.992136e-01
316 3.559495e+02 2.685413e+02 2.297468e+01 8.480536e-01 3.806402e-01
317 3.583634e+02 2.696978e+02 2.297160e+01 8.692419e-01 3.555772e-01
318 3.576881e+02 2.685103e+02 2.296810e+01 8.928082e-01 3.776953e-01
319 3.638500e+02 2.713966e+02 2.298226e+01 9.669436e-01 3.505316e-01
320 3.595451e+02 2.738427e+02 2.296941e+01 1.014540e+00 3.523799e-01
321 3.571029e+02 2.744482e+02 2.295980e+01 1.034269e+00 3.144274e-01
322 3.565486e+02 2.758241e+02 2.294199e+01 1.037744e+00 2.974947e-01
323 3.574278e+02 2.773609e+02 2.293925e+01 1.057874e+00 2.735448e-01
324 3.618988e+02 2.794645e+02 2.293826e+01 1.098869e+00 2.722153e-01
325 3.589528e+02 2.805261e+02 2.289902e+01 1.116425e+00 2.345409e-01
326 3.600670e+02 2.832794e+02 2.290422e+01 1.166860e+00 2.190122e-01
327 3.563108e+02 2.860666e+02 2.288851e+01 1.195889e+00 1.945675e-01
328 3.545868e+02 2.862582e+02 2.284729e+01 1.241744e+00 1.889210e-01
329 3.537031e+02 2.886792e+02 2.282638e+01 1.277745e+00 1.504884e-01
330 3.527059e+02 2.882876e+02 2.283675e+01 1.354888e+00 1.325202e-01
331 3.517175e+02 2.923927e+02 2.283491e+01 1.380916e+00 1.143308e-01
332 3.491377e+02 2.976346e+02 2.283130e+01 1.391584e+00 8.803254e-02
333 3.400404e+02 3.048754e+02 2.284647e+01 1.379934e+00 7.354214e-02
334 3.300012e+02 3.122808e+02 2.282778e+01 1.414135e+00 5.957771e-02
335 3.161322e+02 3.179417e+02 2.274901e+01 1.437468e+00 3.508371e-02
336 3.018034e+02 3.149991e+02 2.281871e+01 1.553872e+00 2.795368e-02
337 2.839421e+02 3.177645e+02 2.285422e+01 1.472292e+00 1.872689e-02
338 2.664352e+02 3.272504e+02 2.284939e+01 1.418804e+00 1.537465e-02
339 2.552500e+02 3.432260e+02 2.285253e+01 1.394351e+00 1.373672e-02
340 2.585080e+02 3.668533e+02 2.287411e+01 1.405520e+00 1.398291e-02
341 3.312964e+02 3.262529e+02 2.244835e+01 1.380713e+00 0.000000e+00
342 3.251167e+02 3.472991e+02 2.245774e+01 1.389468e+00 0.000000e+00
result for iter 17: 3.194938e-01 2.165425e-01
iter 18
294 3.297100e+02 2.612092e+02 2.300000e+01 6.521735e-01 8.048978e-01
295 3.321307e+02 2.607924e+02 2.300212e+01 6.494241e-01 7.911562e-01
296 3.330102e+02 2.599602e+02 2.300502e+01 6.463646e-01 7.309319e-01
297 3.313315e+02 2.596214e+02 2.300777e+01 6.433099e-01 6.689874e-01
298 3.321602e+02 2.604671e+02 2.300883e+01 6.393818e-01 6.304170e-01
299 3.316181e+02 2.610109e+02 2.301194e+01 6.424939e-01 5.575827e-01
300 3.323889e+02 2.611200e+02 2.301002e+01 6.397901e-01 5.368099e-01
301 3.351372e+02 2.609451e+02 2.301056e+01 6.392700e-01 5.488391e-01
302 3.371114e+02 2.620350e+02 2.300590e+01 6.421220e-01 5.365031e-01
303 3.395276e+02 2.634627e+02 2.299865e+01 6.422942e-01 5.737171e-01
304 3.387609e+02 2.632538e+02 2.297702e+01 6.626915e-01 5.185052e-01
305 3.401842e+02 2.645839e+02 2.296233e+01 6.515309e-01 5.021691e-01
306 3.411096e+02 2.627010e+02 2.296298e+01 6.804704e-01 5.057937e-01
307 3.433321e+02 2.627565e+02 2.298038e+01 7.390245e-01 5.219473e-01
308 3.446139e+02 2.637151e+02 2.298274e+01 7.625161e-01 5.063939e-01
309 3.469761e+02 2.650130e+02 2.296027e+01 7.527419e-01 4.924382e-01
310 3.475106e+02 2.656536e+02 2.295166e+01 7.719727e-01 4.481833e-01
311 3.495023e+02 2.655600e+02 2.296765e+01 7.956843e-01 4.698379e-01
312 3.496375e+02 2.646762e+02 2.299211e+01 8.487061e-01 4.237438e-01
313 3.510939e+02 2.655164e+02 2.300753e+01 8.734194e-01 4.252019e-01
314 3.529297e+02 2.660523e+02 2.299710e+01 8.746710e-01 4.188567e-01
315 3.551765e+02 2.661521e+02 2.301564e+01 9.074190e-01 4.450718e-01
316 3.570271e+02 2.672351e+02 2.304393e+01 9.406219e-01 4.247376e-01
317 3.625197e+02 2.680415e+02 2.306260e+01 9.602039e-01 3.959046e-01
318 3.591312e+02 2.670537e+02 2.308439e+01 1.007059e+00 4.303533e-01
319 3.618960e+02 2.698709e+02 2.311432e+01 1.057100e+00 3.876314e-01
320 3.596140e+02 2.722930e+02 2.313013e+01 1.090968e+00 3.842470e-01
321 3.577733e+02 2.721035e+02 2.312147e+01 1.127364e+00 3.475729e-01
322 3.563392e+02 2.745245e+02 2.320107e+01 1.205280e+00 3.533712e-01
323 3.581544e+02 2.764242e+02 2.322445e+01 1.227836e+00 3.254369e-01
324 3.615258e+02 2.792384e+02 2.323947e+01 1.265858e+00 3.218718e-01
325 3.592902e+02 2.786857e+02 2.324108e+01 1.284119e+00 2.778904e-01
326 3.606848e+02 2.811174e+02 2.325013e+01 1.322717e+00 2.558211e-01
327 3.592159e+02 2.861042e+02 2.326921e+01 1.358071e+00 2.283652e-01
328 3.564733e+02 2.861157e+02 2.324685e+01 1.368383e+00 2.155336e-01
329 3.549133e+02 2.853266e+02 2.326051e+01 1.389262e+00 1.699054e-01
330 3.530615e+02 2.864777e+02 2.325792e+01 1.401684e+00 1.422006e-01
331 3.519620e+02 2.910451e+02 2.327103e+01 1.431452e+00 1.230850e-01
332 3.495458e+02 2.963912e+02 2.326226e+01 1.456649e+00 9.566027e-02
333 3.407056e+02 3.020290e+02 2.326772e+01 1.498956e+00 8.285838e-02
334 3.309739e+02 3.090262e+02 2.325107e+01 1.506298e+00 6.583579e-02
335 3.162208e+02 3.147807e+02 2.322885e+01 1.505839e+00 3.831919e-02
336 3.011992e+02 3.144163e+02 2.324250e+01 1.566191e+00 2.923155e-02
337 2.845004e+02 3.169822e+02 2.327593e+01 1.569999e+00 2.071345e-02
338 2.671975e+02 3.242051e+02 2.328978e+01 1.567967e+00 1.765229e-02
339 2.697485e+02 3.452224e+02 2.333806e+01 1.541518e+00 1.583875e-02
340 3.162086e+02 3.519881e+02 2.341746e+01 1.542446e+00 1.608280e-02
341 3.526987e+02 3.370469e+02 2.344875e+01 1.521305e+00 0.000000e+00
342 3.381208e+02 3.504247e+02 2.345148e+01 1.522842e+00 0.000000e+00
result for iter 18: 3.515124e-01 2.224351e-01
iter 19
294 3.292572e+02 2.591270e+02 2.300000e+01 6.521743e-01 9.164024e-01
295 3.282221e+02 2.595096e+02 2.300394e+01 6.525087e-01 7.255010e-01
296 3.311648e+02 2.598541e+02 2.300914e+01 6.546762e-01 7.137143e-01
297 3.319281e+02 2.595128e+02 2.301555e+01 6.550686e-01 7.016926e-01
298 3.324062e+02 2.601969e+02 2.302937e+01 6.536608e-01 6.531937e-01
299 3.323046e+02 2.607239e+02 2.302703e+01 6.509923e-01 5.866172e-01
300 3.328564e+02 2.602368e+02 2.302655e+01 6.553996e-01 5.640327e-01
301 3.354476e+02 2.603249e+02 2.302726e+01 6.454863e-01 5.635811e-01
302 3.375101e+02 2.617499e+02 2.303781e+01 6.412745e-01 5.469838e-01
303 3.385464e+02 2.633685e+02 2.304843e+01 6.356758e-01 5.455048e-01
304 3.386179e+02 2.633218e+02 2.305316e+01 6.338507e-01 4.959782e-01
305 3.405881e+02 2.655412e+02 2.306914e+01 6.299698e-01 4.995894e-01
306 3.411151e+02 2.652233e+02 2.307524e+01 6.211828e-01 4.665769e-01
307 3.412197e+02 2.657933e+02 2.307724e+01 6.147066e-01 3.965942e-01
308 3.433317e+02 2.666147e+02 2.308132e+01 5.988993e-01 3.785166e-01
309 3.459984e+02 2.680480e+02 2.309201e+01 5.932759e-01 3.759462e-01
310 3.483022e+02 2.699280e+02 2.307926e+01 5.747476e-01 3.447527e-01
311 3.514828e+02 2.714001e+02 2.306156e+01 5.620838e-01 3.420324e-01
312 3.512812e+02 2.709186e+02 2.305856e+01 5.658875e-01 3.068429e-01
313 3.505501e+02 2.708287e+02 2.306934e+01 5.684938e-01 2.708464e-01
314 3.533193e+02 2.707549e+02 2.306521e+01 5.607101e-01 2.749253e-01
315 3.552757e+02 2.710792e+02 2.306856e+01 5.681731e-01 2.799613e-01
316 3.551705e+02 2.735697e+02 2.310522e+01 5.757467e-01 2.613631e-01
317 3.588009e+02 2.752808e+02 2.310256e+01 5.696801e-01 2.357012e-01
318 3.583567e+02 2.765522e+02 2.313460e+01 5.601990e-01 2.404361e-01
319 3.594081e+02 2.788968e+02 2.314015e+01 5.590559e-01 2.054605e-01
320 3.555147e+02 2.807514e+02 2.314276e+01 5.618564e-01 1.981062e-01
321 3.539594e+02 2.822726e+02 2.316372e+01 5.575255e-01 1.722148e-01
322 3.542588e+02 2.855482e+02 2.316108e+01 5.593108e-01 1.634173e-01
323 3.543596e+02 2.868183e+02 2.316815e+01 5.669405e-01 1.495396e-01
324 3.552978e+02 2.883760e+02 2.317901e+01 5.734420e-01 1.450525e-01
325 3.534247e+02 2.900480e+02 2.317519e+01 5.633469e-01 1.212210e-01
326 3.532689e+02 2.927879e+02 2.317507e+01 5.643984e-01 1.050327e-01
327 3.528504e+02 2.966688e+02 2.315508e+01 5.546047e-01 9.174974e-02
328 3.529688e+02 2.998961e+02 2.314330e+01 5.501692e-01 8.588667e-02
329 3.522890e+02 3.029654e+02 2.312254e+01 5.407834e-01 6.535504e-02
330 3.509960e+02 3.047642e+02 2.310285e+01 5.387836e-01 5.393312e-02
331 3.489017e+02 3.077703e+02 2.308962e+01 5.421018e-01 4.588935e-02
332 3.445643e+02 3.106756e+02 2.309078e+01 5.538644e-01 3.583880e-02
333 3.376303e+02 3.150006e+02 2.320458e+01 6.864397e-01 3.773892e-02
334 3.278660e+02 3.227989e+02 2.323367e+01 7.161586e-01 3.125434e-02
335 3.150054e+02 3.309022e+02 2.322501e+01 7.209843e-01 1.834088e-02
336 2.970775e+02 3.316415e+02 2.322866e+01 7.239369e-01 1.349554e-02
337 2.814884e+02 3.231223e+02 2.325116e+01 7.325824e-01 9.644611e-03
338 2.551058e+02 3.311875e+02 2.324688e+01 7.347597e-01 8.241537e-03
339 2.736839e+02 3.496347e+02 2.325675e+01 7.361388e-01 7.511046e-03
340 2.439018e+02 3.657042e+02 2.326738e+01 7.149267e-01 7.359166e-03
341 2.416344e+02 3.712223e+02 2.326762e+01 7.152420e-01 1.002430e-02
342 2.746121e+02 3.448572e+02 2.326144e+01 7.061783e-01 0.000000e+00
result for iter 19: 2.748897e-01 2.390171e-01
iter 20
294 3.282222e+02 2.603932e+02 2.300000e+01 6.521738e-01 7.975644e-01
295 3.267610e+02 2.585210e+02 2.300447e+01 6.526630e-01 6.946193e-01
296 3.310502e+02 2.589755e+02 2.300401e+01 6.536862e-01 7.086277e-01
297 3.311618e+02 2.592162e+02 2.300670e+01 6.551166e-01 6.755152e-01
298 3.327103e+02 2.606869e+02 2.301253e+01 6.577131e-01 6.655664e-01
299 3.321214e+02 2.607187e+02 2.300826e+01 6.654500e-01 5.928980e-01
300 3.326749e+02 2.603727e+02 2.301249e+01 6.721362e-01 5.723982e-01
301 3.353112e+02 2.600857e+02 2.300380e+01 6.738826e-01 5.831869e-01
302 3.367620e+02 2.613735e+02 2.298504e+01 6.643328e-01 5.452740e-01
303 3.387400e+02 2.628479e+02 2.297500e+01 6.635959e-01 5.708094e-01
304 3.388091e+02 2.625916e+02 2.297557e+01 6.702997e-01 5.256078e-01
305 3.399887e+02 2.645846e+02 2.298905e+01 6.664241e-01 5.101406e-01
306 3.403053e+02 2.636881e+02 2.298794e+01 6.633661e-01 4.753609e-01
307 3.417888e+02 2.637647e+02 2.297487e+01 6.799959e-01 4.468134e-01
308 3.438524e+02 2.639686e+02 2.295810e+01 6.907071e-01 4.422721e-01
309 3.465753e+02 2.658090e+02 2.293461e+01 6.924055e-01 4.440479e-01
310 3.473432e+02 2.665425e+02 2.290952e+01 7.046307e-01 4.045278e-01
311 3.502304e+02 2.674988e+02 2.289502e+01 7.204808e-01 4.321087e-01
312 3.498341e+02 2.673823e+02 2.288118e+01 7.337581e-01 3.660980e-01
313 3.506038e+02 2.673087e+02 2.282130e+01 7.722883e-01 3.603796e-01
314 3.530063e+02 2.663552e+02 2.270488e+01 8.432700e-01 3.947673e-01
315 3.553126e+02 2.661066e+02 2.263565e+01 8.962302e-01 4.251889e-01
316 3.575989e+02 2.666250e+02 2.258616e+01 9.405971e-01 4.080193e-01
317 3.627646e+02 2.677691e+02 2.257252e+01 9.656142e-01 3.813945e-01
318 3.615096e+02 2.675401e+02 2.252688e+01 1.026600e+00 4.177694e-01
319 3.647390e+02 2.702918e+02 2.248834e+01 1.088804e+00 3.779247e-01
320 3.632433e+02 2.718768e+02 2.244796e+01 1.153933e+00 3.828040e-01
321 3.628551e+02 2.725208e+02 2.242410e+01 1.195060e+00 3.465536e-01
322 3.623828e+02 2.753399e+02 2.238751e+01 1.237272e+00 3.377567e-01
323 3.642886e+02 2.750478e+02 2.234691e+01 1.302452e+00 3.196189e-01
324 3.662444e+02 2.783244e+02 2.231453e+01 1.363582e+00 3.196704e-01
325 3.608389e+02 2.772346e+02 2.225281e+01 1.393210e+00 2.764024e-01
326 3.630362e+02 2.795549e+02 2.224061e+01 1.465299e+00 2.593214e-01
327 3.614458e+02 2.865671e+02 2.221221e+01 1.525155e+00 2.336907e-01
328 3.605419e+02 2.857660e+02 2.218235e+01 1.569157e+00 2.250404e-01
329 3.603710e+02 2.867280e+02 2.212352e+01 1.592432e+00 1.761789e-01
330 3.553938e+02 2.874148e+02 2.202699e+01 1.544043e+00 1.405010e-01
331 3.523143e+02 2.907247e+02 2.196846e+01 1.552501e+00 1.189675e-01
332 3.496241e+02 2.957703e+02 2.194578e+01 1.595960e+00 9.328178e-02
333 3.404069e+02 3.030423e+02 2.187611e+01 1.579432e+00 7.717576e-02
334 3.304834e+02 3.101842e+02 2.179791e+01 1.560685e+00 5.995296e-02
335 3.171424e+02 3.196981e+02 2.169810e+01 1.501852e+00 3.334669e-02
336 3.016389e+02 3.199070e+02 2.169228e+01 1.558619e+00 2.533915e-02
337 2.856554e+02 3.196229e+02 2.161046e+01 1.500808e+00 1.706838e-02
338 2.699600e+02 3.288613e+02 2.159543e+01 1.503873e+00 1.455689e-02
339 2.647216e+02 3.459032e+02 2.160127e+01 1.502730e+00 1.322762e-02
340 2.880730e+02 3.702856e+02 2.160651e+01 1.500753e+00 1.332143e-02
341 3.263956e+02 3.289050e+02 2.164276e+01 1.469297e+00 0.000000e+00
342 3.273845e+02 3.475311e+02 2.163812e+01 1.474472e+00 0.000000e+00
result for iter 20: 3.408706e-01 2.177755e-01
