294 3.266140e+02 2.629668e+02 2.300006e+01 6.522077e-01 5.952462e-01
295 3.259944e+02 2.637616e+02 2.347344e+01 5.322509e-01 4.657351e-01
296 3.267230e+02 2.633484e+02 2.415269e+01 5.445018e-01 4.699427e-01
297 3.280904e+02 2.621270e+02 2.504752e+01 5.279206e-01 5.474710e-01
298 3.306236e+02 2.605067e+02 2.611205e+01 6.312222e-01 7.130555e-01
299 3.322278e+02 2.588031e+02 2.667488e+01 6.585916e-01 8.144768e-01
300 3.335820e+02 2.585933e+02 2.643478e+01 6.666620e-01 7.955829e-01
301 3.343523e+02 2.596349e+02 2.629450e+01 6.503809e-01 7.172084e-01
302 3.367815e+02 2.584711e+02 2.642078e+01 7.162131e-01 7.830866e-01
303 3.386909e+02 2.601299e+02 2.467070e+01 7.161211e-01 7.116105e-01
304 3.391989e+02 2.619495e+02 2.322825e+01 6.907922e-01 5.645611e-01
305 3.394923e+02 2.647221e+02 2.281571e+01 6.690350e-01 4.920501e-01
306 3.403687e+02 2.630456e+02 2.203437e+01 7.737735e-01 5.081636e-01
307 3.413871e+02 2.621487e+02 2.072778e+01 8.487951e-01 4.389898e-01
308 3.434665e+02 2.615806e+02 1.933485e+01 1.056058e+00 4.648087e-01
309 3.442653e+02 2.655440e+02 2.754680e+01 6.832819e-01 5.688616e-01
310 3.458997e+02 2.664029e+02 2.820521e+01 6.477487e-01 5.370868e-01
311 3.478730e+02 2.672122e+02 2.941021e+01 6.061926e-01 5.565358e-01
312 3.480814e+02 2.670493e+02 2.971459e+01 6.255482e-01 5.047290e-01
313 3.502740e+02 2.672471e+02 3.016769e+01 6.881923e-01 5.776247e-01
314 3.540852e+02 2.682257e+02 3.314047e+01 6.258083e-01 6.527246e-01
315 3.571088e+02 2.674346e+02 3.578678e+01 6.003359e-01 7.118946e-01
316 3.593234e+02 2.666866e+02 3.619548e+01 6.206966e-01 6.914813e-01
317 3.628914e+02 2.682779e+02 3.655214e+01 5.955619e-01 5.924668e-01
318 3.626400e+02 2.692013e+02 3.689885e+01 6.086219e-01 6.548130e-01
319 3.610466e+02 2.713980e+02 3.967409e+01 5.935624e-01 6.412406e-01
320 3.617865e+02 2.693838e+02 3.941418e+01 7.253193e-01 7.417824e-01
321 3.610020e+02 2.715946e+02 3.968257e+01 7.480508e-01 6.793310e-01
322 3.591390e+02 2.744105e+02 3.925623e+01 1.023893e+00 6.540467e-01
323 3.598128e+02 2.763031e+02 3.865659e+01 1.031134e+00 6.021110e-01
324 3.580279e+02 2.765818e+02 3.739282e+01 1.081101e+00 5.883237e-01
325 3.572464e+02 2.770725e+02 3.682309e+01 1.006737e+00 5.447860e-01
326 3.583919e+02 2.784237e+02 3.519071e+01 1.251471e+00 4.856988e-01
327 3.588972e+02 2.791596e+02 3.301215e+01 1.590634e+00 4.289567e-01
328 3.600539e+02 2.782023e+02 3.145650e+01 1.882572e+00 4.290564e-01
329 3.602810e+02 2.798176e+02 3.103575e+01 2.167275e+00 3.730913e-01
330 3.598246e+02 2.812596e+02 3.337010e+01 2.266922e+00 3.880245e-01
331 3.556442e+02 2.836969e+02 3.868631e+01 1.568410e+00 3.727105e-01
332 3.534793e+02 2.864226e+02 3.723159e+01 1.669018e+00 2.807740e-01
333 3.514145e+02 2.895507e+02 3.646425e+01 1.984557e+00 2.694250e-01
334 3.471900e+02 2.929905e+02 3.341606e+01 2.426401e+00 2.190475e-01
335 3.780253e+02 2.965635e+02 5.140536e+01 9.143680e-01 9.082958e-02
336 3.802350e+02 2.945152e+02 5.298818e+01 9.879830e-01 5.953049e-02
337 3.770792e+02 2.916635e+02 5.353182e+01 1.583187e+00 5.645089e-02
338 3.670845e+02 2.842669e+02 4.983501e+01 2.308258e+00 5.934093e-02
339 3.571627e+02 2.866033e+02 4.701519e+01 2.619259e+00 5.089903e-02
340 3.497657e+02 2.938644e+02 4.613313e+01 2.853675e+00 3.821951e-02
341 3.371023e+02 2.992345e+02 4.512478e+01 3.871620e+00 2.960556e-02
342 3.243298e+02 3.000921e+02 4.370311e+01 5.990124e+00 0.000000e+00
4.737447e-01 2.291859e-01
