iter 1
294 3.306295e+02 2.574514e+02 2.300000e+01 6.521738e-01 8.823187e-01
295 3.322897e+02 2.585304e+02 2.299805e+01 6.512915e-01 8.970695e-01
296 3.328950e+02 2.602288e+02 2.299563e+01 6.512248e-01 7.257975e-01
297 3.314331e+02 2.604787e+02 2.299449e+01 6.492508e-01 6.591892e-01
298 3.321921e+02 2.607164e+02 2.299007e+01 6.486469e-01 6.394283e-01
299 3.319716e+02 2.612326e+02 2.298515e+01 6.471079e-01 5.707710e-01
300 3.328252e+02 2.603541e+02 2.298869e+01 6.462980e-01 5.533581e-01
301 3.367517e+02 2.593714e+02 2.298637e+01 6.618896e-01 6.124668e-01
302 3.378785e+02 2.606779e+02 2.297502e+01 6.702788e-01 5.778934e-01
303 3.388253e+02 2.627494e+02 2.296702e+01 6.731261e-01 5.808662e-01
304 3.390256e+02 2.627249e+02 2.296242e+01 6.685368e-01 5.290496e-01
305 3.397139e+02 2.652033e+02 2.298810e+01 6.274281e-01 4.739572e-01
306 3.411225e+02 2.648030e+02 2.298442e+01 6.371545e-01 4.748130e-01
307 3.421821e+02 2.640891e+02 2.296897e+01 6.822298e-01 4.565271e-01
308 3.437409e+02 2.637182e+02 2.295447e+01 7.273640e-01 4.632116e-01
309 3.460757e+02 2.651117e+02 2.297080e+01 7.381197e-01 4.643509e-01
310 3.469572e+02 2.651625e+02 2.296812e+01 7.455292e-01 4.227888e-01
311 3.495545e+02 2.653508e+02 2.297090e+01 7.602185e-01 4.500675e-01
312 3.495157e+02 2.662420e+02 2.295495e+01 7.790153e-01 3.853283e-01
313 3.513253e+02 2.684335e+02 2.295001e+01 7.805293e-01 3.823092e-01
314 3.543724e+02 2.684831e+02 2.294318e+01 7.970622e-01 3.984473e-01
315 3.547451e+02 2.677778e+02 2.292820e+01 8.205281e-01 3.994014e-01
316 3.552518e+02 2.694465e+02 2.291605e+01 8.458507e-01 3.777162e-01
317 3.620629e+02 2.702649e+02 2.291591e+01 8.574134e-01 3.490397e-01
318 3.567480e+02 2.681944e+02 2.289493e+01 8.847669e-01 3.719126e-01
319 3.598320e+02 2.716741e+02 2.288161e+01 8.889798e-01 3.194521e-01
320 3.567189e+02 2.754413e+02 2.286990e+01 9.078170e-01 3.125857e-01
321 3.552033e+02 2.762933e+02 2.285891e+01 9.202654e-01 2.773159e-01
322 3.542727e+02 2.775089e+02 2.284620e+01 9.456058e-01 2.688222e-01
323 3.549387e+02 2.786442e+02 2.285082e+01 9.771336e-01 2.507226e-01
324 3.569396e+02 2.804510e+02 2.283801e+01 9.872074e-01 2.424214e-01
325 3.545570e+02 2.815067e+02 2.283557e+01 1.006342e+00 2.102445e-01
326 3.559554e+02 2.857485e+02 2.284412e+01 1.051061e+00 1.962436e-01
327 3.551214e+02 2.890139e+02 2.286007e+01 1.112747e+00 1.805907e-01
328 3.546883e+02 2.873896e+02 2.286873e+01 1.167653e+00 1.779823e-01
329 3.528423e+02 2.886401e+02 2.286659e+01 1.215279e+00 1.436361e-01
330 3.519813e+02 2.886218e+02 2.286552e+01 1.248134e+00 1.223864e-01
331 3.514715e+02 2.940739e+02 2.286501e+01 1.283794e+00 1.065701e-01
332 3.496898e+02 2.989585e+02 2.285822e+01 1.308575e+00 8.297671e-02
333 3.407802e+02 3.049055e+02 2.284758e+01 1.329401e+00 7.085597e-02
334 3.291653e+02 3.135689e+02 2.284099e+01 1.346781e+00 5.680574e-02
335 3.162723e+02 3.229284e+02 2.284089e+01 1.364988e+00 3.358437e-02
336 2.987278e+02 3.240035e+02 2.283200e+01 1.386156e+00 2.496557e-02
337 2.838736e+02 3.192415e+02 2.282353e+01 1.393127e+00 1.767239e-02
338 2.647716e+02 3.275221e+02 2.282571e+01 1.413079e+00 1.528089e-02
339 2.655823e+02 3.464719e+02 2.282102e+01 1.411764e+00 1.386994e-02
340 2.726968e+02 3.703011e+02 2.282772e+01 1.414843e+00 1.401862e-02
341 3.241823e+02 3.267057e+02 2.285231e+01 1.394616e+00 0.000000e+00
342 3.185971e+02 3.459181e+02 2.284750e+01 1.400108e+00 0.000000e+00
result for iter 1: 3.313690e-01 2.347112e-01
iter 2
294 3.301130e+02 2.588324e+02 2.300000e+01 6.521745e-01 9.506898e-01
295 3.322278e+02 2.584302e+02 2.299605e+01 6.548128e-01 9.017630e-01
296 3.324889e+02 2.592035e+02 2.298910e+01 6.587694e-01 7.439286e-01
297 3.315415e+02 2.594191e+02 2.298128e+01 6.603073e-01 6.920616e-01
298 3.330585e+02 2.597534e+02 2.298095e+01 6.644049e-01 6.811990e-01
299 3.322095e+02 2.604535e+02 2.297816e+01 6.638597e-01 5.924988e-01
300 3.320948e+02 2.610260e+02 2.296951e+01 6.610321e-01 5.441081e-01
301 3.350058e+02 2.612705e+02 2.295355e+01 6.510779e-01 5.523776e-01
302 3.361604e+02 2.613742e+02 2.294679e+01 6.368304e-01 5.064755e-01
303 3.385572e+02 2.636906e+02 2.294302e+01 6.330186e-01 5.383722e-01
304 3.379756e+02 2.635270e+02 2.293724e+01 6.262622e-01 4.696922e-01
305 3.399003e+02 2.655238e+02 2.292507e+01 6.261694e-01 4.745190e-01
306 3.399529e+02 2.655791e+02 2.290804e+01 6.373101e-01 4.454080e-01
307 3.423828e+02 2.651284e+02 2.289867e+01 6.491978e-01 4.357653e-01
308 3.439536e+02 2.651741e+02 2.289021e+01 6.621904e-01 4.234039e-01
309 3.453946e+02 2.665389e+02 2.287685e+01 6.675428e-01 4.035299e-01
310 3.471260e+02 2.672144e+02 2.286296e+01 6.647846e-01 3.763620e-01
311 3.494973e+02 2.688435e+02 2.285672e+01 6.772858e-01 3.959410e-01
312 3.492231e+02 2.684939e+02 2.284814e+01 6.819002e-01 3.291719e-01
313 3.496204e+02 2.690324e+02 2.282790e+01 6.847092e-01 3.035322e-01
314 3.522490e+02 2.689808e+02 2.281214e+01 6.902903e-01 3.149562e-01
315 3.546866e+02 2.688266e+02 2.279496e+01 7.127477e-01 3.429177e-01
316 3.578242e+02 2.724382e+02 2.274964e+01 7.417926e-01 3.264555e-01
317 3.607749e+02 2.723385e+02 2.271270e+01 7.570997e-01 3.027619e-01
318 3.586548e+02 2.706003e+02 2.267499e+01 8.232073e-01 3.394194e-01
319 3.594587e+02 2.744103e+02 2.268450e+01 8.136720e-01 2.873746e-01
320 3.553424e+02 2.764085e+02 2.269512e+01 8.616204e-01 2.921616e-01
321 3.547148e+02 2.775037e+02 2.268752e+01 8.966237e-01 2.661552e-01
322 3.554084e+02 2.791948e+02 2.269147e+01 9.131812e-01 2.560997e-01
323 3.562049e+02 2.784593e+02 2.267508e+01 9.461984e-01 2.390648e-01
324 3.571217e+02 2.794395e+02 2.264797e+01 1.012856e+00 2.445976e-01
325 3.551571e+02 2.815872e+02 2.262104e+01 1.046482e+00 2.145419e-01
326 3.551212e+02 2.855994e+02 2.258846e+01 1.069222e+00 1.951909e-01
327 3.540626e+02 2.890555e+02 2.256897e+01 1.084387e+00 1.715346e-01
328 3.550510e+02 2.895545e+02 2.257006e+01 1.096195e+00 1.627542e-01
329 3.542236e+02 2.916151e+02 2.256889e+01 1.141321e+00 1.314054e-01
330 3.520397e+02 2.910958e+02 2.256973e+01 1.165449e+00 1.113412e-01
331 3.512047e+02 2.940657e+02 2.256547e+01 1.200418e+00 9.705510e-02
332 3.486591e+02 2.988801e+02 2.254772e+01 1.239393e+00 7.646928e-02
333 3.404296e+02 3.060431e+02 2.254664e+01 1.266730e+00 6.574879e-02
334 3.297715e+02 3.144939e+02 2.254835e+01 1.284173e+00 5.278598e-02
335 3.163616e+02 3.235997e+02 2.256676e+01 1.298991e+00 3.119801e-02
336 2.988898e+02 3.258468e+02 2.253121e+01 1.323977e+00 2.322154e-02
337 2.844897e+02 3.221299e+02 2.251886e+01 1.336072e+00 1.649915e-02
338 2.619672e+02 3.285993e+02 2.251590e+01 1.344657e+00 1.414892e-02
339 2.666998e+02 3.487991e+02 2.250834e+01 1.355121e+00 1.295112e-02
340 2.830190e+02 3.715439e+02 2.245717e+01 1.369137e+00 1.312893e-02
341 3.052590e+02 3.605346e+02 2.261737e+01 1.349217e+00 1.291082e-02
342 3.163542e+02 3.457681e+02 2.271108e+01 1.303725e+00 0.000000e+00
result for iter 2: 3.137888e-01 2.351078e-01
iter 3
294 3.307054e+02 2.605107e+02 2.300000e+01 6.521744e-01 8.877678e-01
295 3.336559e+02 2.599136e+02 2.300053e+01 6.485339e-01 8.196602e-01
296 3.327670e+02 2.593929e+02 2.300018e+01 6.437757e-01 7.276977e-01
297 3.318212e+02 2.592918e+02 2.299785e+01 6.389074e-01 6.797889e-01
298 3.333685e+02 2.608661e+02 2.299120e+01 6.380587e-01 6.639908e-01
299 3.318970e+02 2.610279e+02 2.299890e+01 6.384998e-01 5.617047e-01
300 3.315364e+02 2.607201e+02 2.300117e+01 6.317602e-01 5.063408e-01
301 3.339515e+02 2.618950e+02 2.300419e+01 6.216797e-01 5.020166e-01
302 3.358731e+02 2.635082e+02 2.299517e+01 6.167373e-01 4.859671e-01
303 3.390297e+02 2.636166e+02 2.299682e+01 6.136520e-01 5.359298e-01
304 3.398029e+02 2.636883e+02 2.299456e+01 6.065332e-01 4.991938e-01
305 3.402500e+02 2.666090e+02 2.294037e+01 5.831431e-01 4.499589e-01
306 3.393897e+02 2.650514e+02 2.287214e+01 6.056892e-01 4.098965e-01
307 3.417858e+02 2.653434e+02 2.283433e+01 6.233991e-01 4.043054e-01
308 3.437541e+02 2.662002e+02 2.278755e+01 6.211732e-01 3.899268e-01
309 3.461880e+02 2.678334e+02 2.276206e+01 6.205525e-01 3.851503e-01
310 3.471464e+02 2.683133e+02 2.277428e+01 6.393794e-01 3.594548e-01
311 3.501464e+02 2.692448e+02 2.279633e+01 6.554114e-01 3.897020e-01
312 3.499165e+02 2.690025e+02 2.281838e+01 6.706125e-01 3.339910e-01
313 3.498276e+02 2.691237e+02 2.283542e+01 6.842146e-01 3.069444e-01
314 3.526670e+02 2.701961e+02 2.282361e+01 6.898250e-01 3.213237e-01
315 3.546530e+02 2.708840e+02 2.282781e+01 7.003342e-01 3.379169e-01
316 3.551740e+02 2.719424e+02 2.285395e+01 7.203051e-01 3.199128e-01
317 3.603363e+02 2.724038e+02 2.282423e+01 7.366449e-01 2.974822e-01
318 3.578095e+02 2.708333e+02 2.279767e+01 7.471352e-01 3.113963e-01
319 3.633391e+02 2.746353e+02 2.276782e+01 7.670825e-01 2.729141e-01
320 3.584856e+02 2.772027e+02 2.268430e+01 7.856333e-01 2.661416e-01
321 3.548415e+02 2.781238e+02 2.261653e+01 7.952740e-01 2.345953e-01
322 3.549724e+02 2.809999e+02 2.257927e+01 8.097905e-01 2.248639e-01
323 3.558712e+02 2.825119e+02 2.254579e+01 8.239464e-01 2.058097e-01
324 3.559162e+02 2.820474e+02 2.252248e+01 8.411043e-01 2.008760e-01
325 3.551407e+02 2.839279e+02 2.249900e+01 8.533167e-01 1.730582e-01
326 3.548500e+02 2.884206e+02 2.248265e+01 8.716366e-01 1.576337e-01
327 3.527180e+02 2.922371e+02 2.246029e+01 8.701212e-01 1.346068e-01
328 3.529957e+02 2.940495e+02 2.244564e+01 8.772166e-01 1.288100e-01
329 3.524451e+02 2.973615e+02 2.242782e+01 8.721426e-01 9.916223e-02
330 3.517811e+02 2.973309e+02 2.242688e+01 9.112116e-01 8.595416e-02
331 3.510712e+02 3.018581e+02 2.240455e+01 9.038984e-01 7.204263e-02
332 3.460437e+02 3.089508e+02 2.236543e+01 8.715930e-01 5.291041e-02
333 3.366049e+02 3.139534e+02 2.232238e+01 9.321135e-01 4.742308e-02
334 3.286424e+02 3.204343e+02 2.229351e+01 9.754115e-01 3.919315e-02
335 3.157450e+02 3.294105e+02 2.225718e+01 1.003077e+00 2.343455e-02
336 2.968469e+02 3.308183e+02 2.223762e+01 1.012909e+00 1.730567e-02
337 2.828411e+02 3.224826e+02 2.222683e+01 1.059908e+00 1.275151e-02
338 2.671826e+02 3.309701e+02 2.223484e+01 1.053991e+00 1.081529e-02
339 2.735525e+02 3.501172e+02 2.223421e+01 1.058548e+00 9.871804e-03
340 2.842465e+02 3.699472e+02 2.222963e+01 1.068138e+00 1.003607e-02
341 3.385968e+02 3.343524e+02 2.220812e+01 1.025657e+00 0.000000e+00
342 3.338330e+02 3.503700e+02 2.220621e+01 1.025115e+00 0.000000e+00
result for iter 3: 2.932169e-01 2.283944e-01
iter 4
294 3.254117e+02 2.582422e+02 2.300000e+01 6.521740e-01 7.187872e-01
295 3.272050e+02 2.578219e+02 2.300059e+01 6.538251e-01 7.045288e-01
296 3.300443e+02 2.587272e+02 2.300229e+01 6.585476e-01 6.812295e-01
297 3.325524e+02 2.594417e+02 2.299726e+01 6.624014e-01 7.295017e-01
298 3.337052e+02 2.601067e+02 2.300011e+01 6.693350e-01 7.075782e-01
299 3.323483e+02 2.605119e+02 2.300994e+01 6.659383e-01 6.004659e-01
300 3.352172e+02 2.591915e+02 2.301408e+01 6.557182e-01 6.306157e-01
301 3.366615e+02 2.589862e+02 2.296157e+01 6.829115e-01 6.278984e-01
302 3.366267e+02 2.597364e+02 2.295990e+01 7.098658e-01 5.777159e-01
303 3.388609e+02 2.619120e+02 2.293114e+01 7.108750e-01 6.124765e-01
304 3.378401e+02 2.622786e+02 2.298090e+01 6.736798e-01 5.038822e-01
305 3.394667e+02 2.643283e+02 2.301993e+01 6.516375e-01 4.877981e-01
306 3.415949e+02 2.644422e+02 2.300872e+01 6.555351e-01 5.005350e-01
307 3.433042e+02 2.633677e+02 2.288040e+01 7.098907e-01 4.963281e-01
308 3.436703e+02 2.635400e+02 2.287256e+01 7.138742e-01 4.498139e-01
309 3.469407e+02 2.658019e+02 2.292816e+01 6.906955e-01 4.498874e-01
310 3.462546e+02 2.660285e+02 2.291162e+01 7.006843e-01 3.826566e-01
311 3.484856e+02 2.671657e+02 2.288028e+01 7.262985e-01 4.062436e-01
312 3.490939e+02 2.683300e+02 2.299877e+01 6.933760e-01 3.372772e-01
313 3.495117e+02 2.691053e+02 2.306802e+01 6.735597e-01 3.038795e-01
314 3.528848e+02 2.684310e+02 2.302465e+01 6.949129e-01 3.329104e-01
315 3.544373e+02 2.696859e+02 2.300586e+01 7.067643e-01 3.463602e-01
316 3.549199e+02 2.718005e+02 2.309598e+01 6.864444e-01 3.113657e-01
317 3.591604e+02 2.730065e+02 2.313416e+01 6.825116e-01 2.831575e-01
318 3.614157e+02 2.733071e+02 2.314735e+01 6.770077e-01 2.908905e-01
319 3.633189e+02 2.770220e+02 2.315498e+01 6.853592e-01 2.522015e-01
320 3.565506e+02 2.782121e+02 2.317355e+01 6.910032e-01 2.442911e-01
321 3.558364e+02 2.795950e+02 2.315109e+01 6.809519e-01 2.104796e-01
322 3.563713e+02 2.831474e+02 2.319728e+01 6.691260e-01 1.961142e-01
323 3.591698e+02 2.849829e+02 2.317303e+01 6.800455e-01 1.794483e-01
324 3.696224e+02 2.825341e+02 2.295433e+01 8.315167e-01 2.062747e-01
325 3.679511e+02 2.857278e+02 2.300307e+01 7.795673e-01 1.652650e-01
326 3.713303e+02 2.873092e+02 2.296314e+01 8.168156e-01 1.541009e-01
327 3.644307e+02 2.933844e+02 2.312670e+01 6.845199e-01 1.136992e-01
328 3.567255e+02 2.997724e+02 2.329466e+01 5.370972e-01 8.494632e-02
329 3.546062e+02 3.043688e+02 2.334462e+01 5.069292e-01 6.244615e-02
330 3.517431e+02 3.059305e+02 2.338182e+01 5.044157e-01 5.171962e-02
331 3.498451e+02 3.090414e+02 2.341340e+01 5.054950e-01 4.399903e-02
332 3.443841e+02 3.116454e+02 2.342519e+01 4.969557e-01 3.309457e-02
333 3.376229e+02 3.141664e+02 2.343057e+01 5.018901e-01 2.813287e-02
334 3.283824e+02 3.259271e+02 2.344363e+01 5.022397e-01 2.231650e-02
335 3.138091e+02 3.318417e+02 2.344352e+01 4.954224e-01 1.284113e-02
336 2.966880e+02 3.329048e+02 2.344044e+01 4.950085e-01 9.396921e-03
337 2.844525e+02 3.243704e+02 2.342823e+01 5.164129e-01 6.902634e-03
338 2.846673e+02 3.347327e+02 2.342024e+01 5.177951e-01 5.894868e-03
339 2.877429e+02 3.432494e+02 2.341587e+01 5.130272e-01 5.306444e-03
340 2.803839e+02 3.733539e+02 2.341601e+01 5.232825e-01 5.455496e-03
341 3.006361e+02 3.821091e+02 2.341355e+01 5.277511e-01 7.489636e-03
342 3.221068e+02 3.521822e+02 2.342329e+01 5.424337e-01 0.000000e+00
result for iter 4: 2.974612e-01 2.391534e-01
iter 5
294 3.250721e+02 2.604646e+02 2.300000e+01 6.521744e-01 6.697922e-01
295 3.273609e+02 2.590434e+02 2.300067e+01 6.540770e-01 7.151738e-01
296 3.301491e+02 2.588579e+02 2.300043e+01 6.543105e-01 6.801026e-01
297 3.323031e+02 2.592004e+02 2.300201e+01 6.519631e-01 7.100020e-01
298 3.342180e+02 2.608438e+02 2.300139e+01 6.506379e-01 6.968203e-01
299 3.332094e+02 2.605964e+02 2.300915e+01 6.550755e-01 6.169006e-01
300 3.322831e+02 2.604500e+02 2.302717e+01 6.552488e-01 5.476758e-01
301 3.346304e+02 2.606301e+02 2.304985e+01 6.567875e-01 5.517353e-01
302 3.369882e+02 2.617924e+02 2.308068e+01 6.595358e-01 5.516338e-01
303 3.388027e+02 2.628710e+02 2.309228e+01 6.504827e-01 5.670481e-01
304 3.381948e+02 2.627632e+02 2.308644e+01 6.345638e-01 4.878766e-01
305 3.405717e+02 2.651894e+02 2.305447e+01 5.887161e-01 4.659090e-01
306 3.423101e+02 2.658483e+02 2.309141e+01 6.078143e-01 4.829683e-01
307 3.427771e+02 2.655247e+02 2.311434e+01 6.099095e-01 4.250930e-01
308 3.437220e+02 2.673877e+02 2.307901e+01 5.546117e-01 3.568421e-01
309 3.463723e+02 2.697127e+02 2.307495e+01 5.286238e-01 3.401384e-01
310 3.478263e+02 2.706746e+02 2.306980e+01 5.118278e-01 3.044504e-01
311 3.484356e+02 2.711260e+02 2.309793e+01 5.138561e-01 2.924273e-01
312 3.492352e+02 2.707090e+02 2.318658e+01 5.596914e-01 2.789687e-01
313 3.505967e+02 2.690653e+02 2.335109e+01 6.859665e-01 3.363425e-01
314 3.528985e+02 2.696563e+02 2.344566e+01 7.549045e-01 3.755695e-01
315 3.547321e+02 2.687578e+02 2.348171e+01 7.716456e-01 3.939614e-01
316 3.561338e+02 2.704325e+02 2.351842e+01 7.784911e-01 3.661529e-01
317 3.589653e+02 2.716419e+02 2.355375e+01 7.893652e-01 3.394757e-01
318 3.575977e+02 2.697542e+02 2.357261e+01 8.126693e-01 3.621285e-01
319 3.627869e+02 2.732207e+02 2.360413e+01 8.316113e-01 3.180073e-01
320 3.561475e+02 2.739905e+02 2.361167e+01 8.671326e-01 3.182593e-01
321 3.548774e+02 2.759479e+02 2.362406e+01 9.030659e-01 2.906560e-01
322 3.546591e+02 2.771850e+02 2.360884e+01 9.755476e-01 2.961590e-01
323 3.556438e+02 2.779777e+02 2.362277e+01 1.007157e+00 2.761816e-01
324 3.594705e+02 2.791601e+02 2.360298e+01 1.058862e+00 2.777273e-01
325 3.572574e+02 2.806501e+02 2.361437e+01 1.083083e+00 2.419747e-01
326 3.581595e+02 2.852001e+02 2.364068e+01 1.107978e+00 2.215490e-01
327 3.557397e+02 2.888020e+02 2.365660e+01 1.129409e+00 1.962907e-01
328 3.548932e+02 2.885490e+02 2.368249e+01 1.140596e+00 1.864514e-01
329 3.535579e+02 2.896756e+02 2.368957e+01 1.159081e+00 1.470323e-01
330 3.521748e+02 2.900568e+02 2.369589e+01 1.184065e+00 1.246900e-01
331 3.515243e+02 2.928638e+02 2.370616e+01 1.204971e+00 1.075217e-01
332 3.491658e+02 2.977358e+02 2.369247e+01 1.239686e+00 8.445105e-02
333 3.401888e+02 3.055190e+02 2.365920e+01 1.296698e+00 7.411032e-02
334 3.302447e+02 3.118517e+02 2.367107e+01 1.335145e+00 6.048246e-02
335 3.157883e+02 3.166336e+02 2.369835e+01 1.363283e+00 3.610809e-02
336 3.004445e+02 3.169780e+02 2.371526e+01 1.385405e+00 2.691993e-02
337 2.838869e+02 3.184007e+02 2.370538e+01 1.452190e+00 1.987267e-02
338 2.598334e+02 3.258489e+02 2.378746e+01 1.373504e+00 1.613095e-02
339 2.384252e+02 3.360734e+02 2.381451e+01 1.344152e+00 1.438051e-02
340 2.769033e+02 3.629897e+02 2.374076e+01 1.427206e+00 1.529495e-02
341 3.234928e+02 3.301514e+02 2.366989e+01 1.504317e+00 0.000000e+00
342 3.221584e+02 3.408473e+02 2.367141e+01 1.516847e+00 0.000000e+00
result for iter 5: 3.115396e-01 2.120024e-01
iter 6
294 3.275532e+02 2.581865e+02 2.300000e+01 6.521742e-01 8.040304e-01
295 3.274769e+02 2.577914e+02 2.299914e+01 6.555136e-01 7.153520e-01
296 3.315034e+02 2.596519e+02 2.300282e+01 6.567430e-01 7.264943e-01
297 3.308298e+02 2.593782e+02 2.300541e+01 6.586969e-01 6.679456e-01
298 3.325222e+02 2.600323e+02 2.299779e+01 6.655791e-01 6.668089e-01
299 3.317416e+02 2.609575e+02 2.300167e+01 6.723926e-01 5.868153e-01
300 3.336945e+02 2.598250e+02 2.299782e+01 6.696286e-01 5.989886e-01
301 3.369918e+02 2.601229e+02 2.298469e+01 6.706880e-01 6.273701e-01
302 3.371540e+02 2.624290e+02 2.297672e+01 6.743749e-01 5.630770e-01
303 3.384788e+02 2.634915e+02 2.295575e+01 6.858610e-01 5.731332e-01
304 3.390489e+02 2.624150e+02 2.293982e+01 6.839902e-01 5.407656e-01
305 3.404581e+02 2.637821e+02 2.291259e+01 6.796972e-01 5.282848e-01
306 3.418592e+02 2.625967e+02 2.290806e+01 6.955849e-01 5.327975e-01
307 3.413899e+02 2.635466e+02 2.289122e+01 6.956241e-01 4.448336e-01
308 3.446460e+02 2.648394e+02 2.288802e+01 7.132583e-01 4.704217e-01
309 3.461818e+02 2.646249e+02 2.289426e+01 7.325515e-01 4.599277e-01
310 3.465511e+02 2.651750e+02 2.289626e+01 7.499328e-01 4.147131e-01
311 3.495958e+02 2.665275e+02 2.289124e+01 7.646958e-01 4.503795e-01
312 3.505317e+02 2.668413e+02 2.289173e+01 7.807947e-01 4.030702e-01
313 3.501474e+02 2.670609e+02 2.287800e+01 7.955997e-01 3.645208e-01
314 3.520015e+02 2.677585e+02 2.287370e+01 8.123644e-01 3.683735e-01
315 3.543771e+02 2.682260e+02 2.286778e+01 8.210903e-01 3.975713e-01
316 3.565121e+02 2.701638e+02 2.286995e+01 8.272516e-01 3.679260e-01
317 3.612035e+02 2.708151e+02 2.284071e+01 8.337026e-01 3.371637e-01
318 3.583304e+02 2.690170e+02 2.285622e+01 8.456672e-01 3.542758e-01
319 3.665633e+02 2.728034e+02 2.287845e+01 8.872639e-01 3.187475e-01
320 3.687918e+02 2.739665e+02 2.286281e+01 9.076222e-01 3.123249e-01
321 3.616452e+02 2.749482e+02 2.283654e+01 9.092386e-01 2.734570e-01
322 3.580316e+02 2.769422e+02 2.280793e+01 9.275313e-01 2.628011e-01
323 3.553880e+02 2.793805e+02 2.279385e+01 9.533830e-01 2.434100e-01
324 3.576286e+02 2.811764e+02 2.278734e+01 9.849161e-01 2.407866e-01
325 3.562685e+02 2.821333e+02 2.278641e+01 1.077489e+00 2.241404e-01
326 3.579553e+02 2.855308e+02 2.277902e+01 1.126217e+00 2.090791e-01
327 3.569102e+02 2.904853e+02 2.276772e+01 1.139944e+00 1.835130e-01
328 3.569795e+02 2.917067e+02 2.274300e+01 1.118851e+00 1.686734e-01
329 3.543613e+02 2.926697e+02 2.275981e+01 1.091906e+00 1.278519e-01
330 3.528914e+02 2.930794e+02 2.275097e+01 1.127196e+00 1.094231e-01
331 3.515622e+02 2.957343e+02 2.272976e+01 1.187055e+00 9.737732e-02
332 3.484685e+02 3.020998e+02 2.273948e+01 1.266148e+00 7.945448e-02
333 3.392279e+02 3.092093e+02 2.281168e+01 1.257491e+00 6.681274e-02
334 3.301658e+02 3.135832e+02 2.282921e+01 1.270801e+00 5.354572e-02
335 3.162682e+02 3.210565e+02 2.285124e+01 1.296191e+00 3.192058e-02
336 2.984536e+02 3.245313e+02 2.285589e+01 1.318826e+00 2.380265e-02
337 2.816084e+02 3.213829e+02 2.286068e+01 1.356622e+00 1.726537e-02
338 2.570752e+02 3.246630e+02 2.286809e+01 1.371483e+00 1.488619e-02
339 2.426781e+02 3.401997e+02 2.285436e+01 1.403416e+00 1.382824e-02
340 2.204251e+02 3.529546e+02 2.284933e+01 1.420100e+00 1.409736e-02
341 2.621023e+02 3.914590e+02 2.287443e+01 1.370200e+00 1.856015e-02
342 3.208681e+02 3.460997e+02 2.288178e+01 1.359867e+00 0.000000e+00
result for iter 6: 3.279755e-01 2.278283e-01
iter 7
294 3.303854e+02 2.565148e+02 2.300000e+01 6.521733e-01 8.120202e-01
295 3.296525e+02 2.578981e+02 2.300099e+01 6.515135e-01 8.005127e-01
296 3.298752e+02 2.601238e+02 2.300309e+01 6.511924e-01 6.636536e-01
297 3.311955e+02 2.599552e+02 2.300913e+01 6.501813e-01 6.716969e-01
298 3.329007e+02 2.609118e+02 2.301166e+01 6.479166e-01 6.613477e-01
299 3.321216e+02 2.612894e+02 2.302105e+01 6.541863e-01 5.835815e-01
300 3.336499e+02 2.604637e+02 2.304427e+01 6.523810e-01 5.847907e-01
301 3.352344e+02 2.613146e+02 2.306515e+01 6.473072e-01 5.612526e-01
302 3.360773e+02 2.618625e+02 2.308721e+01 6.641243e-01 5.328587e-01
303 3.376547e+02 2.625821e+02 2.308900e+01 6.847739e-01 5.654710e-01
304 3.382177e+02 2.623333e+02 2.313123e+01 6.807792e-01 5.261731e-01
305 3.406910e+02 2.635189e+02 2.316662e+01 6.911807e-01 5.555429e-01
306 3.410599e+02 2.620240e+02 2.320934e+01 7.016393e-01 5.320435e-01
307 3.418505e+02 2.623121e+02 2.321183e+01 7.332762e-01 4.937940e-01
308 3.440431e+02 2.628843e+02 2.322712e+01 7.451022e-01 4.928651e-01
309 3.481165e+02 2.648918e+02 2.329482e+01 7.296984e-01 4.918881e-01
310 3.473749e+02 2.654382e+02 2.331501e+01 7.418880e-01 4.419712e-01
311 3.489850e+02 2.659790e+02 2.332141e+01 7.378519e-01 4.391797e-01
312 3.498460e+02 2.667107e+02 2.335516e+01 7.367021e-01 3.839808e-01
313 3.507566e+02 2.687020e+02 2.343235e+01 7.160573e-01 3.565771e-01
314 3.535013e+02 2.691321e+02 2.349368e+01 7.307596e-01 3.749129e-01
315 3.544913e+02 2.696625e+02 2.351645e+01 7.750660e-01 3.968795e-01
316 3.562961e+02 2.698106e+02 2.349469e+01 8.123953e-01 3.813285e-01
317 3.635021e+02 2.712439e+02 2.355408e+01 7.766292e-01 3.340076e-01
318 3.606498e+02 2.698092e+02 2.352422e+01 8.442022e-01 3.746365e-01
319 3.635987e+02 2.732566e+02 2.363702e+01 8.681752e-01 3.329151e-01
320 3.566136e+02 2.745870e+02 2.372251e+01 8.934967e-01 3.310216e-01
321 3.561167e+02 2.762192e+02 2.377363e+01 9.108203e-01 2.968755e-01
322 3.537595e+02 2.779641e+02 2.378546e+01 9.361459e-01 2.884654e-01
323 3.550728e+02 2.786061e+02 2.383672e+01 9.606584e-01 2.682240e-01
324 3.590183e+02 2.807490e+02 2.388175e+01 9.799349e-01 2.631330e-01
325 3.558634e+02 2.818138e+02 2.391910e+01 9.978439e-01 2.287219e-01
326 3.567406e+02 2.844327e+02 2.392588e+01 1.023234e+00 2.095700e-01
327 3.557869e+02 2.898253e+02 2.390035e+01 1.051965e+00 1.866180e-01
328 3.556939e+02 2.900847e+02 2.388824e+01 1.079451e+00 1.795354e-01
329 3.533527e+02 2.906040e+02 2.387061e+01 1.113966e+00 1.434775e-01
330 3.513228e+02 2.899669e+02 2.393451e+01 1.130535e+00 1.214628e-01
331 3.505931e+02 2.935742e+02 2.392838e+01 1.158155e+00 1.052908e-01
332 3.478301e+02 2.996714e+02 2.397565e+01 1.175272e+00 8.198830e-02
333 3.394757e+02 3.062533e+02 2.404505e+01 1.178538e+00 6.957204e-02
334 3.284399e+02 3.147471e+02 2.419171e+01 1.175722e+00 5.562922e-02
335 3.156236e+02 3.248543e+02 2.420008e+01 1.174111e+00 3.242837e-02
336 2.979776e+02 3.277820e+02 2.409039e+01 1.158019e+00 2.321906e-02
337 2.838325e+02 3.216960e+02 2.411081e+01 1.173342e+00 1.661067e-02
338 2.595805e+02 3.282772e+02 2.427414e+01 1.138541e+00 1.392419e-02
339 2.677972e+02 3.489813e+02 2.421152e+01 1.140140e+00 1.260797e-02
340 2.785599e+02 3.792245e+02 2.412719e+01 1.161669e+00 1.285784e-02
341 3.212229e+02 3.256022e+02 2.393552e+01 1.275647e+00 0.000000e+00
342 3.242481e+02 3.479042e+02 2.393444e+01 1.277326e+00 0.000000e+00
result for iter 7: 3.323901e-01 2.273146e-01
iter 8
294 3.277522e+02 2.581697e+02 2.300000e+01 6.521738e-01 8.112567e-01
295 3.269905e+02 2.580157e+02 2.299836e+01 6.499429e-01 7.002365e-01
296 3.294226e+02 2.593136e+02 2.299451e+01 6.427238e-01 6.447578e-01
297 3.315714e+02 2.591924e+02 2.299216e+01 6.435592e-01 6.761673e-01
298 3.339053e+02 2.609434e+02 2.298650e+01 6.373019e-01 6.788469e-01
299 3.324013e+02 2.618622e+02 2.297485e+01 6.221813e-01 5.606730e-01
300 3.322707e+02 2.618975e+02 2.298431e+01 6.093415e-01 5.069019e-01
301 3.355980e+02 2.618743e+02 2.299468e+01 5.943203e-01 5.211560e-01
302 3.364242e+02 2.638790e+02 2.298123e+01 5.662490e-01 4.573910e-01
303 3.377421e+02 2.651796e+02 2.296583e+01 5.364385e-01 4.398572e-01
304 3.368885e+02 2.657932e+02 2.295795e+01 5.098176e-01 3.622095e-01
305 3.396831e+02 2.682300e+02 2.295977e+01 4.953140e-01 3.726290e-01
306 3.418097e+02 2.678421e+02 2.295680e+01 4.954805e-01 3.803172e-01
307 3.432452e+02 2.692279e+02 2.294100e+01 4.805353e-01 3.368873e-01
308 3.460905e+02 2.693741e+02 2.288698e+01 4.795389e-01 3.212134e-01
309 3.482487e+02 2.711940e+02 2.286660e+01 4.684634e-01 3.042868e-01
310 3.486697e+02 2.716592e+02 2.283711e+01 4.880786e-01 2.866545e-01
311 3.494297e+02 2.724740e+02 2.280913e+01 4.878875e-01 2.831580e-01
312 3.489881e+02 2.715206e+02 2.275918e+01 5.334362e-01 2.523607e-01
313 3.496953e+02 2.715675e+02 2.273544e+01 5.541060e-01 2.444086e-01
314 3.518865e+02 2.715753e+02 2.273018e+01 5.694578e-01 2.534279e-01
315 3.536905e+02 2.741919e+02 2.274132e+01 5.779321e-01 2.729817e-01
316 3.552644e+02 2.752196e+02 2.277048e+01 5.884186e-01 2.594319e-01
317 3.556401e+02 2.751409e+02 2.282741e+01 5.941491e-01 2.400044e-01
318 3.551652e+02 2.761406e+02 2.284206e+01 5.944685e-01 2.396425e-01
319 3.565180e+02 2.781584e+02 2.286381e+01 5.945835e-01 2.133294e-01
320 3.547639e+02 2.798079e+02 2.287284e+01 5.941880e-01 2.046475e-01
321 3.536159e+02 2.821623e+02 2.286286e+01 5.921407e-01 1.755006e-01
322 3.540172e+02 2.853200e+02 2.287728e+01 5.846310e-01 1.666547e-01
323 3.555714e+02 2.865434e+02 2.288019e+01 5.956058e-01 1.532194e-01
324 3.573150e+02 2.884918e+02 2.289118e+01 6.075210e-01 1.498799e-01
325 3.536061e+02 2.892060e+02 2.289017e+01 6.252717e-01 1.312569e-01
326 3.529598e+02 2.923339e+02 2.288514e+01 6.255868e-01 1.118948e-01
327 3.526370e+02 2.957225e+02 2.286885e+01 6.128323e-01 9.795474e-02
328 3.527158e+02 2.995186e+02 2.282366e+01 5.810436e-01 8.821826e-02
329 3.528186e+02 3.031664e+02 2.280687e+01 5.758884e-01 6.771024e-02
330 3.516224e+02 3.048916e+02 2.280329e+01 5.721054e-01 5.579319e-02
331 3.501158e+02 3.077924e+02 2.277003e+01 5.507720e-01 4.534153e-02
332 3.449872e+02 3.090460e+02 2.276265e+01 5.458544e-01 3.432378e-02
333 3.385362e+02 3.159663e+02 2.288441e+01 7.553310e-01 4.038840e-02
334 3.303380e+02 3.238499e+02 2.294905e+01 8.556948e-01 3.643458e-02
335 3.164239e+02 3.315803e+02 2.295277e+01 8.848750e-01 2.198540e-02
336 2.976353e+02 3.336145e+02 2.289264e+01 7.866240e-01 1.424296e-02
337 2.843795e+02 3.225933e+02 2.295423e+01 8.864556e-01 1.137421e-02
338 2.533583e+02 3.299818e+02 2.295675e+01 8.866682e-01 9.698745e-03
339 2.572876e+02 3.453409e+02 2.297878e+01 9.386020e-01 9.349277e-03
340 2.712510e+02 3.680463e+02 2.297462e+01 9.469353e-01 9.503619e-03
341 3.181134e+02 3.800418e+02 2.296825e+01 9.461370e-01 1.292132e-02
342 3.395256e+02 3.574992e+02 2.295172e+01 9.316080e-01 0.000000e+00
result for iter 8: 2.503772e-01 2.138584e-01
iter 9
294 3.283197e+02 2.599268e+02 2.300000e+01 6.521746e-01 8.288804e-01
295 3.290229e+02 2.590141e+02 2.299960e+01 6.496509e-01 7.790893e-01
296 3.307843e+02 2.601777e+02 2.299949e+01 6.476373e-01 6.899267e-01
297 3.311889e+02 2.603117e+02 2.299841e+01 6.459915e-01 6.589299e-01
298 3.328331e+02 2.609321e+02 2.300110e+01 6.483599e-01 6.591352e-01
299 3.325851e+02 2.608029e+02 2.300230e+01 6.446202e-01 5.879302e-01
300 3.323154e+02 2.611488e+02 2.299576e+01 6.344352e-01 5.295800e-01
301 3.347151e+02 2.604216e+02 2.299154e+01 6.348524e-01 5.326720e-01
302 3.368111e+02 2.621794e+02 2.299642e+01 6.349259e-01 5.228433e-01
303 3.387443e+02 2.643210e+02 2.299647e+01 6.344902e-01 5.469314e-01
304 3.387919e+02 2.640533e+02 2.298543e+01 6.266200e-01 4.913927e-01
305 3.397055e+02 2.656189e+02 2.298059e+01 6.188253e-01 4.669467e-01
306 3.408236e+02 2.656232e+02 2.297734e+01 6.137756e-01 4.506219e-01
307 3.412815e+02 2.661613e+02 2.299180e+01 6.118665e-01 3.928404e-01
308 3.431703e+02 2.664603e+02 2.299009e+01 6.043024e-01 3.759339e-01
309 3.461171e+02 2.675284e+02 2.299167e+01 5.942713e-01 3.752533e-01
310 3.471909e+02 2.687369e+02 2.297611e+01 5.973016e-01 3.425813e-01
311 3.514539e+02 2.706283e+02 2.296831e+01 5.953439e-01 3.593476e-01
312 3.524041e+02 2.719393e+02 2.296686e+01 5.917397e-01 3.285565e-01
313 3.505456e+02 2.716750e+02 2.296256e+01 5.900664e-01 2.782361e-01
314 3.521329e+02 2.713670e+02 2.293663e+01 5.855602e-01 2.687370e-01
315 3.540292e+02 2.716161e+02 2.289534e+01 6.276085e-01 3.046205e-01
316 3.562180e+02 2.742035e+02 2.286694e+01 6.371101e-01 2.832848e-01
317 3.583886e+02 2.741299e+02 2.283858e+01 6.295376e-01 2.545484e-01
318 3.573547e+02 2.742262e+02 2.280300e+01 6.637996e-01 2.767924e-01
319 3.586283e+02 2.776667e+02 2.276911e+01 6.680424e-01 2.377042e-01
320 3.564872e+02 2.797948e+02 2.271851e+01 6.431384e-01 2.185277e-01
321 3.552967e+02 2.815033e+02 2.272887e+01 5.968066e-01 1.778034e-01
322 3.548766e+02 2.855947e+02 2.263128e+01 5.875435e-01 1.639024e-01
323 3.555184e+02 2.876851e+02 2.256137e+01 5.894707e-01 1.474446e-01
324 3.556674e+02 2.883834e+02 2.251827e+01 5.891891e-01 1.406600e-01
325 3.539027e+02 2.902787e+02 2.245252e+01 5.987249e-01 1.209242e-01
326 3.533985e+02 2.929192e+02 2.241202e+01 6.100834e-01 1.066978e-01
327 3.521622e+02 2.959893e+02 2.238591e+01 6.108457e-01 9.150817e-02
328 3.522002e+02 2.985763e+02 2.232711e+01 6.192920e-01 8.997865e-02
329 3.521497e+02 3.011053e+02 2.225816e+01 6.348355e-01 7.109262e-02
330 3.518928e+02 3.019298e+02 2.220478e+01 6.343761e-01 5.866103e-02
331 3.505153e+02 3.054344e+02 2.214799e+01 6.376847e-01 4.966746e-02
332 3.453663e+02 3.068932e+02 2.211041e+01 6.727150e-01 3.991146e-02
333 3.365549e+02 3.132190e+02 2.209070e+01 7.387092e-01 3.680717e-02
334 3.272546e+02 3.222929e+02 2.204405e+01 7.480162e-01 2.938727e-02
335 3.157531e+02 3.315295e+02 2.201858e+01 7.780681e-01 1.779011e-02
336 2.978943e+02 3.318251e+02 2.199754e+01 8.008748e-01 1.338919e-02
337 2.836900e+02 3.225401e+02 2.199486e+01 8.088571e-01 9.529125e-03
338 2.711167e+02 3.319819e+02 2.199431e+01 8.093050e-01 8.125805e-03
339 2.768630e+02 3.499521e+02 2.198968e+01 8.249897e-01 7.525389e-03
340 2.605566e+02 3.590634e+02 2.195727e+01 8.375667e-01 7.678006e-03
341 2.913623e+02 3.812780e+02 2.194426e+01 8.308328e-01 1.035744e-02
342 3.214724e+02 3.543017e+02 2.191574e+01 8.168918e-01 0.000000e+00
result for iter 9: 2.742997e-01 2.309782e-01
iter 10
294 3.306476e+02 2.596441e+02 2.300000e+01 6.521741e-01 9.423978e-01
295 3.312931e+02 2.584054e+02 2.300076e+01 6.520025e-01 8.706549e-01
296 3.320048e+02 2.590335e+02 2.300172e+01 6.507681e-01 7.356999e-01
297 3.315704e+02 2.595279e+02 2.299795e+01 6.506914e-01 6.839924e-01
298 3.333648e+02 2.607734e+02 2.299943e+01 6.396553e-01 6.660243e-01
299 3.319665e+02 2.611684e+02 2.300279e+01 6.371361e-01 5.627772e-01
300 3.333524e+02 2.609690e+02 2.298935e+01 6.486809e-01 5.702115e-01
301 3.376338e+02 2.599565e+02 2.297743e+01 6.636793e-01 6.385440e-01
302 3.382742e+02 2.598416e+02 2.296092e+01 6.868741e-01 5.946183e-01
303 3.383006e+02 2.615779e+02 2.293424e+01 7.070398e-01 5.936768e-01
304 3.388702e+02 2.616106e+02 2.290114e+01 7.198884e-01 5.623026e-01
305 3.406776e+02 2.636597e+02 2.288260e+01 7.235451e-01 5.666080e-01
306 3.420273e+02 2.620969e+02 2.288302e+01 7.558475e-01 5.821243e-01
307 3.433579e+02 2.617164e+02 2.286174e+01 7.738284e-01 5.414446e-01
308 3.440777e+02 2.634397e+02 2.282833e+01 7.525419e-01 4.812393e-01
309 3.464244e+02 2.656685e+02 2.279481e+01 7.221550e-01 4.543583e-01
310 3.458585e+02 2.661821e+02 2.278026e+01 7.124884e-01 3.772315e-01
311 3.485493e+02 2.660913e+02 2.279654e+01 7.612656e-01 4.238452e-01
312 3.505119e+02 2.658708e+02 2.276993e+01 8.251601e-01 4.209066e-01
313 3.522740e+02 2.659451e+02 2.274650e+01 8.761452e-01 4.409717e-01
314 3.538978e+02 2.658391e+02 2.274062e+01 8.918810e-01 4.360399e-01
315 3.545423e+02 2.660849e+02 2.268941e+01 9.297996e-01 4.432126e-01
316 3.559051e+02 2.664524e+02 2.264881e+01 9.721947e-01 4.240691e-01
317 3.601295e+02 2.669547e+02 2.261430e+01 9.938484e-01 3.940007e-01
318 3.600770e+02 2.672079e+02 2.254051e+01 1.031182e+00 4.201419e-01
319 3.648826e+02 2.697897e+02 2.250128e+01 1.057738e+00 3.675641e-01
320 3.647822e+02 2.733589e+02 2.246305e+01 1.085144e+00 3.604682e-01
321 3.607431e+02 2.742326e+02 2.245725e+01 1.102835e+00 3.207557e-01
322 3.579465e+02 2.761970e+02 2.243323e+01 1.134011e+00 3.108334e-01
323 3.566320e+02 2.763278e+02 2.236624e+01 1.180769e+00 2.902597e-01
324 3.625842e+02 2.776175e+02 2.231106e+01 1.227222e+00 2.876135e-01
325 3.587390e+02 2.777611e+02 2.223811e+01 1.284910e+00 2.545798e-01
326 3.581086e+02 2.815438e+02 2.217580e+01 1.316405e+00 2.316149e-01
327 3.580834e+02 2.870454e+02 2.213098e+01 1.373617e+00 2.089349e-01
328 3.580125e+02 2.870992e+02 2.208150e+01 1.419471e+00 2.017264e-01
329 3.555190e+02 2.869495e+02 2.202205e+01 1.457433e+00 1.597676e-01
330 3.535431e+02 2.886725e+02 2.195593e+01 1.472535e+00 1.331310e-01
331 3.537671e+02 2.932112e+02 2.189348e+01 1.488370e+00 1.132760e-01
332 3.517056e+02 2.973934e+02 2.183159e+01 1.526901e+00 8.831911e-02
333 3.403492e+02 3.032087e+02 2.176224e+01 1.572922e+00 7.605963e-02
334 3.297880e+02 3.084059e+02 2.173802e+01 1.627968e+00 6.219444e-02
335 3.163081e+02 3.138560e+02 2.168552e+01 1.677291e+00 3.719890e-02
336 3.026678e+02 3.114103e+02 2.163583e+01 1.727225e+00 2.793427e-02
337 2.847472e+02 3.148696e+02 2.157996e+01 1.771421e+00 2.008917e-02
338 2.648765e+02 3.201199e+02 2.156283e+01 1.785372e+00 1.722954e-02
339 2.861783e+02 3.454242e+02 2.157175e+01 1.807733e+00 1.586893e-02
340 3.336283e+02 3.501950e+02 2.156236e+01 1.855246e+00 1.640085e-02
341 3.288119e+02 3.247188e+02 2.155155e+01 1.874023e+00 0.000000e+00
342 3.260004e+02 3.429839e+02 2.154904e+01 1.879310e+00 0.000000e+00
result for iter 10: 3.556921e-01 2.418210e-01
iter 11
294 3.282454e+02 2.573302e+02 2.300000e+01 6.521736e-01 7.822485e-01
295 3.260857e+02 2.574089e+02 2.299970e+01 6.493020e-01 6.381510e-01
296 3.304615e+02 2.590307e+02 2.300033e+01 6.513842e-01 6.870550e-01
297 3.317089e+02 2.591991e+02 2.300116e+01 6.501000e-01 6.881756e-01
298 3.329604e+02 2.604802e+02 2.300161e+01 6.485481e-01 6.632017e-01
299 3.335718e+02 2.603925e+02 2.300584e+01 6.479445e-01 6.209324e-01
300 3.328311e+02 2.604511e+02 2.301229e+01 6.468583e-01 5.552296e-01
301 3.358985e+02 2.616750e+02 2.301684e+01 6.458802e-01 5.757951e-01
302 3.380062e+02 2.627648e+02 2.302109e+01 6.407484e-01 5.575992e-01
303 3.390334e+02 2.635452e+02 2.302912e+01 6.326828e-01 5.542300e-01
304 3.382720e+02 2.628919e+02 2.302677e+01 6.427367e-01 4.933093e-01
305 3.411259e+02 2.646964e+02 2.302876e+01 6.481778e-01 5.249156e-01
306 3.419492e+02 2.645148e+02 2.303720e+01 6.502029e-01 5.058850e-01
307 3.422618e+02 2.638771e+02 2.305389e+01 6.676015e-01 4.518809e-01
308 3.431579e+02 2.641063e+02 2.305685e+01 6.917153e-01 4.326707e-01
309 3.458933e+02 2.651047e+02 2.306413e+01 7.019285e-01 4.415859e-01
310 3.470394e+02 2.655579e+02 2.307471e+01 7.173809e-01 4.122328e-01
311 3.502673e+02 2.668661e+02 2.308368e+01 7.298013e-01 4.449418e-01
312 3.486465e+02 2.668642e+02 2.309393e+01 7.343457e-01 3.523966e-01
313 3.498384e+02 2.678823e+02 2.310937e+01 7.389055e-01 3.405747e-01
314 3.536466e+02 2.676155e+02 2.311900e+01 7.510679e-01 3.754035e-01
315 3.546487e+02 2.694999e+02 2.314055e+01 7.683928e-01 3.809843e-01
316 3.560486e+02 2.711280e+02 2.316607e+01 7.824790e-01 3.570835e-01
317 3.565847e+02 2.711395e+02 2.320040e+01 8.021786e-01 3.347129e-01
318 3.584974e+02 2.706013e+02 2.322764e+01 8.192548e-01 3.544561e-01
319 3.642397e+02 2.734339e+02 2.324131e+01 8.380440e-01 3.106912e-01
320 3.607143e+02 2.760638e+02 2.327693e+01 8.442438e-01 3.011353e-01
321 3.560517e+02 2.774171e+02 2.332772e+01 8.417575e-01 2.641693e-01
322 3.540536e+02 2.780274e+02 2.337419e+01 8.791901e-01 2.616273e-01
323 3.570540e+02 2.807091e+02 2.341519e+01 8.922488e-01 2.403904e-01
324 3.591369e+02 2.820723e+02 2.344821e+01 8.933701e-01 2.312579e-01
325 3.555556e+02 2.832806e+02 2.348584e+01 8.898086e-01 1.966365e-01
326 3.555181e+02 2.881750e+02 2.352050e+01 8.840484e-01 1.749797e-01
327 3.539698e+02 2.920737e+02 2.355608e+01 8.777865e-01 1.512652e-01
328 3.534150e+02 2.933773e+02 2.358446e+01 8.680884e-01 1.407326e-01
329 3.527261e+02 2.958508e+02 2.360766e+01 8.510981e-01 1.072186e-01
330 3.520552e+02 2.980599e+02 2.363780e+01 8.328600e-01 8.727626e-02
331 3.507999e+02 3.023643e+02 2.367665e+01 8.299389e-01 7.387267e-02
332 3.453659e+02 3.079927e+02 2.369699e+01 8.351173e-01 5.691236e-02
333 3.381340e+02 3.132640e+02 2.376146e+01 8.972217e-01 5.172323e-02
334 3.288097e+02 3.209580e+02 2.381386e+01 8.920938e-01 4.090117e-02
335 3.153751e+02 3.295879e+02 2.387746e+01 9.115739e-01 2.451040e-02
336 2.965571e+02 3.307171e+02 2.391272e+01 9.043329e-01 1.786602e-02
337 2.813027e+02 3.223029e+02 2.393435e+01 9.049076e-01 1.262369e-02
338 2.522467e+02 3.268237e+02 2.380421e+01 8.652802e-01 1.017649e-02
339 2.702817e+02 3.499658e+02 2.379176e+01 8.760011e-01 9.354066e-03
340 2.687302e+02 3.686869e+02 2.379034e+01 8.705451e-01 9.368386e-03
341 2.956386e+02 3.853483e+02 2.379694e+01 8.815981e-01 1.292439e-02
342 3.228476e+02 3.506412e+02 2.379931e+01 8.760767e-01 0.000000e+00
result for iter 11: 3.125156e-01 2.243068e-01
iter 12
294 3.264093e+02 2.575541e+02 2.300000e+01 6.521743e-01 7.232505e-01
295 3.276099e+02 2.581284e+02 2.300168e+01 6.501768e-01 7.248413e-01
296 3.313204e+02 2.589684e+02 2.300416e+01 6.490596e-01 7.122413e-01
297 3.318604e+02 2.592269e+02 2.300803e+01 6.441916e-01 6.873404e-01
298 3.335232e+02 2.598737e+02 2.301781e+01 6.417329e-01 6.740080e-01
299 3.329858e+02 2.599857e+02 2.302964e+01 6.438097e-01 6.007359e-01
300 3.328400e+02 2.610916e+02 2.303903e+01 6.376527e-01 5.489500e-01
301 3.363991e+02 2.614641e+02 2.304827e+01 6.371197e-01 5.832289e-01
302 3.381454e+02 2.626399e+02 2.305401e+01 6.337779e-01 5.531115e-01
303 3.387257e+02 2.633388e+02 2.306204e+01 6.621917e-01 5.736758e-01
304 3.381751e+02 2.634997e+02 2.305930e+01 6.318620e-01 4.841062e-01
305 3.391169e+02 2.653983e+02 2.307931e+01 6.095873e-01 4.510111e-01
306 3.400232e+02 2.645124e+02 2.307481e+01 6.183105e-01 4.404713e-01
307 3.404512e+02 2.665541e+02 2.306620e+01 5.857396e-01 3.632173e-01
308 3.449358e+02 2.681044e+02 2.307923e+01 5.677037e-01 3.856101e-01
309 3.484503e+02 2.701889e+02 2.306918e+01 5.503551e-01 3.638407e-01
310 3.476155e+02 2.708705e+02 2.307688e+01 5.401453e-01 3.185334e-01
311 3.504258e+02 2.722661e+02 2.308287e+01 5.273119e-01 3.214667e-01
312 3.493821e+02 2.719170e+02 2.308538e+01 5.177758e-01 2.575248e-01
313 3.502762e+02 2.727934e+02 2.309484e+01 5.083007e-01 2.393677e-01
314 3.525706e+02 2.723800e+02 2.312493e+01 5.025153e-01 2.394257e-01
315 3.535473e+02 2.745632e+02 2.311630e+01 4.922568e-01 2.387900e-01
316 3.543689e+02 2.771621e+02 2.312505e+01 4.836520e-01 2.199332e-01
317 3.543406e+02 2.778555e+02 2.303829e+01 4.623557e-01 1.847887e-01
318 3.546855e+02 2.796094e+02 2.298769e+01 4.417686e-01 1.765010e-01
319 3.546020e+02 2.827937e+02 2.295377e+01 4.338846e-01 1.569000e-01
320 3.543402e+02 2.840702e+02 2.294569e+01 4.273492e-01 1.481247e-01
321 3.527562e+02 2.846892e+02 2.293737e+01 4.220534e-01 1.211137e-01
322 3.535916e+02 2.870462e+02 2.292787e+01 4.243021e-01 1.214869e-01
323 3.546318e+02 2.896394e+02 2.292267e+01 4.248668e-01 1.097031e-01
324 3.548972e+02 2.913880e+02 2.291448e+01 4.213890e-01 1.041715e-01
325 3.534245e+02 2.926824e+02 2.292172e+01 4.138511e-01 8.711520e-02
326 3.525969e+02 2.954050e+02 2.294157e+01 4.101934e-01 7.251793e-02
327 3.530924e+02 2.989245e+02 2.293336e+01 4.046206e-01 6.608871e-02
328 3.537665e+02 3.030073e+02 2.291790e+01 3.986550e-01 6.102753e-02
329 3.525303e+02 3.055125e+02 2.291585e+01 3.971242e-01 4.713928e-02
330 3.510405e+02 3.075841e+02 2.293021e+01 3.936966e-01 3.882289e-02
331 3.490607e+02 3.095932e+02 2.292691e+01 3.976628e-01 3.318970e-02
332 3.432939e+02 3.096847e+02 2.291356e+01 3.916257e-01 2.495338e-02
333 3.374355e+02 3.118884e+02 2.295696e+01 4.283545e-01 2.305006e-02
334 3.280900e+02 3.238771e+02 2.303488e+01 4.809598e-01 2.063223e-02
335 3.134390e+02 3.287921e+02 2.301504e+01 4.995092e-01 1.247812e-02
336 2.985444e+02 3.278522e+02 2.298075e+01 4.605970e-01 8.404097e-03
337 2.899198e+02 3.250744e+02 2.285686e+01 4.322328e-01 5.499079e-03
338 2.853356e+02 3.345757e+02 2.284570e+01 4.281753e-01 4.638355e-03
339 2.903565e+02 3.355921e+02 2.284677e+01 4.285708e-01 4.220023e-03
340 3.092290e+02 3.497102e+02 2.284131e+01 4.216533e-01 4.182826e-03
341 3.090544e+02 3.324634e+02 2.285065e+01 4.243066e-01 0.000000e+00
342 3.453874e+02 3.603569e+02 2.284874e+01 4.192844e-01 0.000000e+00
result for iter 12: 2.518659e-01 2.364401e-01
iter 13
294 3.291771e+02 2.568566e+02 2.300000e+01 6.521741e-01 7.891721e-01
295 3.289224e+02 2.582566e+02 2.299869e+01 6.495097e-01 7.749455e-01
296 3.302208e+02 2.599889e+02 2.300004e+01 6.481173e-01 6.759264e-01
297 3.285256e+02 2.603140e+02 2.300005e+01 6.513681e-01 5.719590e-01
298 3.318424e+02 2.615307e+02 2.299836e+01 6.591415e-01 6.104286e-01
299 3.318036e+02 2.606023e+02 2.299512e+01 6.638657e-01 5.809213e-01
300 3.325286e+02 2.607142e+02 2.298746e+01 6.725017e-01 5.671084e-01
301 3.361374e+02 2.598883e+02 2.298252e+01 6.787487e-01 6.101067e-01
302 3.373403e+02 2.604380e+02 2.298862e+01 6.825271e-01 5.752845e-01
303 3.395483e+02 2.621365e+02 2.299455e+01 6.846963e-01 6.119343e-01
304 3.387300e+02 2.627774e+02 2.300886e+01 6.720478e-01 5.265788e-01
305 3.407472e+02 2.637240e+02 2.301245e+01 6.764814e-01 5.376882e-01
306 3.416843e+02 2.620392e+02 2.299430e+01 6.997525e-01 5.358149e-01
307 3.423562e+02 2.631239e+02 2.298103e+01 7.026441e-01 4.745771e-01
308 3.442415e+02 2.644770e+02 2.299195e+01 7.121337e-01 4.655195e-01
309 3.468082e+02 2.651360e+02 2.298377e+01 7.311978e-01 4.758192e-01
310 3.473060e+02 2.656297e+02 2.298280e+01 7.405549e-01 4.272013e-01
311 3.509565e+02 2.667369e+02 2.298088e+01 7.585296e-01 4.583469e-01
312 3.497250e+02 2.671514e+02 2.303792e+01 7.542812e-01 3.797884e-01
313 3.501241e+02 2.675199e+02 2.306441e+01 7.713567e-01 3.593487e-01
314 3.529017e+02 2.673378e+02 2.304368e+01 8.352543e-01 4.011297e-01
315 3.550375e+02 2.672270e+02 2.303143e+01 8.727971e-01 4.286782e-01
316 3.579409e+02 2.687145e+02 2.304100e+01 8.885104e-01 4.011046e-01
317 3.651088e+02 2.682416e+02 2.304626e+01 9.069759e-01 3.734282e-01
318 3.569873e+02 2.659945e+02 2.306423e+01 9.370061e-01 3.811212e-01
319 3.602477e+02 2.717725e+02 2.307915e+01 9.590290e-01 3.506002e-01
320 3.582640e+02 2.749287e+02 2.306906e+01 9.892727e-01 3.465917e-01
321 3.568799e+02 2.760707e+02 2.307874e+01 1.014349e+00 3.115746e-01
322 3.557673e+02 2.777840e+02 2.306435e+01 1.047280e+00 3.034397e-01
323 3.561391e+02 2.775441e+02 2.306590e+01 1.069863e+00 2.797079e-01
324 3.624789e+02 2.789080e+02 2.307654e+01 1.084842e+00 2.719904e-01
325 3.590865e+02 2.798149e+02 2.308340e+01 1.114998e+00 2.380284e-01
326 3.610098e+02 2.851907e+02 2.309861e+01 1.148285e+00 2.191997e-01
327 3.595843e+02 2.924306e+02 2.311582e+01 1.173419e+00 1.947223e-01
328 3.564915e+02 2.887750e+02 2.310839e+01 1.149086e+00 1.788426e-01
329 3.534375e+02 2.890920e+02 2.310349e+01 1.149888e+00 1.387380e-01
330 3.520646e+02 2.911839e+02 2.310895e+01 1.166213e+00 1.168015e-01
331 3.513682e+02 2.963799e+02 2.310313e+01 1.184137e+00 1.003554e-01
332 3.477112e+02 3.012261e+02 2.310659e+01 1.212884e+00 7.858937e-02
333 3.396434e+02 3.062013e+02 2.310700e+01 1.246144e+00 6.793521e-02
334 3.291089e+02 3.141780e+02 2.312720e+01 1.258696e+00 5.442929e-02
335 3.156631e+02 3.202397e+02 2.314763e+01 1.279650e+00 3.233602e-02
336 2.976565e+02 3.243951e+02 2.320440e+01 1.262345e+00 2.348335e-02
337 2.814241e+02 3.214142e+02 2.312462e+01 1.317808e+00 1.716090e-02
338 2.598353e+02 3.273865e+02 2.321319e+01 1.294170e+00 1.447420e-02
339 2.463048e+02 3.419053e+02 2.314794e+01 1.321824e+00 1.336106e-02
340 2.317684e+02 3.584800e+02 2.307264e+01 1.385051e+00 1.401950e-02
341 1.972386e+02 3.720061e+02 2.307773e+01 1.371656e+00 1.891161e-02
342 3.193424e+02 3.471600e+02 2.327811e+01 1.271881e+00 0.000000e+00
result for iter 13: 3.342699e-01 2.230689e-01
iter 14
294 3.300630e+02 2.593695e+02 2.300000e+01 6.521752e-01 9.356274e-01
295 3.296121e+02 2.598106e+02 2.300237e+01 6.481165e-01 7.617388e-01
296 3.305441e+02 2.602329e+02 2.300594e+01 6.430626e-01 6.799816e-01
297 3.315481e+02 2.603716e+02 2.300928e+01 6.395334e-01 6.682732e-01
298 3.330175e+02 2.605526e+02 2.301385e+01 6.374957e-01 6.543058e-01
299 3.313536e+02 2.612354e+02 2.301357e+01 6.325105e-01 5.412125e-01
300 3.317531e+02 2.616544e+02 2.301403e+01 6.305536e-01 5.119204e-01
301 3.347624e+02 2.623240e+02 2.300280e+01 5.968773e-01 5.025422e-01
302 3.369322e+02 2.628734e+02 2.299932e+01 5.904993e-01 4.890876e-01
303 3.381607e+02 2.649415e+02 2.299986e+01 5.508844e-01 4.622583e-01
304 3.374323e+02 2.658071e+02 2.299404e+01 5.178288e-01 3.798169e-01
305 3.400787e+02 2.694733e+02 2.301984e+01 4.392583e-01 3.386372e-01
306 3.424593e+02 2.713163e+02 2.304096e+01 3.770055e-01 3.002311e-01
307 3.413091e+02 2.716722e+02 2.305689e+01 3.404533e-01 2.202045e-01
308 3.441340e+02 2.710030e+02 2.305130e+01 3.358911e-01 2.196610e-01
309 3.454694e+02 2.708855e+02 2.294009e+01 4.523992e-01 2.760109e-01
310 3.458683e+02 2.705928e+02 2.285039e+01 5.309619e-01 2.830784e-01
311 3.492531e+02 2.704979e+02 2.275725e+01 6.035711e-01 3.459105e-01
312 3.494424e+02 2.701130e+02 2.272427e+01 6.021935e-01 2.904932e-01
313 3.499889e+02 2.707298e+02 2.269784e+01 5.843418e-01 2.608929e-01
314 3.519936e+02 2.698599e+02 2.267109e+01 5.705401e-01 2.538398e-01
315 3.543361e+02 2.742225e+02 2.264618e+01 5.573468e-01 2.646621e-01
316 3.543293e+02 2.759190e+02 2.261829e+01 5.470844e-01 2.379942e-01
317 3.540896e+02 2.756373e+02 2.259621e+01 5.289486e-01 2.009255e-01
318 3.541192e+02 2.779898e+02 2.255521e+01 4.873656e-01 1.822501e-01
319 3.554838e+02 2.813936e+02 2.252285e+01 4.586169e-01 1.596752e-01
320 3.545465e+02 2.830916e+02 2.249421e+01 4.580402e-01 1.525763e-01
321 3.540867e+02 2.845745e+02 2.246760e+01 4.484317e-01 1.305450e-01
322 3.539466e+02 2.875194e+02 2.243418e+01 4.335494e-01 1.188464e-01
323 3.541344e+02 2.898750e+02 2.240831e+01 4.391823e-01 1.083674e-01
324 3.551205e+02 2.907989e+02 2.237622e+01 4.564926e-01 1.076101e-01
325 3.536611e+02 2.921589e+02 2.235983e+01 4.255091e-01 8.523175e-02
326 3.528728e+02 2.953083e+02 2.235427e+01 3.568180e-01 6.057822e-02
327 3.520340e+02 2.982829e+02 2.233742e+01 3.301667e-01 4.894910e-02
328 3.528199e+02 3.032980e+02 2.230936e+01 3.336400e-01 4.839843e-02
329 3.520262e+02 3.049453e+02 2.228097e+01 4.158264e-01 4.666217e-02
330 3.514943e+02 3.075450e+02 2.226139e+01 4.056658e-01 3.770362e-02
331 3.498906e+02 3.108965e+02 2.224364e+01 3.866883e-01 3.037877e-02
332 3.434835e+02 3.105564e+02 2.221689e+01 3.928145e-01 2.353027e-02
333 3.369206e+02 3.136550e+02 2.218215e+01 4.855743e-01 2.439510e-02
334 3.280118e+02 3.230107e+02 2.217394e+01 5.238237e-01 2.082266e-02
335 3.130855e+02 3.268070e+02 2.216482e+01 5.277551e-01 1.222766e-02
336 2.963824e+02 3.302299e+02 2.216596e+01 5.301447e-01 8.999304e-03
337 2.843453e+02 3.242285e+02 2.216519e+01 5.267957e-01 6.302660e-03
338 2.856479e+02 3.355847e+02 2.216492e+01 5.402905e-01 5.509260e-03
339 2.905864e+02 3.446237e+02 2.216607e+01 5.376024e-01 4.982890e-03
340 2.783798e+02 3.727457e+02 2.217653e+01 5.427275e-01 5.075059e-03
341 3.020386e+02 3.859000e+02 2.216230e+01 5.476350e-01 6.963349e-03
342 3.053214e+02 3.496104e+02 2.215563e+01 5.381433e-01 0.000000e+00
result for iter 14: 2.350181e-01 2.308406e-01
iter 15
294 3.286492e+02 2.595859e+02 2.300000e+01 6.521743e-01 8.627230e-01
295 3.285068e+02 2.596322e+02 2.300168e+01 6.486570e-01 7.299329e-01
296 3.313212e+02 2.599545e+02 2.300585e+01 6.477890e-01 7.109799e-01
297 3.311827e+02 2.597000e+02 2.300728e+01 6.421527e-01 6.628676e-01
298 3.320529e+02 2.606515e+02 2.300827e+01 6.390291e-01 6.268443e-01
299 3.321519e+02 2.610406e+02 2.301133e+01 6.397011e-01 5.710310e-01
300 3.325513e+02 2.610736e+02 2.301161e+01 6.404657e-01 5.419562e-01
301 3.355639e+02 2.596951e+02 2.301459e+01 6.467966e-01 5.672712e-01
302 3.381833e+02 2.618425e+02 2.300631e+01 6.417105e-01 5.577193e-01
303 3.385896e+02 2.636219e+02 2.300576e+01 6.317293e-01 5.411286e-01
304 3.392549e+02 2.627793e+02 2.301518e+01 6.436755e-01 5.174077e-01
305 3.393344e+02 2.656609e+02 2.298984e+01 6.104971e-01 4.527863e-01
306 3.404876e+02 2.659638e+02 2.296475e+01 5.892521e-01 4.251339e-01
307 3.415023e+02 2.652743e+02 2.297104e+01 6.185929e-01 4.007163e-01
308 3.433202e+02 2.660586e+02 2.296234e+01 5.970510e-01 3.731157e-01
309 3.461370e+02 2.668634e+02 2.299662e+01 6.493951e-01 4.106106e-01
310 3.466694e+02 2.664021e+02 2.301434e+01 7.043480e-01 3.958274e-01
311 3.496458e+02 2.665469e+02 2.302448e+01 7.351586e-01 4.390528e-01
312 3.504627e+02 2.664945e+02 2.306302e+01 7.889053e-01 4.122637e-01
313 3.508113e+02 2.660647e+02 2.308630e+01 8.143228e-01 3.937564e-01
314 3.532285e+02 2.662217e+02 2.309449e+01 8.321456e-01 4.074096e-01
315 3.549715e+02 2.669952e+02 2.310283e+01 8.484404e-01 4.193030e-01
316 3.576000e+02 2.686790e+02 2.311442e+01 8.709817e-01 3.957015e-01
317 3.651454e+02 2.694208e+02 2.311940e+01 8.833771e-01 3.660241e-01
318 3.604989e+02 2.685696e+02 2.312489e+01 9.153153e-01 3.925215e-01
319 3.673872e+02 2.710805e+02 2.311347e+01 9.603473e-01 3.521272e-01
320 3.657392e+02 2.742748e+02 2.315653e+01 9.785959e-01 3.454559e-01
321 3.626578e+02 2.751343e+02 2.313816e+01 9.967265e-01 3.077403e-01
322 3.574715e+02 2.772313e+02 2.316300e+01 1.035644e+00 3.026407e-01
323 3.543134e+02 2.764967e+02 2.319759e+01 1.082582e+00 2.862743e-01
324 3.578580e+02 2.791701e+02 2.323281e+01 1.111404e+00 2.824368e-01
325 3.573615e+02 2.793144e+02 2.319758e+01 1.154209e+00 2.488429e-01
326 3.613889e+02 2.841992e+02 2.320045e+01 1.193122e+00 2.297715e-01
327 3.621374e+02 2.896834e+02 2.317889e+01 1.235954e+00 2.062204e-01
328 3.605741e+02 2.910439e+02 2.316251e+01 1.273233e+00 1.990940e-01
329 3.570829e+02 2.920753e+02 2.312546e+01 1.242198e+00 1.501606e-01
330 3.532339e+02 2.923611e+02 2.311636e+01 1.236878e+00 1.239584e-01
331 3.516318e+02 2.946391e+02 2.311150e+01 1.240189e+00 1.051820e-01
332 3.495392e+02 2.978949e+02 2.312461e+01 1.283182e+00 8.327412e-02
333 3.396701e+02 3.016049e+02 2.303649e+01 1.581569e+00 8.569603e-02
334 3.307990e+02 3.082186e+02 2.302349e+01 1.660940e+00 7.118062e-02
335 3.171434e+02 3.158974e+02 2.302921e+01 1.614928e+00 4.039184e-02
336 3.013079e+02 3.148723e+02 2.302885e+01 1.675361e+00 3.069689e-02
337 2.826681e+02 3.213967e+02 2.309677e+01 1.332113e+00 1.730542e-02
338 2.573973e+02 3.265582e+02 2.310551e+01 1.268005e+00 1.405030e-02
339 2.418050e+02 3.404132e+02 2.311071e+01 1.219851e+00 1.229068e-02
340 2.338231e+02 3.614605e+02 2.311006e+01 1.224780e+00 1.243749e-02
341 2.734270e+02 4.049733e+02 2.313129e+01 1.226180e+00 1.698443e-02
342 3.362788e+02 3.827731e+02 2.314977e+01 1.233502e+00 0.000000e+00
result for iter 15: 3.285367e-01 2.173329e-01
iter 16
294 3.292157e+02 2.588822e+02 2.300000e+01 6.521740e-01 9.151778e-01
295 3.273805e+02 2.590877e+02 2.300160e+01 6.547814e-01 7.138514e-01
296 3.310511e+02 2.595720e+02 2.299951e+01 6.595336e-01 7.147114e-01
297 3.309318e+02 2.598292e+02 2.299837e+01 6.620069e-01 6.718999e-01
298 3.325218e+02 2.604853e+02 2.299735e+01 6.656817e-01 6.668722e-01
299 3.320561e+02 2.597425e+02 2.298844e+01 6.835471e-01 6.057885e-01
300 3.338792e+02 2.593192e+02 2.298508e+01 6.943337e-01 6.259026e-01
301 3.363304e+02 2.597134e+02 2.298146e+01 6.998032e-01 6.347187e-01
302 3.374121e+02 2.604370e+02 2.298589e+01 7.025200e-01 5.938967e-01
303 3.384097e+02 2.612730e+02 2.300497e+01 6.926117e-01 5.882951e-01
304 3.398592e+02 2.610089e+02 2.301066e+01 6.923481e-01 5.721147e-01
305 3.408558e+02 2.629104e+02 2.303594e+01 7.249079e-01 5.802677e-01
306 3.415371e+02 2.614769e+02 2.306041e+01 7.798848e-01 5.966497e-01
307 3.431818e+02 2.616653e+02 2.307677e+01 8.092006e-01 5.725227e-01
308 3.447102e+02 2.616838e+02 2.308447e+01 8.199901e-01 5.517659e-01
309 3.470050e+02 2.627249e+02 2.309423e+01 8.268439e-01 5.478159e-01
310 3.478668e+02 2.624506e+02 2.310673e+01 8.502895e-01 5.082995e-01
311 3.501126e+02 2.638504e+02 2.311907e+01 8.689570e-01 5.314073e-01
312 3.503927e+02 2.636145e+02 2.313026e+01 8.830480e-01 4.627469e-01
313 3.516664e+02 2.644686e+02 2.314242e+01 9.244042e-01 4.685905e-01
314 3.546344e+02 2.642006e+02 2.314508e+01 9.477382e-01 4.821445e-01
315 3.552639e+02 2.648404e+02 2.315511e+01 9.774873e-01 4.852674e-01
316 3.574470e+02 2.661457e+02 2.317685e+01 1.011422e+00 4.619910e-01
317 3.590594e+02 2.660181e+02 2.318915e+01 1.035698e+00 4.317309e-01
318 3.588015e+02 2.652147e+02 2.321047e+01 1.062114e+00 4.256210e-01
319 3.608141e+02 2.685010e+02 2.321301e+01 1.093885e+00 4.045532e-01
320 3.603296e+02 2.718324e+02 2.324157e+01 1.129023e+00 4.014912e-01
321 3.593594e+02 2.730459e+02 2.325696e+01 1.168963e+00 3.646342e-01
322 3.595151e+02 2.759452e+02 2.325303e+01 1.195414e+00 3.520501e-01
323 3.586443e+02 2.756593e+02 2.326559e+01 1.215596e+00 3.233353e-01
324 3.604428e+02 2.790488e+02 2.327920e+01 1.252938e+00 3.196772e-01
325 3.611220e+02 2.780564e+02 2.327497e+01 1.282162e+00 2.782766e-01
326 3.683536e+02 2.795288e+02 2.328158e+01 1.318693e+00 2.557332e-01
327 3.672816e+02 2.892667e+02 2.331715e+01 1.339891e+00 2.262375e-01
328 3.619758e+02 2.870847e+02 2.335591e+01 1.403712e+00 2.231777e-01
329 3.575423e+02 2.873871e+02 2.335110e+01 1.426645e+00 1.758390e-01
330 3.533022e+02 2.889699e+02 2.331033e+01 1.442761e+00 1.470285e-01
331 3.520647e+02 2.930131e+02 2.329692e+01 1.468111e+00 1.265183e-01
332 3.494397e+02 2.966212e+02 2.330896e+01 1.498856e+00 9.882768e-02
333 3.398662e+02 3.012624e+02 2.332522e+01 1.537150e+00 8.539012e-02
334 3.311341e+02 3.076380e+02 2.333607e+01 1.569384e+00 6.909558e-02
335 3.163314e+02 3.116430e+02 2.333780e+01 1.607165e+00 4.128217e-02
336 3.028963e+02 3.101849e+02 2.334150e+01 1.640932e+00 3.088798e-02
337 2.845265e+02 3.145316e+02 2.335616e+01 1.659094e+00 2.204005e-02
338 2.648245e+02 3.224743e+02 2.335631e+01 1.657939e+00 1.877200e-02
339 2.643312e+02 3.429311e+02 2.335325e+01 1.695926e+00 1.744793e-02
340 2.467363e+02 3.533351e+02 2.335134e+01 1.712972e+00 1.776012e-02
341 3.235221e+02 3.239154e+02 2.332620e+01 1.670297e+00 0.000000e+00
342 3.225407e+02 3.426583e+02 2.332672e+01 1.669294e+00 0.000000e+00
result for iter 16: 3.757164e-01 2.390503e-01
iter 17
294 3.244483e+02 2.590526e+02 2.300000e+01 6.521745e-01 7.126351e-01
295 3.282431e+02 2.610607e+02 2.299983e+01 6.478548e-01 6.484143e-01
296 3.346097e+02 2.612549e+02 2.300319e+01 6.423304e-01 6.755988e-01
297 3.328780e+02 2.615501e+02 2.300493e+01 6.357780e-01 6.540505e-01
298 3.340675e+02 2.613776e+02 2.301778e+01 6.371917e-01 6.813247e-01
299 3.316665e+02 2.608750e+02 2.303092e+01 6.329769e-01 5.517656e-01
300 3.320975e+02 2.603919e+02 2.303853e+01 6.395859e-01 5.300234e-01
301 3.357584e+02 2.602933e+02 2.303100e+01 6.560749e-01 5.817192e-01
302 3.366227e+02 2.607987e+02 2.303081e+01 6.774527e-01 5.547515e-01
303 3.388335e+02 2.627969e+02 2.301582e+01 6.813062e-01 5.907163e-01
304 3.386408e+02 2.621358e+02 2.300282e+01 6.814595e-01 5.313617e-01
305 3.405493e+02 2.637379e+02 2.301334e+01 6.866397e-01 5.408424e-01
306 3.411506e+02 2.627124e+02 2.302655e+01 7.052153e-01 5.282463e-01
307 3.432314e+02 2.625574e+02 2.304655e+01 7.199373e-01 5.091413e-01
308 3.433753e+02 2.637274e+02 2.300817e+01 7.133953e-01 4.488308e-01
309 3.471259e+02 2.656033e+02 2.297053e+01 6.999935e-01 4.588176e-01
310 3.474797e+02 2.655481e+02 2.298164e+01 7.233566e-01 4.204897e-01
311 3.502383e+02 2.668989e+02 2.298685e+01 7.336894e-01 4.435674e-01
312 3.491447e+02 2.673953e+02 2.302452e+01 7.498292e-01 3.665377e-01
313 3.506686e+02 2.673413e+02 2.313604e+01 7.841368e-01 3.782029e-01
314 3.531399e+02 2.675277e+02 2.309850e+01 8.058857e-01 3.931263e-01
315 3.545913e+02 2.679043e+02 2.315927e+01 8.281415e-01 4.112734e-01
316 3.566509e+02 2.680987e+02 2.327282e+01 8.832409e-01 4.067896e-01
317 3.611339e+02 2.691203e+02 2.330833e+01 9.004912e-01 3.792384e-01
318 3.593921e+02 2.669109e+02 2.336171e+01 9.814742e-01 4.278877e-01
319 3.618713e+02 2.706267e+02 2.337621e+01 1.028883e+00 3.858825e-01
320 3.586516e+02 2.721979e+02 2.342324e+01 1.081036e+00 3.904596e-01
321 3.580168e+02 2.736038e+02 2.344672e+01 1.121283e+00 3.554921e-01
322 3.574198e+02 2.758637e+02 2.347522e+01 1.163244e+00 3.491542e-01
323 3.576019e+02 2.752628e+02 2.351702e+01 1.188714e+00 3.230560e-01
324 3.643499e+02 2.775504e+02 2.355572e+01 1.229507e+00 3.211955e-01
325 3.636768e+02 2.774579e+02 2.357432e+01 1.257561e+00 2.800031e-01
326 3.627593e+02 2.810628e+02 2.359121e+01 1.296197e+00 2.581010e-01
327 3.604203e+02 2.876415e+02 2.364761e+01 1.356001e+00 2.354932e-01
328 3.566513e+02 2.866996e+02 2.372146e+01 1.401098e+00 2.297896e-01
329 3.553201e+02 2.868892e+02 2.375359e+01 1.443487e+00 1.841010e-01
330 3.540532e+02 2.879415e+02 2.378509e+01 1.496018e+00 1.587291e-01
331 3.522839e+02 2.893664e+02 2.382919e+01 1.538919e+00 1.387496e-01
332 3.500399e+02 2.931064e+02 2.386992e+01 1.582122e+00 1.093993e-01
333 3.397386e+02 2.993847e+02 2.390883e+01 1.607373e+00 9.381517e-02
334 3.305534e+02 3.059191e+02 2.394387e+01 1.646419e+00 7.631231e-02
335 3.165304e+02 3.096329e+02 2.398675e+01 1.702625e+00 4.620022e-02
336 3.024884e+02 3.095455e+02 2.402803e+01 1.725312e+00 3.441482e-02
337 2.841292e+02 3.133621e+02 2.406660e+01 1.760975e+00 2.483827e-02
338 2.578154e+02 3.131387e+02 2.408446e+01 1.784427e+00 2.055314e-02
339 2.376186e+02 3.337823e+02 2.409429e+01 1.762948e+00 1.930679e-02
340 2.036333e+02 3.383784e+02 2.408979e+01 1.786848e+00 1.943159e-02
341 2.937544e+02 3.743188e+02 2.407484e+01 1.798849e+00 2.699099e-02
342 3.321660e+02 3.500983e+02 2.407520e+01 1.808421e+00 0.000000e+00
result for iter 17: 3.450372e-01 2.088372e-01
iter 18
294 3.319197e+02 2.601592e+02 2.300000e+01 6.521733e-01 8.858247e-01
295 3.329691e+02 2.589413e+02 2.299832e+01 6.504607e-01 8.959463e-01
296 3.318492e+02 2.594003e+02 2.299633e+01 6.522378e-01 7.321833e-01
297 3.310849e+02 2.593476e+02 2.299260e+01 6.522688e-01 6.691316e-01
298 3.327269e+02 2.602099e+02 2.299085e+01 6.519819e-01 6.589896e-01
299 3.329926e+02 2.605678e+02 2.298765e+01 6.534710e-01 6.075693e-01
300 3.326348e+02 2.601909e+02 2.298395e+01 6.521454e-01 5.527495e-01
301 3.350685e+02 2.605376e+02 2.298694e+01 6.485971e-01 5.537254e-01
302 3.364670e+02 2.627230e+02 2.298417e+01 6.337264e-01 5.130561e-01
303 3.380333e+02 2.636745e+02 2.297130e+01 6.233907e-01 5.186005e-01
304 3.381789e+02 2.636622e+02 2.295338e+01 6.229887e-01 4.727185e-01
305 3.404009e+02 2.655983e+02 2.295880e+01 6.279979e-01 4.888346e-01
306 3.407819e+02 2.643476e+02 2.295911e+01 6.338782e-01 4.636717e-01
307 3.421752e+02 2.643887e+02 2.294869e+01 6.489200e-01 4.332983e-01
308 3.436680e+02 2.646724e+02 2.293784e+01 6.631123e-01 4.202456e-01
309 3.455878e+02 2.656920e+02 2.290823e+01 6.857853e-01 4.195106e-01
310 3.476237e+02 2.668771e+02 2.288319e+01 6.791684e-01 3.939094e-01
311 3.516035e+02 2.684922e+02 2.290595e+01 7.176172e-01 4.308025e-01
312 3.505617e+02 2.684615e+02 2.288626e+01 7.233679e-01 3.737627e-01
313 3.492365e+02 2.688124e+02 2.287489e+01 7.132903e-01 3.110661e-01
314 3.517547e+02 2.685695e+02 2.285284e+01 7.218443e-01 3.228353e-01
315 3.534772e+02 2.687734e+02 2.283609e+01 7.221682e-01 3.407215e-01
316 3.540851e+02 2.705799e+02 2.282424e+01 7.371819e-01 3.265576e-01
317 3.561651e+02 2.715657e+02 2.277123e+01 7.296504e-01 2.932906e-01
318 3.570112e+02 2.713175e+02 2.275535e+01 7.598914e-01 3.155382e-01
319 3.625065e+02 2.746472e+02 2.272254e+01 7.767555e-01 2.752574e-01
320 3.559756e+02 2.764999e+02 2.271414e+01 8.328880e-01 2.828924e-01
321 3.544541e+02 2.773199e+02 2.268419e+01 8.764735e-01 2.600975e-01
322 3.545656e+02 2.789013e+02 2.265769e+01 9.388234e-01 2.625079e-01
323 3.579077e+02 2.799169e+02 2.264663e+01 1.008032e+00 2.540488e-01
324 3.609260e+02 2.808245e+02 2.264529e+01 1.051967e+00 2.539824e-01
325 3.576357e+02 2.807722e+02 2.264106e+01 1.093429e+00 2.245637e-01
326 3.556330e+02 2.841397e+02 2.264703e+01 1.136127e+00 2.084817e-01
327 3.544517e+02 2.876844e+02 2.261350e+01 1.178216e+00 1.871133e-01
328 3.541993e+02 2.877795e+02 2.259190e+01 1.226285e+00 1.824215e-01
329 3.531694e+02 2.884259e+02 2.255430e+01 1.273229e+00 1.464030e-01
330 3.526239e+02 2.887763e+02 2.253315e+01 1.318589e+00 1.255635e-01
331 3.517829e+02 2.919108e+02 2.251788e+01 1.364707e+00 1.098732e-01
332 3.485243e+02 2.981710e+02 2.250751e+01 1.420377e+00 8.732357e-02
333 3.405496e+02 3.036168e+02 2.250578e+01 1.495650e+00 7.734957e-02
334 3.313121e+02 3.119003e+02 2.250058e+01 1.556500e+00 6.370918e-02
335 3.163592e+02 3.142997e+02 2.248900e+01 1.596875e+00 3.808847e-02
336 3.029857e+02 3.112912e+02 2.247098e+01 1.641378e+00 2.863478e-02
337 2.851919e+02 3.154425e+02 2.245792e+01 1.681002e+00 2.064648e-02
338 2.658145e+02 3.231643e+02 2.245834e+01 1.696936e+00 1.776455e-02
339 2.886941e+02 3.484782e+02 2.246792e+01 1.693372e+00 1.612578e-02
340 3.428975e+02 3.236228e+02 2.247971e+01 1.706280e+00 9.822073e-03
341 3.475933e+02 3.146035e+02 2.248135e+01 1.710903e+00 0.000000e+00
342 3.273195e+02 3.440605e+02 2.247704e+01 1.713538e+00 0.000000e+00
result for iter 18: 3.168818e-01 2.285747e-01
iter 19
294 3.293882e+02 2.579160e+02 2.300000e+01 6.521735e-01 8.627167e-01
295 3.307573e+02 2.580145e+02 2.299756e+01 6.501349e-01 8.470530e-01
296 3.311056e+02 2.588941e+02 2.299503e+01 6.507615e-01 7.066659e-01
297 3.312664e+02 2.604581e+02 2.299438e+01 6.431826e-01 6.547370e-01
298 3.319039e+02 2.628406e+02 2.299673e+01 6.256685e-01 5.567625e-01
299 3.306701e+02 2.621125e+02 2.300467e+01 6.164087e-01 5.073558e-01
300 3.309547e+02 2.623905e+02 2.299533e+01 6.240825e-01 4.842111e-01
301 3.344661e+02 2.616803e+02 2.298263e+01 6.071931e-01 5.026009e-01
302 3.369043e+02 2.613504e+02 2.294125e+01 6.624632e-01 5.451602e-01
303 3.385498e+02 2.612925e+02 2.291558e+01 6.987661e-01 5.926146e-01
304 3.388699e+02 2.617196e+02 2.290030e+01 7.007580e-01 5.473082e-01
305 3.409638e+02 2.625115e+02 2.287845e+01 7.428822e-01 5.892562e-01
306 3.428985e+02 2.617437e+02 2.284400e+01 7.684685e-01 6.132753e-01
307 3.432774e+02 2.620790e+02 2.281997e+01 7.765084e-01 5.393427e-01
308 3.446530e+02 2.624556e+02 2.280723e+01 7.854720e-01 5.145291e-01
309 3.459336e+02 2.636868e+02 2.278363e+01 7.865210e-01 4.834396e-01
310 3.468326e+02 2.637941e+02 2.275584e+01 7.875493e-01 4.356915e-01
311 3.491108e+02 2.651253e+02 2.272847e+01 7.855157e-01 4.461195e-01
312 3.484016e+02 2.658714e+02 2.267924e+01 7.794608e-01 3.550551e-01
313 3.495109e+02 2.660422e+02 2.266020e+01 7.863824e-01 3.408427e-01
314 3.518833e+02 2.653867e+02 2.265427e+01 8.042762e-01 3.553655e-01
315 3.535142e+02 2.661450e+02 2.262448e+01 7.990049e-01 3.705571e-01
316 3.554327e+02 2.663831e+02 2.264994e+01 8.647553e-01 3.772418e-01
317 3.572535e+02 2.676168e+02 2.262892e+01 8.960470e-01 3.556879e-01
318 3.567707e+02 2.675770e+02 2.260772e+01 9.510645e-01 3.898134e-01
319 3.580318e+02 2.720333e+02 2.256359e+01 9.585431e-01 3.349412e-01
320 3.575033e+02 2.750798e+02 2.250689e+01 9.756260e-01 3.253543e-01
321 3.576500e+02 2.775161e+02 2.243974e+01 9.429337e-01 2.738214e-01
322 3.551899e+02 2.778786e+02 2.245312e+01 9.803290e-01 2.691859e-01
323 3.545758e+02 2.769499e+02 2.247585e+01 1.040415e+00 2.582703e-01
324 3.568092e+02 2.789920e+02 2.243106e+01 1.080288e+00 2.559087e-01
325 3.553831e+02 2.815997e+02 2.239325e+01 1.108064e+00 2.226149e-01
326 3.583287e+02 2.873635e+02 2.234945e+01 1.130053e+00 2.019533e-01
327 3.561216e+02 2.898773e+02 2.234270e+01 1.163641e+00 1.803990e-01
328 3.555750e+02 2.882904e+02 2.246410e+01 1.236177e+00 1.818184e-01
329 3.532834e+02 2.873601e+02 2.256203e+01 1.314384e+00 1.512389e-01
330 3.526343e+02 2.896114e+02 2.257917e+01 1.371024e+00 1.310904e-01
331 3.520225e+02 2.933587e+02 2.257887e+01 1.412570e+00 1.143436e-01
332 3.494553e+02 2.968651e+02 2.260515e+01 1.477531e+00 9.162719e-02
333 3.410776e+02 3.024097e+02 2.261767e+01 1.542443e+00 8.056469e-02
334 3.311665e+02 3.109655e+02 2.262117e+01 1.578216e+00 6.529231e-02
335 3.165520e+02 3.163446e+02 2.262126e+01 1.599793e+00 3.860822e-02
336 3.033722e+02 3.121991e+02 2.263402e+01 1.639824e+00 2.902431e-02
337 2.848135e+02 3.165784e+02 2.263434e+01 1.648709e+00 2.056926e-02
338 2.652395e+02 3.242804e+02 2.262829e+01 1.652853e+00 1.756594e-02
339 2.599080e+02 3.437343e+02 2.262989e+01 1.649399e+00 1.593431e-02
340 2.827094e+02 3.683427e+02 2.263774e+01 1.655475e+00 1.613099e-02
341 3.256531e+02 3.282809e+02 2.263677e+01 1.696824e+00 0.000000e+00
342 3.218743e+02 3.351677e+02 2.263659e+01 1.697886e+00 0.000000e+00
result for iter 19: 3.316257e-01 2.286182e-01
iter 20
294 3.318303e+02 2.597555e+02 2.300000e+01 6.521743e-01 9.153543e-01
295 3.288026e+02 2.594050e+02 2.299759e+01 6.513273e-01 7.525626e-01
296 3.316654e+02 2.590987e+02 2.300211e+01 6.526221e-01 7.270889e-01
297 3.315435e+02 2.600509e+02 2.300715e+01 6.500173e-01 6.826936e-01
298 3.322578e+02 2.608120e+02 2.300670e+01 6.535401e-01 6.472236e-01
299 3.323275e+02 2.601722e+02 2.301416e+01 6.614626e-01 5.960294e-01
300 3.332211e+02 2.608269e+02 2.301863e+01 6.602530e-01 5.782068e-01
301 3.359734e+02 2.605675e+02 2.301129e+01 6.599567e-01 5.901536e-01
302 3.383903e+02 2.604042e+02 2.301036e+01 6.657983e-01 5.788580e-01
303 3.397717e+02 2.617010e+02 2.298895e+01 6.813744e-01 6.146976e-01
304 3.381838e+02 2.630123e+02 2.300456e+01 6.563561e-01 5.005382e-01
305 3.398171e+02 2.655871e+02 2.303488e+01 6.162253e-01 4.698217e-01
306 3.405604e+02 2.646407e+02 2.303238e+01 6.213360e-01 4.526888e-01
307 3.419446e+02 2.640135e+02 2.301346e+01 6.636153e-01 4.408712e-01
308 3.437416e+02 2.646439e+02 2.301914e+01 6.711672e-01 4.299181e-01
309 3.458819e+02 2.669661e+02 2.303756e+01 6.574138e-01 4.123904e-01
310 3.481012e+02 2.682130e+02 2.306204e+01 6.426129e-01 3.848857e-01
311 3.518179e+02 2.701727e+02 2.308761e+01 6.249240e-01 3.811306e-01
312 3.511278e+02 2.697810e+02 2.306835e+01 6.421260e-01 3.460914e-01
313 3.490315e+02 2.680370e+02 2.303605e+01 6.872361e-01 3.010855e-01
314 3.515135e+02 2.677068e+02 2.302890e+01 7.165714e-01 3.219257e-01
315 3.534809e+02 2.682726e+02 2.302546e+01 7.419959e-01 3.560345e-01
316 3.564365e+02 2.708494e+02 2.301192e+01 7.738792e-01 3.484746e-01
317 3.633250e+02 2.719943e+02 2.300836e+01 7.949940e-01 3.262465e-01
318 3.635089e+02 2.726744e+02 2.303513e+01 8.012342e-01 3.409369e-01
319 3.711164e+02 2.737937e+02 2.307379e+01 8.392652e-01 3.066746e-01
320 3.675929e+02 2.748315e+02 2.302968e+01 8.598846e-01 3.002330e-01
321 3.602156e+02 2.751606e+02 2.311415e+01 9.136014e-01 2.814903e-01
322 3.588962e+02 2.777681e+02 2.292846e+01 9.660115e-01 2.766044e-01
323 3.609236e+02 2.795022e+02 2.306224e+01 9.818580e-01 2.566182e-01
324 3.705800e+02 2.804920e+02 2.309777e+01 9.911239e-01 2.489510e-01
325 3.648430e+02 2.832595e+02 2.306949e+01 1.000294e+00 2.132843e-01
326 3.627965e+02 2.871885e+02 2.304966e+01 1.066411e+00 2.027085e-01
327 3.569027e+02 2.889272e+02 2.312264e+01 1.122294e+00 1.863484e-01
328 3.544180e+02 2.876129e+02 2.321688e+01 1.173636e+00 1.843826e-01
329 3.535945e+02 2.880359e+02 2.333312e+01 1.241691e+00 1.528072e-01
330 3.527954e+02 2.882596e+02 2.338800e+01 1.291775e+00 1.325205e-01
331 3.530922e+02 2.912819e+02 2.342796e+01 1.330182e+00 1.159250e-01
332 3.516394e+02 2.962082e+02 2.345797e+01 1.376525e+00 9.192589e-02
333 3.405988e+02 3.024293e+02 2.348845e+01 1.402180e+00 7.898639e-02
334 3.299011e+02 3.124322e+02 2.352693e+01 1.436846e+00 6.429928e-02
335 3.160669e+02 3.172338e+02 2.355647e+01 1.472256e+00 3.852885e-02
336 3.025454e+02 3.139030e+02 2.359086e+01 1.504716e+00 2.893235e-02
337 2.634293e+02 3.577731e+02 2.356958e+01 1.516868e+00 2.052061e-02
338 2.285547e+02 3.704191e+02 2.359050e+01 1.541603e+00 1.780657e-02
339 1.898482e+02 3.937791e+02 2.360787e+01 1.565982e+00 1.646429e-02
340 1.477266e+02 4.084417e+02 2.362586e+01 1.589730e+00 1.687216e-02
341 1.281877e+02 3.776548e+02 2.363026e+01 1.592915e+00 2.302644e-02
342 8.908326e+01 3.860836e+02 2.362506e+01 1.586698e+00 2.699149e-02
result for iter 20: 3.220165e-01 2.255384e-01
