iter 1
294 3.317014e+02 2.598432e+02 2.299998e+01 6.521289e-01 9.150094e-01
295 3.305567e+02 2.593506e+02 2.308362e+01 6.298703e-01 8.193839e-01
296 3.320905e+02 2.596169e+02 2.328643e+01 7.181898e-01 7.654198e-01
297 3.315624e+02 2.593627e+02 2.363806e+01 7.120972e-01 7.367062e-01
298 3.330668e+02 2.599846e+02 2.393275e+01 7.239149e-01 7.456394e-01
299 3.333809e+02 2.596439e+02 2.425604e+01 7.161991e-01 7.601876e-01
300 3.334286e+02 2.597547e+02 2.434613e+01 6.931599e-01 6.907255e-01
301 3.343124e+02 2.604388e+02 2.454884e+01 6.525948e-01 6.189003e-01
302 3.363879e+02 2.600825e+02 2.489299e+01 6.827399e-01 6.497018e-01
303 3.390868e+02 2.589308e+02 2.592244e+01 7.318981e-01 8.151029e-01
304 3.380530e+02 2.605900e+02 2.636740e+01 6.378124e-01 6.467500e-01
305 3.396876e+02 2.617844e+02 2.684354e+01 6.396674e-01 6.686077e-01
306 3.395156e+02 2.612587e+02 2.706193e+01 6.734809e-01 6.600869e-01
307 3.420787e+02 2.609899e+02 2.716153e+01 6.791801e-01 6.413507e-01
308 3.444113e+02 2.620696e+02 2.755787e+01 6.811154e-01 6.473320e-01
309 3.483845e+02 2.641171e+02 2.800248e+01 6.536731e-01 6.367334e-01
310 3.481466e+02 2.646631e+02 2.855942e+01 6.439759e-01 5.915005e-01
311 3.494382e+02 2.650415e+02 2.877523e+01 6.534582e-01 6.069901e-01
312 3.489599e+02 2.667090e+02 2.936097e+01 6.102436e-01 4.964218e-01
313 3.516507e+02 2.677945e+02 3.030294e+01 6.665569e-01 5.943425e-01
314 3.540583e+02 2.675674e+02 3.118014e+01 6.590271e-01 6.084584e-01
315 3.570160e+02 2.661360e+02 3.157602e+01 6.873676e-01 6.345710e-01
316 3.587158e+02 2.680534e+02 3.213433e+01 6.458525e-01 5.671060e-01
317 3.610551e+02 2.697361e+02 3.267767e+01 6.357593e-01 5.262662e-01
318 3.572485e+02 2.693120e+02 3.334015e+01 6.721273e-01 5.991283e-01
319 3.595861e+02 2.700419e+02 3.370274e+01 7.396264e-01 5.766117e-01
320 3.616846e+02 2.711802e+02 3.378383e+01 7.908547e-01 5.942329e-01
321 3.598748e+02 2.722145e+02 3.447001e+01 8.358760e-01 5.727635e-01
322 3.561141e+02 2.736045e+02 3.548849e+01 9.753271e-01 6.068505e-01
323 3.596738e+02 2.741118e+02 3.641253e+01 1.075260e+00 6.063666e-01
324 3.617241e+02 2.751958e+02 3.776461e+01 1.111482e+00 6.188165e-01
325 3.634266e+02 2.768756e+02 3.917188e+01 9.457144e-01 5.813857e-01
326 3.685357e+02 2.775621e+02 4.078076e+01 8.947102e-01 5.323674e-01
327 3.607268e+02 2.782013e+02 4.007242e+01 1.251882e+00 5.326237e-01
328 3.598425e+02 2.785973e+02 3.759938e+01 1.611694e+00 5.085140e-01
329 3.589040e+02 2.806622e+02 3.725244e+01 1.769706e+00 4.407120e-01
330 3.600580e+02 2.821980e+02 3.855680e+01 1.798430e+00 4.483349e-01
331 3.549078e+02 2.844790e+02 4.035846e+01 1.552676e+00 4.006434e-01
332 3.479048e+02 2.884023e+02 4.017140e+01 1.096236e+00 2.146895e-01
333 3.401911e+02 2.941253e+02 4.357053e+01 1.175980e+00 2.279426e-01
334 3.253401e+02 3.000777e+02 4.320012e+01 1.066128e+00 1.608588e-01
335 3.133875e+02 3.049471e+02 4.405213e+01 9.643441e-01 8.825679e-02
336 2.983939e+02 3.085301e+02 4.446660e+01 9.613447e-01 6.567324e-02
337 2.731968e+02 3.103140e+02 4.358433e+01 2.004672e+00 9.273486e-02
338 2.562258e+02 3.143450e+02 4.323911e+01 2.536882e+00 9.785575e-02
339 3.285115e+02 3.085488e+02 4.400376e+01 3.137401e+00 1.009457e-01
340 3.305365e+02 2.974743e+02 4.400506e+01 3.879665e+00 1.043154e-01
341 3.236154e+02 3.022738e+02 4.385669e+01 4.198939e+00 7.007056e-02
342 3.138355e+02 3.113883e+02 4.357140e+01 4.703032e+00 5.238156e-04
result for iter 1: 5.078880e-01 2.345465e-01
iter 2
294 3.302418e+02 2.568266e+02 2.300001e+01 6.521913e-01 8.269240e-01
295 3.300498e+02 2.574332e+02 2.303201e+01 7.114466e-01 8.684852e-01
296 3.308418e+02 2.581095e+02 2.309039e+01 7.680964e-01 7.915487e-01
297 3.316170e+02 2.585667e+02 2.319686e+01 7.772869e-01 7.600912e-01
298 3.331023e+02 2.597053e+02 2.294258e+01 8.111932e-01 7.271542e-01
299 3.324552e+02 2.613023e+02 2.320922e+01 6.942174e-01 6.248703e-01
300 3.334048e+02 2.615881e+02 2.264866e+01 6.834228e-01 5.809444e-01
301 3.360599e+02 2.623919e+02 2.250177e+01 6.325132e-01 5.419404e-01
302 3.371024e+02 2.623056e+02 2.253113e+01 6.827573e-01 5.464622e-01
303 3.384613e+02 2.614772e+02 2.223531e+01 7.508692e-01 5.957697e-01
304 3.388231e+02 2.610607e+02 2.201494e+01 7.772580e-01 5.573974e-01
305 3.386042e+02 2.629050e+02 2.195302e+01 7.471710e-01 4.831561e-01
306 3.409666e+02 2.620706e+02 2.141693e+01 7.985849e-01 5.092506e-01
307 3.435975e+02 2.613214e+02 2.191114e+01 8.107463e-01 5.262906e-01
308 3.436392e+02 2.621322e+02 2.208013e+01 8.145602e-01 4.765336e-01
309 3.481917e+02 2.626605e+02 2.242475e+01 8.769873e-01 5.478384e-01
310 3.470033e+02 2.635373e+02 2.266191e+01 8.546270e-01 4.725232e-01
311 3.502697e+02 2.641907e+02 2.268116e+01 8.737399e-01 5.142821e-01
312 3.494419e+02 2.644305e+02 2.300486e+01 8.647803e-01 4.281790e-01
313 3.509875e+02 2.647822e+02 2.272945e+01 9.474902e-01 4.469716e-01
314 3.552400e+02 2.652145e+02 2.256078e+01 1.054787e+00 5.098523e-01
315 3.557146e+02 2.630503e+02 2.170675e+01 1.101563e+00 4.615027e-01
316 3.583637e+02 2.628770e+02 2.091496e+01 1.202212e+00 4.094283e-01
317 3.607455e+02 2.634442e+02 2.144842e+01 1.251873e+00 4.205711e-01
318 3.572455e+02 2.626838e+02 2.052162e+01 1.371826e+00 3.922631e-01
319 3.607346e+02 2.641067e+02 2.142949e+01 1.451785e+00 4.150257e-01
320 3.608902e+02 2.645010e+02 2.136825e+01 1.610163e+00 4.207166e-01
321 3.587386e+02 2.678879e+02 2.139536e+01 1.643466e+00 4.195168e-01
322 3.564793e+02 2.711406e+02 2.121249e+01 1.720317e+00 3.911990e-01
323 3.592943e+02 2.733982e+02 2.165545e+01 1.989290e+00 3.682147e-01
324 3.624581e+02 2.735845e+02 2.264987e+01 2.057623e+00 3.838962e-01
325 3.674274e+02 2.746149e+02 2.329973e+01 2.077467e+00 3.640583e-01
326 3.700338e+02 2.756797e+02 2.378393e+01 2.126341e+00 3.516131e-01
327 3.641921e+02 2.781264e+02 2.384648e+01 2.364039e+00 3.175106e-01
328 3.655635e+02 2.799971e+02 2.438931e+01 2.377142e+00 3.199033e-01
329 3.676447e+02 2.824645e+02 2.459694e+01 2.574269e+00 2.809715e-01
330 3.698129e+02 2.837697e+02 2.449882e+01 2.900988e+00 2.848700e-01
331 3.587546e+02 2.876491e+02 2.556952e+01 2.123102e+00 2.204009e-01
332 3.504323e+02 2.926585e+02 2.605315e+01 1.466197e+00 1.207774e-01
333 3.600866e+02 2.884694e+02 2.585675e+01 2.962324e+00 2.022183e-01
334 3.597139e+02 2.892477e+02 2.621869e+01 3.436885e+00 1.910084e-01
335 3.601423e+02 2.908207e+02 2.743338e+01 3.414457e+00 1.157817e-01
336 3.886236e+02 2.935518e+02 3.285840e+01 1.980521e+00 5.747875e-02
337 3.806581e+02 2.996903e+02 3.553984e+01 1.853912e+00 4.257098e-02
338 3.726902e+02 3.038360e+02 3.689176e+01 2.044874e+00 3.776703e-02
339 3.605984e+02 3.037025e+02 3.620047e+01 2.560282e+00 3.824701e-02
340 3.466633e+02 3.070069e+02 3.719990e+01 2.989792e+00 3.967409e-02
341 3.220379e+02 3.074925e+02 3.774485e+01 3.889665e+00 5.733559e-02
342 3.136355e+02 3.130829e+02 4.028196e+01 3.937104e+00 1.050998e-03
result for iter 2: 3.971844e-01 2.172953e-01
iter 3
294 3.268348e+02 2.647110e+02 2.299997e+01 6.521203e-01 5.071189e-01
295 3.276472e+02 2.637017e+02 2.303356e+01 5.922720e-01 5.009903e-01
296 3.296495e+02 2.627682e+02 2.320483e+01 6.192655e-01 5.450585e-01
297 3.315448e+02 2.595434e+02 2.324923e+01 6.767823e-01 7.142346e-01
298 3.339967e+02 2.586744e+02 2.343576e+01 7.728766e-01 8.218255e-01
299 3.335097e+02 2.597119e+02 2.365118e+01 7.120550e-01 7.213967e-01
300 3.341703e+02 2.590677e+02 2.378098e+01 7.082697e-01 6.949875e-01
301 3.353781e+02 2.610011e+02 2.375768e+01 6.586401e-01 6.124572e-01
302 3.364834e+02 2.604447e+02 2.380167e+01 6.993212e-01 6.090878e-01
303 3.389076e+02 2.597297e+02 2.391357e+01 7.400236e-01 6.963048e-01
304 3.387468e+02 2.600371e+02 2.377940e+01 7.639246e-01 6.420984e-01
305 3.394762e+02 2.636719e+02 2.419021e+01 6.501726e-01 5.408975e-01
306 3.427348e+02 2.624995e+02 2.401038e+01 7.376639e-01 6.460303e-01
307 3.440458e+02 2.610216e+02 2.428504e+01 7.684536e-01 6.242496e-01
308 3.445021e+02 2.610491e+02 2.440360e+01 8.004474e-01 5.971471e-01
309 3.487888e+02 2.613936e+02 2.464676e+01 8.450108e-01 6.376551e-01
310 3.471291e+02 2.628512e+02 2.486002e+01 7.903857e-01 5.308132e-01
311 3.475974e+02 2.626857e+02 2.504117e+01 8.483972e-01 5.421485e-01
312 3.479578e+02 2.667402e+02 2.512931e+01 7.244648e-01 4.041026e-01
313 3.522997e+02 2.676607e+02 2.504298e+01 8.242048e-01 4.997616e-01
314 3.560331e+02 2.662131e+02 2.500568e+01 9.255171e-01 5.495827e-01
315 3.559887e+02 2.635898e+02 2.499446e+01 9.681837e-01 5.505503e-01
316 3.564291e+02 2.623718e+02 2.496271e+01 1.037668e+00 4.940502e-01
317 3.609655e+02 2.637432e+02 2.513759e+01 1.036381e+00 4.831740e-01
318 3.582256e+02 2.631932e+02 2.542361e+01 1.063949e+00 4.738656e-01
319 3.596554e+02 2.652471e+02 2.561574e+01 1.138846e+00 4.820664e-01
320 3.613098e+02 2.681487e+02 2.603420e+01 1.114255e+00 4.825911e-01
321 3.593079e+02 2.704612e+02 2.624983e+01 1.165015e+00 4.629512e-01
322 3.564053e+02 2.735664e+02 2.601373e+01 1.403120e+00 4.453727e-01
323 3.585552e+02 2.748800e+02 2.596400e+01 1.640100e+00 4.225686e-01
324 3.592252e+02 2.756371e+02 2.690329e+01 1.645199e+00 4.352523e-01
325 3.600801e+02 2.767658e+02 2.791984e+01 1.574844e+00 4.164952e-01
326 3.639042e+02 2.783172e+02 2.967360e+01 1.578436e+00 4.106827e-01
327 3.610407e+02 2.790816e+02 2.984938e+01 1.826184e+00 3.885831e-01
328 3.617801e+02 2.792268e+02 3.111459e+01 1.929414e+00 4.151018e-01
329 3.610597e+02 2.814795e+02 3.396450e+01 1.909405e+00 3.955395e-01
330 3.596804e+02 2.830159e+02 3.656035e+01 1.913658e+00 4.251204e-01
331 3.549244e+02 2.846821e+02 3.925573e+01 1.571951e+00 3.846293e-01
332 3.466181e+02 2.887620e+02 4.039300e+01 1.119742e+00 2.217191e-01
333 3.397623e+02 2.978554e+02 3.383192e+01 1.222622e+00 1.428845e-01
334 3.294627e+02 3.057533e+02 3.140057e+01 1.239230e+00 9.878531e-02
335 3.162919e+02 3.072476e+02 3.047002e+01 1.300895e+00 5.696001e-02
336 3.046784e+02 3.089972e+02 2.979836e+01 1.214309e+00 3.725249e-02
337 2.929046e+02 3.129024e+02 3.478059e+01 2.055054e+00 6.053912e-02
338 3.653632e+02 3.158961e+02 4.756904e+01 1.453559e+00 5.114342e-02
339 3.572340e+02 3.149447e+02 4.731754e+01 1.791665e+00 4.477683e-02
340 3.443292e+02 3.131265e+02 4.744080e+01 2.057788e+00 3.911397e-02
341 3.256052e+02 3.153079e+02 4.745399e+01 2.342555e+00 3.331942e-02
342 3.149350e+02 3.176047e+02 4.727731e+01 3.010154e+00 0.000000e+00
result for iter 3: 4.284293e-01 2.163516e-01
iter 4
294 3.277689e+02 2.590807e+02 2.299999e+01 6.521729e-01 8.548922e-01
295 3.242715e+02 2.566148e+02 2.306375e+01 7.553672e-01 6.106527e-01
296 3.297531e+02 2.604037e+02 2.312955e+01 6.968879e-01 6.513047e-01
297 3.283406e+02 2.577697e+02 2.319463e+01 7.178054e-01 6.487739e-01
298 3.324762e+02 2.592043e+02 2.326783e+01 7.332724e-01 7.392812e-01
299 3.339854e+02 2.604496e+02 2.343538e+01 7.066343e-01 7.176565e-01
300 3.336456e+02 2.609836e+02 2.362266e+01 6.954089e-01 6.403027e-01
301 3.358250e+02 2.611830e+02 2.375736e+01 6.593795e-01 6.260927e-01
302 3.377419e+02 2.611449e+02 2.368820e+01 6.835461e-01 6.229544e-01
303 3.393168e+02 2.596002e+02 2.320003e+01 7.917140e-01 7.130762e-01
304 3.381470e+02 2.614341e+02 2.327504e+01 6.977213e-01 5.445698e-01
305 3.378203e+02 2.632598e+02 2.378887e+01 6.825364e-01 5.053812e-01
306 3.417625e+02 2.619330e+02 2.165248e+01 8.210730e-01 5.575156e-01
307 3.433155e+02 2.601560e+02 2.142284e+01 8.923751e-01 5.460860e-01
308 3.434186e+02 2.604375e+02 2.120692e+01 9.489499e-01 5.050499e-01
309 3.478632e+02 2.631035e+02 2.176810e+01 9.015390e-01 5.306760e-01
310 3.464827e+02 2.622076e+02 2.044691e+01 9.904152e-01 4.316914e-01
311 3.484029e+02 2.621299e+02 2.018925e+01 1.040921e+00 4.285400e-01
312 3.499019e+02 2.627465e+02 2.018566e+01 1.042714e+00 4.007423e-01
313 3.516492e+02 2.633210e+02 2.006883e+01 1.078680e+00 4.037456e-01
314 3.546837e+02 2.621837e+02 1.995777e+01 1.212190e+00 4.430562e-01
315 3.555430e+02 2.612297e+02 2.021028e+01 1.305534e+00 4.419106e-01
316 3.576156e+02 2.632612e+02 2.035666e+01 1.291408e+00 4.249618e-01
317 3.612370e+02 2.650224e+02 2.050612e+01 1.237147e+00 4.032727e-01
318 3.581918e+02 2.636972e+02 2.043000e+01 1.260605e+00 3.678283e-01
319 3.595269e+02 2.651102e+02 2.031767e+01 1.382681e+00 3.653980e-01
320 3.600272e+02 2.650733e+02 2.013569e+01 1.545253e+00 3.604009e-01
321 3.584316e+02 2.664705e+02 1.995503e+01 1.671172e+00 3.661732e-01
322 3.570482e+02 2.700009e+02 1.989732e+01 1.925642e+00 3.684690e-01
323 3.591398e+02 2.748923e+02 1.954434e+01 2.149384e+00 3.179695e-01
324 3.607012e+02 2.782695e+02 2.003061e+01 2.167925e+00 2.992379e-01
325 3.630912e+02 2.788517e+02 2.042530e+01 2.232361e+00 2.876257e-01
326 3.651791e+02 2.784318e+02 2.140671e+01 2.272021e+00 2.953913e-01
327 3.634353e+02 2.804399e+02 2.188744e+01 2.404403e+00 2.757011e-01
328 3.660521e+02 2.806560e+02 2.231975e+01 2.537621e+00 2.884717e-01
329 3.701202e+02 2.812278e+02 2.249570e+01 2.700449e+00 2.632576e-01
330 3.727547e+02 2.809703e+02 2.304814e+01 2.998720e+00 2.680016e-01
331 3.723741e+02 2.814567e+02 2.318692e+01 3.324516e+00 2.413062e-01
332 3.685968e+02 2.836735e+02 2.379032e+01 3.454065e+00 2.261422e-01
333 3.594879e+02 2.865785e+02 2.485069e+01 3.138169e+00 1.978760e-01
334 3.451683e+02 2.916487e+02 2.595574e+01 2.746736e+00 1.496061e-01
335 3.272841e+02 2.965185e+02 2.639835e+01 2.130975e+00 7.003483e-02
336 3.214136e+02 2.981880e+02 2.623075e+01 1.965161e+00 4.507333e-02
337 3.786536e+02 2.875067e+02 2.628108e+01 3.591455e+00 4.857240e-02
338 3.721874e+02 2.940007e+02 2.943026e+01 2.948747e+00 3.933958e-02
339 3.658052e+02 2.941208e+02 2.967481e+01 3.318569e+00 2.957815e-02
340 3.537442e+02 2.948704e+02 2.992259e+01 4.088774e+00 2.863754e-02
341 3.386007e+02 2.980107e+02 3.019693e+01 4.711058e+00 1.734205e-02
342 3.242330e+02 3.000789e+02 3.034917e+01 5.496551e+00 0.000000e+00
result for iter 4: 3.797882e-01 2.157389e-01
iter 5
294 3.316289e+02 2.583494e+02 2.299996e+01 6.522176e-01 9.304760e-01
295 3.343954e+02 2.579704e+02 2.293272e+01 6.667198e-01 8.585602e-01
296 3.331598e+02 2.584950e+02 2.296169e+01 7.371877e-01 8.097922e-01
297 3.320293e+02 2.585134e+02 2.308101e+01 7.661334e-01 7.734174e-01
298 3.333800e+02 2.596040e+02 2.309436e+01 7.728359e-01 7.459300e-01
299 3.328301e+02 2.603869e+02 2.314428e+01 7.377826e-01 6.717343e-01
300 3.335706e+02 2.608989e+02 2.295528e+01 7.139813e-01 6.212173e-01
301 3.347120e+02 2.628257e+02 2.279265e+01 6.108994e-01 5.029303e-01
302 3.354394e+02 2.651762e+02 2.320077e+01 5.026139e-01 3.952151e-01
303 3.369958e+02 2.654578e+02 2.319561e+01 5.204190e-01 4.202395e-01
304 3.375381e+02 2.656575e+02 2.313907e+01 5.391811e-01 4.031114e-01
305 3.393117e+02 2.666594e+02 2.385409e+01 5.371952e-01 4.305164e-01
306 3.413339e+02 2.633454e+02 2.306001e+01 7.519488e-01 5.698451e-01
307 3.426563e+02 2.620956e+02 2.308159e+01 7.704791e-01 5.324852e-01
308 3.442053e+02 2.615569e+02 2.324117e+01 8.145329e-01 5.433855e-01
309 3.486955e+02 2.624366e+02 2.455337e+01 8.320113e-01 6.230967e-01
310 3.472178e+02 2.628675e+02 2.530201e+01 7.921601e-01 5.534414e-01
311 3.493851e+02 2.625365e+02 2.733832e+01 7.991071e-01 6.537999e-01
312 3.480618e+02 2.652754e+02 2.854766e+01 6.779660e-01 5.013692e-01
313 3.508427e+02 2.664871e+02 2.921646e+01 7.308834e-01 5.857503e-01
314 3.548647e+02 2.673714e+02 2.981029e+01 7.442802e-01 6.281167e-01
315 3.571301e+02 2.664443e+02 3.046816e+01 7.334938e-01 6.304711e-01
316 3.575636e+02 2.653620e+02 3.115830e+01 7.977777e-01 6.586002e-01
317 3.608766e+02 2.662374e+02 3.189655e+01 7.969782e-01 6.285567e-01
318 3.570822e+02 2.672619e+02 3.303901e+01 7.410600e-01 6.486952e-01
319 3.600936e+02 2.712138e+02 3.407953e+01 7.436877e-01 5.928140e-01
320 3.606354e+02 2.724364e+02 3.433477e+01 8.634926e-01 6.230355e-01
321 3.599690e+02 2.737685e+02 3.504295e+01 7.943703e-01 5.625679e-01
322 3.553353e+02 2.725195e+02 3.493668e+01 9.157518e-01 6.087908e-01
323 3.594866e+02 2.744766e+02 3.599437e+01 1.023685e+00 5.929500e-01
324 3.623995e+02 2.758129e+02 3.656248e+01 1.178504e+00 5.884961e-01
325 3.599880e+02 2.754418e+02 3.705764e+01 1.009222e+00 5.552615e-01
326 3.646465e+02 2.760911e+02 3.750051e+01 1.157766e+00 5.488753e-01
327 3.611414e+02 2.781065e+02 3.777436e+01 1.286460e+00 5.031910e-01
328 3.615030e+02 2.790937e+02 3.838070e+01 1.415616e+00 5.135280e-01
329 3.589041e+02 2.820504e+02 3.889481e+01 1.582778e+00 4.479376e-01
330 3.561713e+02 2.836522e+02 3.962371e+01 1.650505e+00 4.607408e-01
331 3.518685e+02 2.844118e+02 4.033604e+01 1.388408e+00 3.586748e-01
332 3.475924e+02 2.876294e+02 3.993491e+01 1.141947e+00 2.210163e-01
333 3.426310e+02 2.917911e+02 4.052955e+01 1.210995e+00 2.031073e-01
334 3.365883e+02 2.993945e+02 4.162910e+01 1.209286e+00 1.694293e-01
335 3.482537e+02 2.943041e+02 4.217858e+01 1.203429e+00 9.958429e-02
336 3.770367e+02 2.878983e+02 4.289072e+01 1.543954e+00 7.472359e-02
337 3.787315e+02 2.825062e+02 4.334990e+01 1.826619e+00 4.240560e-02
338 3.649569e+02 2.909489e+02 4.357083e+01 1.935098e+00 4.508220e-02
339 3.543233e+02 2.949042e+02 4.438759e+01 2.273096e+00 4.631510e-02
340 3.433720e+02 2.976036e+02 4.483096e+01 2.524342e+00 4.043252e-02
341 3.214608e+02 3.051031e+02 4.480837e+01 3.279476e+00 5.705987e-02
342 3.107659e+02 3.112303e+02 4.471026e+01 3.662135e+00 9.710295e-03
result for iter 5: 4.752343e-01 2.354796e-01
iter 6
294 3.298307e+02 2.618305e+02 2.300000e+01 6.521826e-01 7.700449e-01
295 3.261016e+02 2.614837e+02 2.310612e+01 5.947661e-01 5.608771e-01
296 3.294988e+02 2.615337e+02 2.324275e+01 5.951989e-01 5.968206e-01
297 3.313025e+02 2.604446e+02 2.340027e+01 6.594865e-01 6.696357e-01
298 3.343732e+02 2.600810e+02 2.356311e+01 7.252189e-01 7.593122e-01
299 3.336424e+02 2.601351e+02 2.367292e+01 7.253355e-01 7.276918e-01
300 3.334369e+02 2.613829e+02 2.380350e+01 6.742231e-01 6.235223e-01
301 3.355426e+02 2.609940e+02 2.408135e+01 6.431086e-01 6.201624e-01
302 3.371116e+02 2.593311e+02 2.443674e+01 7.268916e-01 6.868398e-01
303 3.383174e+02 2.595773e+02 2.523557e+01 7.097659e-01 7.273547e-01
304 3.376451e+02 2.601695e+02 2.622549e+01 6.757002e-01 6.654831e-01
305 3.389046e+02 2.609305e+02 2.653180e+01 6.777268e-01 6.689165e-01
306 3.407059e+02 2.605081e+02 2.743318e+01 6.699910e-01 6.907678e-01
307 3.428747e+02 2.611270e+02 2.782859e+01 6.295571e-01 6.443978e-01
308 3.444653e+02 2.624410e+02 2.822529e+01 6.433045e-01 6.429552e-01
309 3.475721e+02 2.641237e+02 2.860516e+01 6.360561e-01 6.465293e-01
310 3.474070e+02 2.652168e+02 2.892354e+01 6.245471e-01 5.763132e-01
311 3.497152e+02 2.658333e+02 2.898062e+01 6.369290e-01 6.060460e-01
312 3.480738e+02 2.670833e+02 2.901927e+01 5.918715e-01 4.536735e-01
313 3.504846e+02 2.680228e+02 3.017240e+01 6.674407e-01 5.605608e-01
314 3.541673e+02 2.664529e+02 3.122925e+01 7.065255e-01 6.543684e-01
315 3.569600e+02 2.653935e+02 3.199434e+01 7.453733e-01 7.064742e-01
316 3.592895e+02 2.656325e+02 3.260698e+01 7.354418e-01 6.649086e-01
317 3.604636e+02 2.666189e+02 3.345068e+01 7.183471e-01 6.230960e-01
318 3.577654e+02 2.631883e+02 3.381304e+01 8.611458e-01 6.861924e-01
319 3.616443e+02 2.680154e+02 3.444300e+01 9.019510e-01 7.088253e-01
320 3.595008e+02 2.698933e+02 3.501088e+01 8.456527e-01 6.824020e-01
321 3.580550e+02 2.717050e+02 3.567724e+01 8.142866e-01 5.977376e-01
322 3.577482e+02 2.747562e+02 3.615315e+01 9.206957e-01 5.955378e-01
323 3.610575e+02 2.765210e+02 3.636086e+01 1.034585e+00 5.624589e-01
324 3.610095e+02 2.778789e+02 3.647570e+01 1.120742e+00 5.516199e-01
325 3.620950e+02 2.776590e+02 3.675294e+01 1.068896e+00 5.351112e-01
326 3.645800e+02 2.777031e+02 3.695706e+01 1.180700e+00 5.196055e-01
327 3.591430e+02 2.789051e+02 3.725511e+01 1.319511e+00 4.870336e-01
328 3.597148e+02 2.811746e+02 3.783225e+01 1.394748e+00 4.832455e-01
329 3.594736e+02 2.832717e+02 3.828640e+01 1.581778e+00 4.303615e-01
330 3.588764e+02 2.845448e+02 3.872221e+01 1.719855e+00 4.463016e-01
331 3.553608e+02 2.857441e+02 3.903619e+01 1.533119e+00 3.709436e-01
332 3.487319e+02 2.888994e+02 3.909042e+01 1.281778e+00 2.376985e-01
333 3.370893e+02 2.972064e+02 3.992352e+01 1.005227e+00 1.635919e-01
334 3.278697e+02 3.052031e+02 4.046855e+01 9.511289e-01 1.259332e-01
335 3.140879e+02 3.072544e+02 3.974899e+01 1.020415e+00 7.603463e-02
336 2.996848e+02 3.096699e+02 3.906347e+01 9.998414e-01 5.271257e-02
337 2.823662e+02 3.148622e+02 3.897064e+01 2.055363e+00 7.601556e-02
338 3.312878e+02 3.185633e+02 3.828887e+01 2.236033e+00 6.803884e-02
339 3.559003e+02 3.161040e+02 3.814303e+01 2.561561e+00 5.545324e-02
340 3.486143e+02 3.150487e+02 3.840876e+01 2.871101e+00 4.002571e-02
341 3.313136e+02 3.164000e+02 3.836597e+01 3.477534e+00 3.491178e-02
342 3.213737e+02 3.172514e+02 3.868092e+01 3.925002e+00 0.000000e+00
result for iter 6: 4.925417e-01 2.365144e-01
iter 7
294 3.308444e+02 2.649203e+02 2.299999e+01 6.521959e-01 6.011973e-01
295 3.290659e+02 2.641577e+02 2.299592e+01 5.365794e-01 5.142063e-01
296 3.302893e+02 2.631194e+02 2.299341e+01 5.132489e-01 5.366760e-01
297 3.311014e+02 2.620663e+02 2.295949e+01 6.274834e-01 5.765817e-01
298 3.333134e+02 2.616990e+02 2.293890e+01 6.786427e-01 6.441916e-01
299 3.338383e+02 2.618390e+02 2.303678e+01 6.731108e-01 6.406622e-01
300 3.337675e+02 2.609948e+02 2.318592e+01 6.969070e-01 6.303823e-01
301 3.351445e+02 2.622069e+02 2.287412e+01 6.351470e-01 5.385906e-01
302 3.370777e+02 2.627503e+02 2.307667e+01 6.317057e-01 5.303096e-01
303 3.400490e+02 2.637897e+02 2.278323e+01 6.577618e-01 5.886690e-01
304 3.379220e+02 2.647348e+02 2.292262e+01 5.886302e-01 4.396756e-01
305 3.393040e+02 2.659206e+02 2.287228e+01 6.254620e-01 4.581523e-01
306 3.410855e+02 2.656356e+02 2.263872e+01 6.309675e-01 4.547330e-01
307 3.452846e+02 2.619399e+02 2.096827e+01 8.772027e-01 5.312371e-01
308 3.441300e+02 2.600977e+02 2.022593e+01 1.037281e+00 5.192924e-01
309 3.466828e+02 2.600208e+02 1.978798e+01 1.117669e+00 5.112517e-01
310 3.455425e+02 2.605999e+02 1.930375e+01 1.139849e+00 4.098348e-01
311 3.506611e+02 2.609185e+02 1.840103e+01 1.284329e+00 4.537401e-01
312 3.496466e+02 2.624410e+02 1.777957e+01 1.269340e+00 3.664667e-01
313 3.517708e+02 2.637387e+02 1.688648e+01 1.372225e+00 3.575155e-01
314 3.551503e+02 2.619600e+02 1.644183e+01 1.506562e+00 3.705372e-01
315 3.570896e+02 2.614156e+02 1.552282e+01 1.696247e+00 3.413032e-01
316 3.576651e+02 2.621333e+02 1.479670e+01 1.771920e+00 2.938181e-01
317 3.572982e+02 2.635327e+02 1.431438e+01 1.818629e+00 2.725868e-01
318 3.600868e+02 2.637828e+02 1.492837e+01 1.779079e+00 2.794318e-01
319 3.634208e+02 2.637676e+02 1.525887e+01 1.974779e+00 2.817233e-01
320 3.655601e+02 2.634579e+02 1.560463e+01 2.065692e+00 2.742084e-01
321 3.609528e+02 2.662795e+02 1.533418e+01 2.199441e+00 2.830377e-01
322 3.563912e+02 2.673896e+02 1.631977e+01 2.127425e+00 2.765171e-01
323 3.583857e+02 2.718523e+02 1.587714e+01 2.387435e+00 2.820259e-01
324 3.619036e+02 2.753686e+02 1.663383e+01 2.591203e+00 2.712113e-01
325 3.660594e+02 2.765189e+02 1.731178e+01 2.771022e+00 2.599617e-01
326 3.691401e+02 2.775344e+02 1.797548e+01 2.897566e+00 2.538152e-01
327 3.661990e+02 2.776380e+02 1.886847e+01 3.051266e+00 2.540913e-01
328 3.677247e+02 2.772174e+02 2.002646e+01 3.027555e+00 2.743351e-01
329 3.709246e+02 2.788803e+02 2.060548e+01 3.132066e+00 2.520708e-01
330 3.721693e+02 2.803766e+02 2.119789e+01 3.351647e+00 2.464870e-01
331 3.704887e+02 2.821919e+02 2.187484e+01 3.410192e+00 2.250980e-01
332 3.666854e+02 2.851543e+02 2.202231e+01 3.560443e+00 2.053786e-01
333 3.596109e+02 2.906823e+02 2.269432e+01 3.285745e+00 1.727858e-01
334 3.454791e+02 2.982971e+02 2.382956e+01 2.807066e+00 1.288695e-01
335 3.164880e+02 3.082603e+02 2.620565e+01 1.532603e+00 4.963659e-02
336 3.023263e+02 3.099662e+02 2.666077e+01 1.442985e+00 3.543632e-02
337 2.850247e+02 3.152491e+02 2.703423e+01 2.594064e+00 4.616869e-02
338 2.765153e+02 3.202798e+02 2.710746e+01 3.840438e+00 5.857224e-02
339 2.852286e+02 3.232394e+02 2.735550e+01 4.873310e+00 6.788631e-02
340 3.375415e+02 3.133038e+02 2.604508e+01 5.561872e+00 5.901196e-02
341 3.272375e+02 3.159241e+02 2.685402e+01 6.184435e+00 5.966238e-02
342 3.262621e+02 3.165708e+02 2.700134e+01 6.258355e+00 0.000000e+00
result for iter 7: 3.301844e-01 1.816706e-01
iter 8
294 3.335841e+02 2.575877e+02 2.300001e+01 6.521516e-01 8.040461e-01
295 3.348047e+02 2.590457e+02 2.311545e+01 6.364676e-01 8.120560e-01
296 3.321905e+02 2.600165e+02 2.318953e+01 6.699781e-01 7.424344e-01
297 3.314001e+02 2.601705e+02 2.329717e+01 6.901572e-01 6.820681e-01
298 3.324839e+02 2.611944e+02 2.335114e+01 6.986087e-01 6.544157e-01
299 3.333327e+02 2.613081e+02 2.333111e+01 6.741257e-01 6.563873e-01
300 3.341112e+02 2.603350e+02 2.347583e+01 7.150332e-01 6.762167e-01
301 3.346762e+02 2.608225e+02 2.410596e+01 6.520709e-01 6.049443e-01
302 3.360941e+02 2.608255e+02 2.443423e+01 6.807529e-01 6.153173e-01
303 3.383388e+02 2.608008e+02 2.484303e+01 6.923960e-01 6.875109e-01
304 3.383703e+02 2.615025e+02 2.573333e+01 6.408278e-01 6.256055e-01
305 3.400492e+02 2.610950e+02 2.571472e+01 6.912073e-01 6.704527e-01
306 3.425017e+02 2.599896e+02 2.546521e+01 7.824806e-01 7.254466e-01
307 3.437865e+02 2.606116e+02 2.552538e+01 7.380973e-01 6.568620e-01
308 3.451591e+02 2.620801e+02 2.566703e+01 7.201918e-01 6.067255e-01
309 3.489531e+02 2.638944e+02 2.587538e+01 7.207119e-01 5.994308e-01
310 3.488513e+02 2.647495e+02 2.599971e+01 7.156370e-01 5.447741e-01
311 3.479576e+02 2.639187e+02 2.599855e+01 7.740905e-01 5.516280e-01
312 3.486018e+02 2.644729e+02 2.642725e+01 7.604774e-01 4.871812e-01
313 3.513171e+02 2.653324e+02 2.664844e+01 8.168899e-01 5.491595e-01
314 3.549368e+02 2.639572e+02 2.687870e+01 9.175178e-01 6.295097e-01
315 3.557446e+02 2.634291e+02 2.712546e+01 9.206105e-01 6.128617e-01
316 3.559169e+02 2.635983e+02 2.713392e+01 8.970073e-01 5.292403e-01
317 3.593221e+02 2.649959e+02 2.771105e+01 8.906914e-01 5.301172e-01
318 3.562428e+02 2.653065e+02 2.771185e+01 9.000516e-01 5.166484e-01
319 3.585624e+02 2.664012e+02 2.793530e+01 9.745402e-01 5.104913e-01
320 3.594352e+02 2.684434e+02 2.822563e+01 1.018816e+00 5.240072e-01
321 3.582767e+02 2.715172e+02 2.852567e+01 9.873477e-01 4.633322e-01
322 3.552561e+02 2.734427e+02 2.894927e+01 1.087397e+00 4.963527e-01
323 3.574262e+02 2.745124e+02 2.858529e+01 1.185691e+00 4.703948e-01
324 3.601815e+02 2.753813e+02 2.867434e+01 1.452875e+00 4.673580e-01
325 3.613999e+02 2.751075e+02 2.887394e+01 1.576149e+00 4.499124e-01
326 3.651537e+02 2.763137e+02 2.930132e+01 1.706317e+00 4.265333e-01
327 3.601475e+02 2.785739e+02 2.918465e+01 1.882157e+00 3.845316e-01
328 3.609580e+02 2.793419e+02 2.960349e+01 1.919869e+00 3.939492e-01
329 3.618030e+02 2.809838e+02 3.047774e+01 2.067339e+00 3.583488e-01
330 3.623484e+02 2.826539e+02 3.156089e+01 2.118925e+00 3.669871e-01
331 3.549980e+02 2.853136e+02 3.284554e+01 1.560149e+00 2.672490e-01
332 3.493596e+02 2.889966e+02 3.264687e+01 1.315334e+00 1.701343e-01
333 3.406829e+02 2.941996e+02 3.250650e+01 1.317593e+00 1.421549e-01
334 3.302269e+02 2.989182e+02 3.307161e+01 1.398933e+00 1.237009e-01
335 3.160576e+02 3.047715e+02 3.535037e+01 1.251206e+00 7.373931e-02
336 3.017956e+02 3.079354e+02 3.622308e+01 1.203840e+00 5.457338e-02
337 2.867933e+02 3.096255e+02 4.218301e+01 2.041316e+00 8.845534e-02
338 3.623037e+02 3.299110e+02 4.452566e+01 1.507834e+00 5.392208e-02
339 3.638207e+02 3.305718e+02 4.456720e+01 1.439597e+00 3.047494e-02
340 3.514638e+02 3.291106e+02 4.474492e+01 1.671758e+00 2.658117e-02
341 3.185193e+02 3.255139e+02 4.475468e+01 3.010164e+00 6.962833e-02
342 3.115605e+02 3.260692e+02 4.476066e+01 3.565051e+00 7.768969e-03
result for iter 8: 4.528902e-01 2.312160e-01
iter 9
294 3.295658e+02 2.589778e+02 2.299994e+01 6.521921e-01 9.362574e-01
295 3.280757e+02 2.610971e+02 2.295186e+01 7.521927e-01 6.195910e-01
296 3.312637e+02 2.603277e+02 2.325896e+01 7.628152e-01 7.061105e-01
297 3.306262e+02 2.593243e+02 2.391159e+01 6.857842e-01 7.154327e-01
298 3.332929e+02 2.601819e+02 2.453207e+01 6.629066e-01 7.628858e-01
299 3.336458e+02 2.606001e+02 2.555076e+01 6.713039e-01 7.700847e-01
300 3.336788e+02 2.609443e+02 2.641300e+01 6.450037e-01 7.270857e-01
301 3.351557e+02 2.613900e+02 2.737429e+01 5.493566e-01 6.831262e-01
302 3.357257e+02 2.623628e+02 2.820304e+01 5.269785e-01 6.327796e-01
303 3.369029e+02 2.605719e+02 2.901553e+01 6.350610e-01 8.234302e-01
304 3.366376e+02 2.617588e+02 2.894953e+01 5.314848e-01 6.211885e-01
305 3.373494e+02 2.651919e+02 2.829733e+01 4.663572e-01 4.953305e-01
306 3.399338e+02 2.648585e+02 2.848328e+01 5.279605e-01 5.871330e-01
307 3.418049e+02 2.622446e+02 2.873952e+01 6.013664e-01 6.319096e-01
308 3.432983e+02 2.612757e+02 2.909640e+01 6.657918e-01 6.786368e-01
309 3.464649e+02 2.626353e+02 2.932102e+01 6.588082e-01 6.907526e-01
310 3.462416e+02 2.632582e+02 2.969782e+01 6.584690e-01 6.152680e-01
311 3.487658e+02 2.634437e+02 2.981819e+01 6.779271e-01 6.611138e-01
312 3.477923e+02 2.652745e+02 3.117946e+01 6.105948e-01 5.405146e-01
313 3.512589e+02 2.667806e+02 3.235137e+01 6.093999e-01 6.144878e-01
314 3.548582e+02 2.665198e+02 3.315462e+01 6.292967e-01 6.569237e-01
315 3.564752e+02 2.671298e+02 3.391061e+01 6.401269e-01 6.815747e-01
316 3.564463e+02 2.670732e+02 3.470156e+01 6.749141e-01 6.910970e-01
317 3.596627e+02 2.666389e+02 3.564650e+01 6.870661e-01 6.767728e-01
318 3.575602e+02 2.664775e+02 3.623656e+01 6.534319e-01 6.728777e-01
319 3.609649e+02 2.670925e+02 3.702282e+01 7.364858e-01 6.928580e-01
320 3.603176e+02 2.702289e+02 3.828337e+01 7.434443e-01 7.173168e-01
321 3.589574e+02 2.735614e+02 3.941324e+01 7.100710e-01 6.361166e-01
322 3.563843e+02 2.743032e+02 4.030315e+01 8.473672e-01 6.738449e-01
323 3.594355e+02 2.750943e+02 4.133417e+01 9.634309e-01 6.683694e-01
324 3.611690e+02 2.751465e+02 4.228081e+01 9.482154e-01 6.938020e-01
325 3.613418e+02 2.759615e+02 4.225760e+01 9.878796e-01 6.439962e-01
326 3.627268e+02 2.764019e+02 4.268460e+01 9.971829e-01 6.200046e-01
327 3.571306e+02 2.780620e+02 4.363157e+01 1.155164e+00 5.818171e-01
328 3.593279e+02 2.807371e+02 4.386483e+01 1.207873e+00 5.658948e-01
329 3.566180e+02 2.829634e+02 4.456418e+01 1.355004e+00 5.040330e-01
330 3.547991e+02 2.850462e+02 4.544865e+01 1.398130e+00 5.195555e-01
331 3.508402e+02 2.880480e+02 4.557381e+01 1.029864e+00 3.396314e-01
332 3.443987e+02 2.907313e+02 4.615659e+01 8.811981e-01 2.278315e-01
333 3.373393e+02 2.976910e+02 4.503803e+01 9.053217e-01 1.875001e-01
334 3.274024e+02 3.033615e+02 4.414336e+01 9.195216e-01 1.448632e-01
335 3.141243e+02 3.060179e+02 4.344387e+01 8.720583e-01 7.762199e-02
336 2.984423e+02 3.096441e+02 4.251492e+01 9.285613e-01 5.798755e-02
337 2.881918e+02 3.153414e+02 4.125780e+01 1.712318e+00 7.097990e-02
338 3.658198e+02 3.221081e+02 4.021243e+01 1.829112e+00 5.370717e-02
339 3.598370e+02 3.146626e+02 4.051593e+01 2.085961e+00 4.080798e-02
340 3.495155e+02 3.099878e+02 4.039154e+01 2.432489e+00 3.091781e-02
341 3.303483e+02 3.099196e+02 4.062748e+01 3.146366e+00 3.141566e-02
342 3.177394e+02 3.106502e+02 4.068461e+01 3.816378e+00 0.000000e+00
result for iter 9: 5.239436e-01 2.538986e-01
iter 10
294 3.275852e+02 2.573799e+02 2.299998e+01 6.521573e-01 7.595364e-01
295 3.301034e+02 2.566653e+02 2.295305e+01 6.671471e-01 7.664956e-01
296 3.319194e+02 2.583031e+02 2.279892e+01 7.046421e-01 7.798535e-01
297 3.325128e+02 2.579156e+02 2.295144e+01 7.981332e-01 8.148949e-01
298 3.337624e+02 2.593877e+02 2.290967e+01 8.362344e-01 7.624164e-01
299 3.333414e+02 2.583641e+02 2.265029e+01 8.284695e-01 7.541753e-01
300 3.337415e+02 2.586358e+02 2.273918e+01 8.182032e-01 7.069757e-01
301 3.354488e+02 2.607842e+02 2.299317e+01 6.882912e-01 5.991006e-01
302 3.372190e+02 2.616987e+02 2.335256e+01 6.901953e-01 5.973793e-01
303 3.381518e+02 2.624829e+02 2.374449e+01 6.529104e-01 5.852741e-01
304 3.370483e+02 2.645541e+02 2.418098e+01 5.470636e-01 4.394140e-01
305 3.381558e+02 2.656122e+02 2.445103e+01 5.720863e-01 4.575414e-01
306 3.410226e+02 2.642127e+02 2.515923e+01 6.383446e-01 5.718995e-01
307 3.426112e+02 2.634386e+02 2.604364e+01 6.427666e-01 5.684871e-01
308 3.449624e+02 2.633786e+02 2.693706e+01 6.563812e-01 6.081939e-01
309 3.476971e+02 2.634846e+02 2.762759e+01 6.795472e-01 6.443321e-01
310 3.474607e+02 2.636345e+02 2.825133e+01 6.754630e-01 5.955190e-01
311 3.476426e+02 2.655277e+02 2.904188e+01 6.310822e-01 5.595745e-01
312 3.476247e+02 2.676169e+02 2.960812e+01 5.650899e-01 4.443965e-01
313 3.510955e+02 2.676965e+02 2.994100e+01 6.396382e-01 5.450380e-01
314 3.554789e+02 2.685042e+02 3.054317e+01 6.704594e-01 5.939805e-01
315 3.585219e+02 2.669384e+02 3.135066e+01 7.058268e-01 6.423440e-01
316 3.599344e+02 2.657859e+02 3.162326e+01 7.619154e-01 6.479067e-01
317 3.618667e+02 2.670182e+02 3.276577e+01 6.956902e-01 5.789848e-01
318 3.575232e+02 2.653057e+02 3.395489e+01 7.126270e-01 6.127366e-01
319 3.615524e+02 2.677745e+02 3.441985e+01 7.787392e-01 6.332143e-01
320 3.613461e+02 2.710309e+02 3.626536e+01 7.653254e-01 6.626318e-01
321 3.590609e+02 2.724965e+02 3.827085e+01 7.433229e-01 6.278625e-01
322 3.562018e+02 2.735418e+02 3.934212e+01 9.064910e-01 6.740914e-01
323 3.586252e+02 2.745028e+02 3.993681e+01 9.883244e-01 6.573813e-01
324 3.604047e+02 2.762027e+02 4.002303e+01 1.064920e+00 6.368504e-01
325 3.636351e+02 2.762633e+02 4.072662e+01 8.830779e-01 5.868284e-01
326 3.654828e+02 2.784949e+02 4.140172e+01 9.759855e-01 5.703676e-01
327 3.570719e+02 2.808233e+02 4.083128e+01 1.223069e+00 5.094618e-01
328 3.565816e+02 2.810537e+02 4.217503e+01 1.340993e+00 5.402025e-01
329 3.575068e+02 2.838658e+02 4.039891e+01 1.461135e+00 4.486817e-01
330 3.573367e+02 2.849376e+02 4.098145e+01 1.508708e+00 4.693220e-01
331 3.527599e+02 2.869183e+02 4.302259e+01 1.103875e+00 3.244221e-01
332 3.447691e+02 2.899564e+02 4.143239e+01 9.946283e-01 2.072113e-01
333 3.347423e+02 2.924971e+02 4.843016e+01 9.344490e-01 2.237831e-01
334 3.275972e+02 3.000021e+02 4.574413e+01 1.010152e+00 1.708925e-01
335 3.140528e+02 3.019041e+02 5.265233e+01 8.328030e-01 1.088829e-01
336 2.990523e+02 3.065677e+02 5.276401e+01 8.094997e-01 7.786347e-02
337 2.878692e+02 3.081440e+02 5.455692e+01 1.628477e+00 1.180375e-01
338 3.557545e+02 3.088772e+02 5.555947e+01 1.481306e+00 7.153807e-02
339 3.529394e+02 3.088319e+02 5.582903e+01 1.396727e+00 4.204678e-02
340 3.361130e+02 3.111253e+02 5.610709e+01 1.894806e+00 5.501335e-02
341 3.185083e+02 3.136233e+02 5.653560e+01 2.425317e+00 6.240668e-02
342 3.024570e+02 3.143165e+02 5.623029e+01 3.138776e+00 3.676130e-02
result for iter 10: 4.929021e-01 2.294444e-01
iter 11
294 3.296174e+02 2.613053e+02 2.299999e+01 6.521615e-01 7.954396e-01
295 3.270482e+02 2.611376e+02 2.300640e+01 5.793697e-01 6.047533e-01
296 3.306270e+02 2.600469e+02 2.297908e+01 6.766119e-01 6.903371e-01
297 3.321768e+02 2.609822e+02 2.304021e+01 6.236711e-01 6.609234e-01
298 3.340904e+02 2.604145e+02 2.306645e+01 7.076208e-01 7.277391e-01
299 3.340225e+02 2.595868e+02 2.309057e+01 7.288020e-01 7.192314e-01
300 3.336725e+02 2.595347e+02 2.310079e+01 7.578824e-01 6.819739e-01
301 3.348559e+02 2.607633e+02 2.317426e+01 6.833375e-01 5.873977e-01
302 3.365752e+02 2.595533e+02 2.306721e+01 7.402969e-01 6.068618e-01
303 3.390777e+02 2.611367e+02 2.258334e+01 6.961059e-01 5.871040e-01
304 3.389634e+02 2.621820e+02 2.220047e+01 7.105426e-01 5.222851e-01
305 3.394519e+02 2.634862e+02 2.186182e+01 7.245011e-01 4.855680e-01
306 3.417868e+02 2.613825e+02 2.146625e+01 8.322663e-01 5.558121e-01
307 3.450731e+02 2.612194e+02 2.098466e+01 8.637279e-01 5.238947e-01
308 3.454442e+02 2.619225e+02 2.077575e+01 9.195169e-01 5.075349e-01
309 3.491291e+02 2.637507e+02 2.140944e+01 8.866324e-01 5.048451e-01
310 3.459397e+02 2.628197e+02 1.980905e+01 1.004652e+00 3.977721e-01
311 3.492528e+02 2.631353e+02 2.076336e+01 9.339730e-01 4.441212e-01
312 3.487873e+02 2.624262e+02 2.143123e+01 9.629188e-01 3.957553e-01
313 3.502624e+02 2.629161e+02 2.130192e+01 1.013013e+00 3.974194e-01
314 3.548800e+02 2.629411e+02 2.109931e+01 1.136372e+00 4.792471e-01
315 3.562715e+02 2.632445e+02 2.104280e+01 1.124953e+00 4.465090e-01
316 3.570460e+02 2.631931e+02 2.089413e+01 1.154668e+00 3.965412e-01
317 3.610811e+02 2.643409e+02 2.077291e+01 1.210976e+00 3.944668e-01
318 3.576027e+02 2.650923e+02 2.036223e+01 1.207661e+00 3.703898e-01
319 3.611131e+02 2.660718e+02 2.000845e+01 1.403890e+00 3.729993e-01
320 3.603466e+02 2.677799e+02 1.999115e+01 1.500150e+00 3.786295e-01
321 3.591023e+02 2.693337e+02 1.995830e+01 1.561074e+00 3.586090e-01
322 3.560395e+02 2.730464e+02 1.960173e+01 1.694345e+00 3.411469e-01
323 3.604237e+02 2.731488e+02 1.952409e+01 2.249730e+00 3.343673e-01
324 3.626263e+02 2.722333e+02 2.040728e+01 2.292217e+00 3.458862e-01
325 3.647450e+02 2.720716e+02 2.066193e+01 2.418025e+00 3.228426e-01
326 3.677069e+02 2.733420e+02 2.064234e+01 2.522830e+00 3.175745e-01
327 3.635139e+02 2.759965e+02 2.079684e+01 2.788710e+00 2.906618e-01
328 3.662533e+02 2.775025e+02 2.064253e+01 2.956603e+00 2.827744e-01
329 3.703920e+02 2.795038e+02 2.040808e+01 3.164540e+00 2.467802e-01
330 3.730168e+02 2.800981e+02 2.080101e+01 3.410357e+00 2.418722e-01
331 3.737140e+02 2.812452e+02 2.140257e+01 3.646777e+00 2.234553e-01
332 3.684117e+02 2.848191e+02 2.159107e+01 3.813392e+00 2.022352e-01
333 3.645747e+02 2.852458e+02 2.217383e+01 3.909640e+00 1.873574e-01
334 3.604223e+02 2.853892e+02 2.275234e+01 4.075200e+00 1.675928e-01
335 3.643776e+02 2.856713e+02 2.307524e+01 4.137277e+00 9.374175e-02
336 3.923600e+02 2.828275e+02 2.312064e+01 3.688655e+00 5.440793e-02
337 3.865919e+02 2.898107e+02 2.379978e+01 3.112157e+00 3.299351e-02
338 3.847186e+02 2.940397e+02 2.389038e+01 3.283949e+00 1.942902e-02
339 3.723139e+02 2.954361e+02 2.420909e+01 3.888167e+00 2.032341e-02
340 3.606828e+02 2.986381e+02 2.499653e+01 4.241585e+00 1.537817e-02
341 3.483479e+02 3.010544e+02 2.532393e+01 4.732521e+00 0.000000e+00
342 3.326206e+02 3.024806e+02 2.562385e+01 5.564091e+00 0.000000e+00
result for iter 11: 3.741833e-01 2.114304e-01
iter 12
294 3.269912e+02 2.599516e+02 2.299993e+01 6.521570e-01 7.733221e-01
295 3.302499e+02 2.597604e+02 2.294538e+01 6.136995e-01 7.772479e-01
296 3.326014e+02 2.593442e+02 2.287067e+01 6.415664e-01 7.170561e-01
297 3.320109e+02 2.586759e+02 2.283047e+01 7.538790e-01 7.560390e-01
298 3.332601e+02 2.594690e+02 2.277033e+01 7.754731e-01 7.372158e-01
299 3.333837e+02 2.607189e+02 2.275197e+01 6.839727e-01 6.343026e-01
300 3.340734e+02 2.607079e+02 2.254949e+01 7.185556e-01 6.281103e-01
301 3.367119e+02 2.612662e+02 2.204296e+01 7.088761e-01 6.005737e-01
302 3.372356e+02 2.606735e+02 2.220695e+01 7.585178e-01 5.930805e-01
303 3.388048e+02 2.586477e+02 2.237856e+01 8.411043e-01 6.745977e-01
304 3.394751e+02 2.569596e+02 2.266239e+01 9.428792e-01 6.708266e-01
305 3.414852e+02 2.581181e+02 2.278780e+01 9.257339e-01 6.792755e-01
306 3.427200e+02 2.595501e+02 2.305719e+01 8.608162e-01 6.437119e-01
307 3.434758e+02 2.605012e+02 2.266011e+01 8.398405e-01 5.802548e-01
308 3.443317e+02 2.617445e+02 2.257879e+01 8.323874e-01 5.265876e-01
309 3.497734e+02 2.637754e+02 2.380295e+01 7.730342e-01 5.440822e-01
310 3.475581e+02 2.640927e+02 2.270037e+01 8.050148e-01 4.580573e-01
311 3.486580e+02 2.637985e+02 2.220545e+01 8.822464e-01 4.676542e-01
312 3.488627e+02 2.650709e+02 2.297222e+01 8.526597e-01 4.089653e-01
313 3.504227e+02 2.659086e+02 2.241042e+01 9.346251e-01 4.152280e-01
314 3.556672e+02 2.654273e+02 2.283333e+01 1.031031e+00 5.104834e-01
315 3.579166e+02 2.640481e+02 2.101428e+01 1.156099e+00 4.727161e-01
316 3.573514e+02 2.633547e+02 2.025620e+01 1.236624e+00 4.031252e-01
317 3.619301e+02 2.666115e+02 2.493466e+01 1.013456e+00 4.884524e-01
318 3.583320e+02 2.655747e+02 2.235532e+01 1.187051e+00 4.501824e-01
319 3.599119e+02 2.682373e+02 2.696565e+01 9.617326e-01 4.799731e-01
320 3.628416e+02 2.696874e+02 2.782329e+01 1.024660e+00 5.222025e-01
321 3.599910e+02 2.709833e+02 2.804429e+01 1.148154e+00 5.016391e-01
322 3.562786e+02 2.729492e+02 2.862135e+01 1.277413e+00 4.996396e-01
323 3.586992e+02 2.739721e+02 2.869688e+01 1.354972e+00 4.798495e-01
324 3.594646e+02 2.755259e+02 2.914699e+01 1.478323e+00 4.730779e-01
325 3.640491e+02 2.765238e+02 2.985246e+01 1.562565e+00 4.482203e-01
326 3.671416e+02 2.773006e+02 3.038777e+01 1.698696e+00 4.316198e-01
327 3.586545e+02 2.778824e+02 3.092141e+01 1.788095e+00 4.140547e-01
328 3.608225e+02 2.790027e+02 3.125921e+01 1.765250e+00 4.190729e-01
329 3.626688e+02 2.806814e+02 3.157298e+01 1.963670e+00 3.733846e-01
330 3.626869e+02 2.823267e+02 3.266926e+01 1.964615e+00 3.798751e-01
331 3.552535e+02 2.852135e+02 3.424358e+01 1.386785e+00 2.582050e-01
332 3.455300e+02 2.872358e+02 3.563469e+01 1.215541e+00 1.873218e-01
333 3.387235e+02 2.898801e+02 3.687351e+01 1.274941e+00 1.769942e-01
334 3.303927e+02 2.952130e+02 3.729482e+01 1.336090e+00 1.502444e-01
335 3.167196e+02 2.994690e+02 3.815511e+01 1.261702e+00 8.662525e-02
336 3.020409e+02 3.054523e+02 3.831204e+01 1.201880e+00 6.094993e-02
337 2.844176e+02 3.099380e+02 3.850737e+01 2.234280e+00 8.067968e-02
338 3.464603e+02 3.051644e+02 4.441570e+01 2.460808e+00 9.169203e-02
339 3.510013e+02 3.042740e+02 4.479945e+01 2.407772e+00 6.246446e-02
340 3.450656e+02 3.029980e+02 4.487965e+01 2.506585e+00 4.062861e-02
341 3.246520e+02 3.031499e+02 4.512797e+01 3.168630e+00 4.662799e-02
342 3.136777e+02 3.061423e+02 4.526132e+01 3.564310e+00 8.802912e-04
result for iter 12: 4.342259e-01 2.173321e-01
iter 13
294 3.310776e+02 2.588372e+02 2.300001e+01 6.521753e-01 9.858101e-01
295 3.263791e+02 2.573456e+02 2.311519e+01 6.620881e-01 6.674181e-01
296 3.286370e+02 2.581217e+02 2.320666e+01 6.571621e-01 6.466383e-01
297 3.318719e+02 2.582816e+02 2.347949e+01 7.186077e-01 7.932457e-01
298 3.338222e+02 2.595309e+02 2.366755e+01 7.447570e-01 7.831057e-01
299 3.335473e+02 2.592629e+02 2.373066e+01 7.475581e-01 7.639894e-01
300 3.341011e+02 2.595826e+02 2.365671e+01 7.503592e-01 7.123383e-01
301 3.344163e+02 2.632788e+02 2.358126e+01 5.858350e-01 5.115936e-01
302 3.362951e+02 2.640868e+02 2.412798e+01 5.608043e-01 4.982070e-01
303 3.386111e+02 2.613438e+02 2.404756e+01 6.668396e-01 6.264685e-01
304 3.382174e+02 2.626453e+02 2.456932e+01 6.382795e-01 5.610216e-01
305 3.389427e+02 2.640474e+02 2.483420e+01 6.392359e-01 5.487392e-01
306 3.415747e+02 2.631619e+02 2.477588e+01 6.889794e-01 6.122839e-01
307 3.431624e+02 2.616998e+02 2.352553e+01 7.736094e-01 5.687481e-01
308 3.436242e+02 2.611181e+02 2.345467e+01 8.279140e-01 5.482574e-01
309 3.481488e+02 2.621743e+02 2.467609e+01 8.102248e-01 6.128614e-01
310 3.484089e+02 2.632242e+02 2.566038e+01 7.570126e-01 5.613270e-01
311 3.482634e+02 2.628517e+02 2.554287e+01 8.006265e-01 5.529911e-01
312 3.482844e+02 2.642929e+02 2.578201e+01 7.648939e-01 4.580636e-01
313 3.513599e+02 2.647788e+02 2.564634e+01 8.647141e-01 5.370553e-01
314 3.556506e+02 2.652122e+02 2.634322e+01 9.158949e-01 6.036077e-01
315 3.558541e+02 2.653286e+02 2.700895e+01 8.571929e-01 5.789889e-01
316 3.567558e+02 2.664269e+02 2.800223e+01 8.145688e-01 5.431322e-01
317 3.582668e+02 2.675611e+02 2.904852e+01 7.990880e-01 5.227008e-01
318 3.568524e+02 2.684452e+02 2.999300e+01 7.808124e-01 5.632743e-01
319 3.595885e+02 2.709100e+02 3.047304e+01 8.231389e-01 5.246208e-01
320 3.615808e+02 2.730278e+02 3.069977e+01 8.995242e-01 5.451228e-01
321 3.591642e+02 2.740607e+02 3.162967e+01 8.717438e-01 5.029549e-01
322 3.560589e+02 2.743365e+02 3.206377e+01 1.063187e+00 5.355051e-01
323 3.585837e+02 2.750630e+02 3.326308e+01 1.131804e+00 5.383708e-01
324 3.606522e+02 2.752063e+02 3.592358e+01 1.191601e+00 5.884713e-01
325 3.621756e+02 2.755459e+02 3.830889e+01 9.945473e-01 5.847632e-01
326 3.600158e+02 2.766631e+02 4.057806e+01 9.267658e-01 5.459729e-01
327 3.580579e+02 2.791159e+02 3.929569e+01 1.340788e+00 5.111379e-01
328 3.623689e+02 2.794883e+02 3.847575e+01 1.589382e+00 5.103745e-01
329 3.621887e+02 2.803288e+02 3.840191e+01 1.696956e+00 4.572049e-01
330 3.609254e+02 2.826629e+02 4.129174e+01 1.670411e+00 4.801365e-01
331 3.574111e+02 2.859573e+02 4.388848e+01 1.477293e+00 4.253845e-01
332 3.498173e+02 2.887229e+02 4.460974e+01 1.350892e+00 3.262519e-01
333 3.408404e+02 2.918957e+02 4.747831e+01 1.112372e+00 2.560238e-01
334 3.322135e+02 2.942693e+02 4.516596e+01 1.239979e+00 2.045043e-01
335 3.279687e+02 2.947228e+02 4.978253e+01 1.161326e+00 1.350838e-01
336 3.238869e+02 2.967605e+02 5.611528e+01 9.949081e-01 1.019591e-01
337 3.547409e+02 2.933646e+02 5.699065e+01 1.391576e+00 8.971856e-02
338 3.577157e+02 3.079546e+02 5.529884e+01 1.097690e+00 4.820349e-02
339 3.487432e+02 3.064129e+02 5.495790e+01 1.615921e+00 5.332689e-02
340 3.338066e+02 3.077222e+02 5.478572e+01 2.117272e+00 6.313397e-02
341 3.129547e+02 3.111470e+02 5.453653e+01 2.781659e+00 8.514462e-02
342 2.990723e+02 3.142778e+02 5.526061e+01 3.192137e+00 4.754044e-02
result for iter 13: 4.800567e-01 2.154004e-01
iter 14
294 3.299304e+02 2.571134e+02 2.300002e+01 6.522066e-01 8.335785e-01
295 3.308782e+02 2.564677e+02 2.300817e+01 5.485799e-01 6.320529e-01
296 3.343182e+02 2.585032e+02 2.305419e+01 6.934507e-01 7.875339e-01
297 3.342033e+02 2.602692e+02 2.286045e+01 6.309376e-01 7.327292e-01
298 3.348548e+02 2.605443e+02 2.271904e+01 6.845917e-01 7.108090e-01
299 3.328247e+02 2.612613e+02 2.266941e+01 6.585148e-01 5.890921e-01
300 3.331531e+02 2.609942e+02 2.270856e+01 6.987883e-01 5.924338e-01
301 3.361009e+02 2.615435e+02 2.326651e+01 6.513027e-01 5.996145e-01
302 3.375758e+02 2.602678e+02 2.389661e+01 6.962472e-01 6.412676e-01
303 3.394633e+02 2.577648e+02 2.442207e+01 8.084001e-01 7.621752e-01
304 3.400323e+02 2.573967e+02 2.433847e+01 8.520399e-01 7.342839e-01
305 3.418769e+02 2.576818e+02 2.457228e+01 8.584682e-01 7.286736e-01
306 3.424877e+02 2.576038e+02 2.419449e+01 8.888072e-01 6.587399e-01
307 3.432842e+02 2.569840e+02 2.477589e+01 9.041879e-01 6.424678e-01
308 3.439187e+02 2.581924e+02 2.412523e+01 9.095055e-01 5.933203e-01
309 3.474772e+02 2.603873e+02 2.399169e+01 9.187279e-01 6.386603e-01
310 3.469055e+02 2.609366e+02 2.388989e+01 8.991416e-01 5.497858e-01
311 3.486793e+02 2.626607e+02 2.354616e+01 9.120222e-01 5.374627e-01
312 3.484113e+02 2.637623e+02 2.340046e+01 9.060237e-01 4.421441e-01
313 3.518973e+02 2.653797e+02 2.321253e+01 9.490202e-01 4.895067e-01
314 3.563437e+02 2.665548e+02 2.349684e+01 1.016638e+00 5.231612e-01
315 3.566114e+02 2.643303e+02 2.275951e+01 1.058395e+00 5.076333e-01
316 3.565256e+02 2.654998e+02 2.266502e+01 1.040008e+00 4.542987e-01
317 3.606047e+02 2.648773e+02 2.289141e+01 1.101934e+00 4.454440e-01
318 3.574448e+02 2.640025e+02 2.349056e+01 1.122874e+00 4.404134e-01
319 3.602923e+02 2.647444e+02 2.379085e+01 1.228557e+00 4.404310e-01
320 3.625497e+02 2.662504e+02 2.371726e+01 1.340541e+00 4.534915e-01
321 3.583344e+02 2.706890e+02 2.394986e+01 1.229932e+00 4.068532e-01
322 3.558387e+02 2.735811e+02 2.408899e+01 1.303603e+00 4.120119e-01
323 3.584387e+02 2.754535e+02 2.410808e+01 1.721082e+00 3.855699e-01
324 3.604923e+02 2.758090e+02 2.395881e+01 1.781536e+00 3.856757e-01
325 3.629820e+02 2.759632e+02 2.370354e+01 1.849771e+00 3.612209e-01
326 3.666986e+02 2.772545e+02 2.346796e+01 1.970781e+00 3.337197e-01
327 3.636859e+02 2.796006e+02 2.352320e+01 2.195432e+00 3.024369e-01
328 3.645554e+02 2.804442e+02 2.354982e+01 2.285359e+00 3.058239e-01
329 3.671004e+02 2.822977e+02 2.447041e+01 2.418919e+00 2.804487e-01
330 3.679974e+02 2.835489e+02 2.568400e+01 2.647784e+00 2.986511e-01
331 3.658728e+02 2.843013e+02 2.663229e+01 2.762709e+00 2.651334e-01
332 3.616388e+02 2.850280e+02 2.691556e+01 2.662283e+00 2.340635e-01
333 3.621582e+02 2.870239e+02 2.691137e+01 3.101927e+00 2.225013e-01
334 3.588344e+02 2.903998e+02 2.524995e+01 3.609372e+00 1.829089e-01
335 3.601300e+02 2.906977e+02 2.597720e+01 3.584626e+00 1.088095e-01
336 3.908257e+02 2.865041e+02 3.058230e+01 2.182838e+00 4.816381e-02
337 3.806966e+02 2.874006e+02 3.085383e+01 2.532934e+00 4.249594e-02
338 3.750174e+02 2.894793e+02 3.054510e+01 2.833143e+00 3.290588e-02
339 3.650925e+02 2.991339e+02 3.479407e+01 2.839961e+00 3.289947e-02
340 3.535632e+02 3.021355e+02 3.591212e+01 2.972139e+00 2.582241e-02
341 3.220535e+02 3.079325e+02 3.645820e+01 3.919902e+00 5.497548e-02
342 3.176482e+02 3.089491e+02 3.664238e+01 4.371528e+00 0.000000e+00
result for iter 14: 4.262101e-01 2.301425e-01
iter 15
294 3.279676e+02 2.577404e+02 2.299996e+01 6.521516e-01 7.952213e-01
295 3.246350e+02 2.563382e+02 2.280619e+01 6.915152e-01 5.673472e-01
296 3.290819e+02 2.557071e+02 2.266219e+01 8.720642e-01 7.593884e-01
297 3.321294e+02 2.559501e+02 2.242051e+01 8.289973e-01 8.008336e-01
298 3.343650e+02 2.583495e+02 2.226098e+01 8.275439e-01 7.953781e-01
299 3.329931e+02 2.609625e+02 2.207489e+01 7.589185e-01 6.190330e-01
300 3.336506e+02 2.624548e+02 2.179210e+01 6.649785e-01 5.296042e-01
301 3.358243e+02 2.630641e+02 2.117162e+01 6.050898e-01 4.506510e-01
302 3.368272e+02 2.646359e+02 2.083124e+01 6.131663e-01 4.123115e-01
303 3.384289e+02 2.635519e+02 2.111331e+01 6.560966e-01 4.667337e-01
304 3.373760e+02 2.636868e+02 2.315949e+01 6.032767e-01 4.481792e-01
305 3.397545e+02 2.638629e+02 2.328506e+01 6.570805e-01 5.109665e-01
306 3.413522e+02 2.631431e+02 2.428633e+01 6.902791e-01 5.829802e-01
307 3.437169e+02 2.629816e+02 2.521179e+01 7.031235e-01 6.086922e-01
308 3.449368e+02 2.641275e+02 2.588782e+01 6.545391e-01 5.595752e-01
309 3.489409e+02 2.641949e+02 2.662362e+01 6.835660e-01 6.018921e-01
310 3.478863e+02 2.650005e+02 2.709356e+01 6.359132e-01 5.234676e-01
311 3.479743e+02 2.634886e+02 2.715871e+01 7.307832e-01 5.707291e-01
312 3.471521e+02 2.646189e+02 2.709613e+01 7.064097e-01 4.482652e-01
313 3.490065e+02 2.650509e+02 2.726185e+01 7.381358e-01 4.716885e-01
314 3.545017e+02 2.647804e+02 2.777306e+01 8.166644e-01 5.982223e-01
315 3.554450e+02 2.657820e+02 2.811503e+01 8.322148e-01 6.091001e-01
316 3.554203e+02 2.657249e+02 2.867607e+01 8.333430e-01 5.827143e-01
317 3.577273e+02 2.667541e+02 2.892446e+01 8.237424e-01 5.342352e-01
318 3.576054e+02 2.654988e+02 2.976144e+01 8.665086e-01 5.796511e-01
319 3.613812e+02 2.679967e+02 3.044967e+01 8.915804e-01 5.673699e-01
320 3.613188e+02 2.710372e+02 3.121899e+01 9.867840e-01 5.952527e-01
321 3.603841e+02 2.734024e+02 3.202652e+01 1.006834e+00 5.281911e-01
322 3.566983e+02 2.741658e+02 3.301810e+01 1.185312e+00 5.545142e-01
323 3.588741e+02 2.754181e+02 3.366124e+01 1.232093e+00 5.389428e-01
324 3.600607e+02 2.762070e+02 3.396493e+01 1.259110e+00 5.403845e-01
325 3.611930e+02 2.772395e+02 3.432532e+01 1.164093e+00 5.055356e-01
326 3.634138e+02 2.776188e+02 3.489724e+01 1.289886e+00 4.916982e-01
327 3.588029e+02 2.792524e+02 3.417792e+01 1.475222e+00 4.431201e-01
328 3.602355e+02 2.801139e+02 3.360851e+01 1.676480e+00 4.396836e-01
329 3.605827e+02 2.821330e+02 3.348423e+01 1.803264e+00 3.850007e-01
330 3.618154e+02 2.832228e+02 3.354854e+01 1.973679e+00 3.900993e-01
331 3.580120e+02 2.840748e+02 3.380887e+01 1.812019e+00 3.288678e-01
332 3.501316e+02 2.875768e+02 3.217082e+01 1.443025e+00 1.812470e-01
333 3.393461e+02 2.952357e+02 3.138296e+01 1.369794e+00 1.377472e-01
334 3.292717e+02 3.032352e+02 3.130702e+01 1.303059e+00 1.032555e-01
335 3.158715e+02 3.067754e+02 3.162888e+01 1.280292e+00 6.040305e-02
336 3.034478e+02 3.086631e+02 3.117463e+01 1.202251e+00 4.036818e-02
337 2.645733e+02 3.224757e+02 3.272081e+01 2.206971e+00 5.754183e-02
338 2.520064e+02 3.237605e+02 3.301922e+01 2.938087e+00 6.648625e-02
339 2.394797e+02 3.235461e+02 3.357448e+01 3.885608e+00 8.170583e-02
340 3.095642e+02 3.232914e+02 3.237502e+01 4.140464e+00 7.284673e-02
341 3.200912e+02 3.230251e+02 3.223804e+01 4.237116e+00 6.547406e-02
342 3.228826e+02 3.233744e+02 3.225828e+01 4.307886e+00 0.000000e+00
result for iter 15: 4.408693e-01 2.180071e-01
iter 16
294 3.282929e+02 2.576320e+02 2.300001e+01 6.522192e-01 8.018431e-01
295 3.247336e+02 2.572022e+02 2.306484e+01 6.623490e-01 5.956988e-01
296 3.281415e+02 2.573547e+02 2.313737e+01 6.566223e-01 6.258432e-01
297 3.321186e+02 2.571575e+02 2.306055e+01 7.904531e-01 8.397522e-01
298 3.342975e+02 2.581449e+02 2.334256e+01 7.974175e-01 8.436905e-01
299 3.338114e+02 2.597791e+02 2.380113e+01 7.049242e-01 7.340377e-01
300 3.336143e+02 2.608741e+02 2.412215e+01 6.647920e-01 6.552067e-01
301 3.346385e+02 2.624236e+02 2.443681e+01 5.681387e-01 5.418506e-01
302 3.363409e+02 2.630114e+02 2.476704e+01 5.767614e-01 5.420196e-01
303 3.382392e+02 2.620419e+02 2.509239e+01 5.929197e-01 5.984864e-01
304 3.378155e+02 2.626771e+02 2.561249e+01 5.842365e-01 5.510782e-01
305 3.402087e+02 2.625167e+02 2.558485e+01 6.865039e-01 6.633537e-01
306 3.423179e+02 2.616247e+02 2.598622e+01 7.124699e-01 7.196471e-01
307 3.434292e+02 2.607555e+02 2.721869e+01 6.925709e-01 6.919233e-01
308 3.447490e+02 2.611036e+02 2.812438e+01 7.231537e-01 7.249302e-01
309 3.471571e+02 2.653593e+02 3.013673e+01 5.700874e-01 6.431878e-01
310 3.472872e+02 2.694167e+02 3.088303e+01 4.342156e-01 4.556067e-01
311 3.480448e+02 2.708181e+02 3.102644e+01 4.208065e-01 4.342771e-01
312 3.476507e+02 2.704703e+02 3.082937e+01 4.453850e-01 3.827334e-01
313 3.508679e+02 2.699047e+02 3.066761e+01 5.565509e-01 4.947140e-01
314 3.541566e+02 2.689210e+02 3.057224e+01 6.607733e-01 5.865142e-01
315 3.559521e+02 2.675972e+02 3.056323e+01 7.049500e-01 6.097238e-01
316 3.562663e+02 2.663977e+02 3.043315e+01 7.591490e-01 5.978788e-01
317 3.588240e+02 2.669117e+02 3.060925e+01 7.675144e-01 5.574455e-01
318 3.569771e+02 2.663657e+02 3.098193e+01 7.845203e-01 5.881261e-01
319 3.625262e+02 2.689822e+02 3.099222e+01 8.051090e-01 5.307633e-01
320 3.637872e+02 2.706196e+02 3.116486e+01 9.260727e-01 5.921308e-01
321 3.616953e+02 2.726405e+02 3.189980e+01 9.975407e-01 5.401167e-01
322 3.567392e+02 2.732750e+02 3.219256e+01 1.272669e+00 5.562685e-01
323 3.588677e+02 2.736000e+02 3.242833e+01 1.367895e+00 5.481738e-01
324 3.601364e+02 2.747316e+02 3.168510e+01 1.461043e+00 5.261211e-01
325 3.629540e+02 2.762313e+02 3.202301e+01 1.426138e+00 4.845629e-01
326 3.641320e+02 2.778198e+02 3.230427e+01 1.486398e+00 4.528398e-01
327 3.603680e+02 2.791673e+02 3.110382e+01 1.683723e+00 4.040861e-01
328 3.623606e+02 2.795549e+02 3.019460e+01 1.906259e+00 3.999406e-01
329 3.634150e+02 2.815437e+02 2.932530e+01 2.139168e+00 3.410874e-01
330 3.650575e+02 2.831778e+02 3.000996e+01 2.341431e+00 3.489530e-01
331 3.592472e+02 2.835197e+02 3.245241e+01 2.324744e+00 3.271019e-01
332 3.544612e+02 2.851491e+02 3.288606e+01 2.178254e+00 2.858939e-01
333 3.457550e+02 2.892303e+02 3.442143e+01 1.786607e+00 2.161358e-01
334 3.339464e+02 2.970729e+02 3.744812e+01 1.383932e+00 1.569062e-01
335 3.516950e+02 2.971855e+02 3.713514e+01 1.242872e+00 8.083117e-02
336 3.843918e+02 2.919238e+02 3.572896e+01 1.611152e+00 5.575362e-02
337 3.793666e+02 2.925365e+02 3.555760e+01 1.852843e+00 3.910428e-02
338 3.724067e+02 2.953339e+02 3.538649e+01 2.080240e+00 3.201545e-02
339 3.605472e+02 2.975706e+02 3.463373e+01 2.911676e+00 3.940389e-02
340 3.419248e+02 2.976517e+02 3.368039e+01 4.009209e+00 5.535394e-02
341 3.216893e+02 2.973612e+02 3.318400e+01 4.870129e+00 6.128233e-02
342 3.143847e+02 2.980264e+02 3.289586e+01 5.511528e+00 0.000000e+00
result for iter 16: 4.602938e-01 2.315873e-01
iter 17
294 3.303509e+02 2.608801e+02 2.299996e+01 6.522175e-01 8.499196e-01
295 3.310248e+02 2.606720e+02 2.304338e+01 6.549455e-01 7.659503e-01
296 3.326248e+02 2.602838e+02 2.306364e+01 6.810457e-01 7.252317e-01
297 3.321462e+02 2.594999e+02 2.305489e+01 7.386308e-01 7.302635e-01
298 3.334028e+02 2.593378e+02 2.296144e+01 8.097261e-01 7.543261e-01
299 3.334089e+02 2.596022e+02 2.323610e+01 7.553539e-01 7.270792e-01
300 3.337809e+02 2.603048e+02 2.320100e+01 7.455428e-01 6.584505e-01
301 3.352301e+02 2.611074e+02 2.340660e+01 6.512525e-01 5.825499e-01
302 3.375295e+02 2.590879e+02 2.288640e+01 7.953048e-01 6.699604e-01
303 3.388182e+02 2.589437e+02 2.299820e+01 8.085445e-01 6.973281e-01
304 3.389240e+02 2.586712e+02 2.342417e+01 8.253951e-01 6.662234e-01
305 3.398618e+02 2.614526e+02 2.318370e+01 7.888476e-01 6.109335e-01
306 3.430438e+02 2.623522e+02 2.350081e+01 7.167918e-01 6.081040e-01
307 3.432540e+02 2.629370e+02 2.410332e+01 6.826837e-01 5.293977e-01
308 3.451744e+02 2.641566e+02 2.422439e+01 6.990507e-01 5.245748e-01
309 3.497295e+02 2.651777e+02 2.428048e+01 7.208453e-01 5.279111e-01
310 3.479002e+02 2.647423e+02 2.405064e+01 7.389874e-01 4.793714e-01
311 3.493950e+02 2.643735e+02 2.404660e+01 7.971185e-01 5.141049e-01
312 3.495315e+02 2.643477e+02 2.405014e+01 8.132138e-01 4.443063e-01
313 3.516680e+02 2.656756e+02 2.390828e+01 8.420742e-01 4.572472e-01
314 3.556174e+02 2.655888e+02 2.383646e+01 9.582296e-01 5.170404e-01
315 3.548496e+02 2.649566e+02 2.377367e+01 9.857099e-01 5.158432e-01
316 3.561712e+02 2.661813e+02 2.339180e+01 9.796138e-01 4.558004e-01
317 3.591419e+02 2.668037e+02 2.356701e+01 9.952325e-01 4.284935e-01
318 3.571874e+02 2.654684e+02 2.402214e+01 1.022848e+00 4.438302e-01
319 3.591051e+02 2.656664e+02 2.443462e+01 1.165841e+00 4.553737e-01
320 3.589208e+02 2.661828e+02 2.453930e+01 1.232789e+00 4.432029e-01
321 3.578252e+02 2.680926e+02 2.479669e+01 1.243604e+00 4.409815e-01
322 3.555310e+02 2.706695e+02 2.420955e+01 1.355852e+00 4.284674e-01
323 3.597310e+02 2.736114e+02 2.343553e+01 1.720561e+00 3.960269e-01
324 3.622530e+02 2.762926e+02 2.293439e+01 1.992134e+00 3.639639e-01
325 3.647510e+02 2.776371e+02 2.259489e+01 2.142587e+00 3.291727e-01
326 3.673963e+02 2.778821e+02 2.245384e+01 2.281478e+00 3.142566e-01
327 3.635130e+02 2.783822e+02 2.194585e+01 2.535779e+00 2.904610e-01
328 3.658027e+02 2.784667e+02 2.172614e+01 2.743982e+00 2.946631e-01
329 3.700372e+02 2.816377e+02 2.192566e+01 2.832614e+00 2.545554e-01
330 3.730843e+02 2.828653e+02 2.254169e+01 3.075469e+00 2.621126e-01
331 3.728482e+02 2.836487e+02 2.277328e+01 3.409798e+00 2.290754e-01
332 3.697545e+02 2.841793e+02 2.278288e+01 3.673650e+00 2.151675e-01
333 3.673770e+02 2.861708e+02 2.266469e+01 3.814739e+00 1.893643e-01
334 3.628204e+02 2.890204e+02 2.243257e+01 4.001122e+00 1.627816e-01
335 3.673481e+02 2.866857e+02 2.249315e+01 4.079930e+00 8.853012e-02
336 3.965842e+02 2.842071e+02 2.244830e+01 3.511133e+00 4.445571e-02
337 3.858569e+02 2.847432e+02 2.231079e+01 4.070076e+00 3.778762e-02
338 3.842676e+02 2.860741e+02 2.175720e+01 4.198477e+00 2.167824e-02
339 3.765794e+02 2.916617e+02 2.120741e+01 4.591511e+00 1.500398e-02
340 3.639561e+02 2.944596e+02 2.104236e+01 5.157707e+00 1.100376e-02
341 3.516523e+02 2.958695e+02 2.097689e+01 6.032652e+00 0.000000e+00
342 3.360729e+02 2.980546e+02 2.147238e+01 6.785333e+00 0.000000e+00
result for iter 17: 4.116801e-01 2.333843e-01
iter 18
294 3.300521e+02 2.582370e+02 2.300003e+01 6.521765e-01 9.100154e-01
295 3.324572e+02 2.579907e+02 2.302671e+01 6.749660e-01 9.314418e-01
296 3.323902e+02 2.592705e+02 2.297229e+01 7.684633e-01 7.721009e-01
297 3.314391e+02 2.595761e+02 2.291436e+01 7.762419e-01 6.976212e-01
298 3.338475e+02 2.603460e+02 2.277164e+01 7.604280e-01 7.167620e-01
299 3.328851e+02 2.611376e+02 2.308735e+01 6.843835e-01 6.388207e-01
300 3.338550e+02 2.615369e+02 2.318337e+01 6.677432e-01 6.115003e-01
301 3.352895e+02 2.632273e+02 2.399623e+01 5.670681e-01 5.363815e-01
302 3.359407e+02 2.659770e+02 2.501851e+01 4.616654e-01 4.354401e-01
303 3.375177e+02 2.664629e+02 2.544847e+01 4.584469e-01 4.619682e-01
304 3.375451e+02 2.689817e+02 2.587504e+01 3.665291e-01 3.491487e-01
305 3.380361e+02 2.690884e+02 2.675932e+01 4.134790e-01 4.003460e-01
306 3.396760e+02 2.681314e+02 2.636278e+01 4.734088e-01 4.416790e-01
307 3.414541e+02 2.662013e+02 2.688919e+01 5.290667e-01 4.770130e-01
308 3.436332e+02 2.645757e+02 2.801883e+01 5.958349e-01 5.689822e-01
309 3.458429e+02 2.658002e+02 3.194313e+01 5.068913e-01 6.192270e-01
310 3.462702e+02 2.682945e+02 3.353037e+01 4.343756e-01 5.215851e-01
311 3.482221e+02 2.702841e+02 3.468175e+01 3.728115e-01 4.867718e-01
312 3.481521e+02 2.708791e+02 3.574971e+01 3.851866e-01 4.624193e-01
313 3.509557e+02 2.696552e+02 3.644287e+01 4.824129e-01 6.180672e-01
314 3.530192e+02 2.688530e+02 3.709888e+01 4.890026e-01 6.222536e-01
315 3.549261e+02 2.681686e+02 3.783312e+01 5.128085e-01 6.796349e-01
316 3.561078e+02 2.687770e+02 3.864933e+01 5.318104e-01 6.755122e-01
317 3.589876e+02 2.686255e+02 3.951200e+01 5.330461e-01 6.369529e-01
318 3.564342e+02 2.677550e+02 4.040759e+01 5.472015e-01 7.164839e-01
319 3.570521e+02 2.687473e+02 4.080319e+01 6.111028e-01 6.983020e-01
320 3.590060e+02 2.699983e+02 4.141335e+01 6.821202e-01 7.701653e-01
321 3.574729e+02 2.714171e+02 4.262169e+01 7.113612e-01 7.452503e-01
322 3.558189e+02 2.730274e+02 4.363590e+01 8.344554e-01 7.598864e-01
323 3.578125e+02 2.751596e+02 4.549054e+01 8.421371e-01 7.341159e-01
324 3.596910e+02 2.754515e+02 4.633298e+01 8.312706e-01 7.536417e-01
325 3.627286e+02 2.765033e+02 4.710871e+01 6.689874e-01 5.948065e-01
326 3.667457e+02 2.776258e+02 4.822552e+01 6.302747e-01 5.244477e-01
327 3.595403e+02 2.790787e+02 4.783461e+01 9.837379e-01 6.227599e-01
328 3.579699e+02 2.799567e+02 4.767299e+01 1.141521e+00 6.258661e-01
329 3.567917e+02 2.816048e+02 4.693893e+01 1.295178e+00 5.453063e-01
330 3.550420e+02 2.828723e+02 4.655354e+01 1.375699e+00 5.413202e-01
331 3.539594e+02 2.829934e+02 4.625499e+01 1.262489e+00 4.288862e-01
332 3.480966e+02 2.828852e+02 4.570015e+01 1.202491e+00 3.047825e-01
333 3.408098e+02 2.866826e+02 4.482106e+01 1.208121e+00 2.478075e-01
334 3.350197e+02 2.964771e+02 4.241863e+01 1.161799e+00 1.690090e-01
335 3.403152e+02 2.982208e+02 4.238317e+01 1.109518e+00 9.399477e-02
336 3.727116e+02 2.920741e+02 4.530909e+01 1.304088e+00 7.828362e-02
337 3.688713e+02 2.974477e+02 4.870614e+01 1.443357e+00 6.184526e-02
338 3.614717e+02 3.020277e+02 4.927326e+01 1.449587e+00 4.795712e-02
339 3.526823e+02 3.059407e+02 4.963507e+01 1.736468e+00 4.599169e-02
340 3.357525e+02 3.036235e+02 4.984394e+01 2.392001e+00 5.938469e-02
341 3.170190e+02 3.025208e+02 5.037488e+01 3.112662e+00 7.244026e-02
342 3.048917e+02 3.076110e+02 5.081688e+01 3.541942e+00 2.900735e-02
result for iter 18: 5.008855e-01 2.446072e-01
iter 19
294 3.319995e+02 2.589981e+02 2.300000e+01 6.521425e-01 9.563730e-01
295 3.309511e+02 2.588082e+02 2.292535e+01 7.274583e-01 8.654758e-01
296 3.310542e+02 2.585482e+02 2.284233e+01 7.734025e-01 7.697361e-01
297 3.316057e+02 2.579814e+02 2.284383e+01 8.127310e-01 7.733822e-01
298 3.342927e+02 2.583990e+02 2.293459e+01 8.658110e-01 8.171478e-01
299 3.345999e+02 2.591243e+02 2.255804e+01 7.794958e-01 7.531162e-01
300 3.339129e+02 2.594593e+02 2.261137e+01 7.632699e-01 6.658266e-01
301 3.363387e+02 2.613043e+02 2.272292e+01 6.688464e-01 5.927741e-01
302 3.372999e+02 2.618278e+02 2.290739e+01 6.696201e-01 5.593482e-01
303 3.393563e+02 2.618288e+02 2.320433e+01 6.712585e-01 6.058726e-01
304 3.393437e+02 2.633757e+02 2.360646e+01 6.263692e-01 5.329449e-01
305 3.393638e+02 2.658046e+02 2.413613e+01 5.538194e-01 4.561752e-01
306 3.406952e+02 2.649091e+02 2.362795e+01 6.258688e-01 4.843722e-01
307 3.421948e+02 2.616702e+02 2.355260e+01 7.354741e-01 5.188921e-01
308 3.433583e+02 2.614948e+02 2.391019e+01 7.995079e-01 5.443652e-01
309 3.490998e+02 2.631177e+02 2.565955e+01 7.612249e-01 6.226087e-01
310 3.486336e+02 2.634714e+02 2.620020e+01 7.469408e-01 5.774070e-01
311 3.476091e+02 2.630956e+02 2.713895e+01 7.598697e-01 5.839319e-01
312 3.483646e+02 2.630158e+02 2.762708e+01 8.078956e-01 5.636723e-01
313 3.513875e+02 2.632807e+02 2.818792e+01 8.694882e-01 6.598198e-01
314 3.553721e+02 2.625359e+02 2.820519e+01 9.025852e-01 6.694631e-01
315 3.559326e+02 2.634761e+02 2.817150e+01 8.673314e-01 6.236895e-01
316 3.570730e+02 2.638781e+02 2.816374e+01 8.941502e-01 5.762249e-01
317 3.614181e+02 2.647591e+02 2.803807e+01 9.211688e-01 5.561303e-01
318 3.581770e+02 2.639770e+02 2.496146e+01 1.073775e+00 4.760083e-01
319 3.633846e+02 2.679629e+02 2.525034e+01 1.065521e+00 4.662696e-01
320 3.633885e+02 2.710773e+02 2.557082e+01 1.117948e+00 4.812304e-01
321 3.572863e+02 2.725909e+02 2.647851e+01 1.056703e+00 4.272584e-01
322 3.544362e+02 2.729807e+02 2.676785e+01 1.167659e+00 4.556906e-01
323 3.561787e+02 2.744481e+02 2.753378e+01 1.274734e+00 4.539614e-01
324 3.586192e+02 2.765114e+02 2.887944e+01 1.434174e+00 4.553351e-01
325 3.602222e+02 2.774972e+02 2.971664e+01 1.509101e+00 4.345913e-01
326 3.628867e+02 2.779803e+02 3.051452e+01 1.539504e+00 4.259995e-01
327 3.585995e+02 2.784886e+02 3.092988e+01 1.744427e+00 4.083459e-01
328 3.611080e+02 2.781365e+02 3.143520e+01 1.849618e+00 4.293689e-01
329 3.632167e+02 2.807762e+02 3.216547e+01 1.928750e+00 3.797026e-01
330 3.644486e+02 2.825336e+02 3.346574e+01 2.023757e+00 3.891366e-01
331 3.549290e+02 2.859468e+02 3.400336e+01 1.506654e+00 2.766014e-01
332 3.454475e+02 2.899330e+02 3.602470e+01 1.073023e+00 1.689984e-01
333 3.380539e+02 2.966972e+02 3.775437e+01 1.034196e+00 1.505140e-01
334 3.282139e+02 3.026744e+02 3.838877e+01 1.072794e+00 1.278175e-01
335 3.235255e+02 3.060372e+02 3.923506e+01 9.664142e-01 7.016074e-02
336 3.605775e+02 2.989220e+02 3.857046e+01 1.190985e+00 5.977841e-02
337 2.837335e+02 3.172611e+02 4.092303e+01 8.238543e-01 3.359888e-02
338 3.746981e+02 3.031734e+02 3.758411e+01 2.182388e+00 3.832099e-02
339 3.645192e+02 3.039348e+02 3.756751e+01 2.418808e+00 3.223629e-02
340 3.485557e+02 3.043751e+02 3.778277e+01 2.822148e+00 3.346610e-02
341 3.274472e+02 3.067859e+02 3.779622e+01 3.465846e+00 3.659666e-02
342 3.145389e+02 3.082585e+02 3.781840e+01 3.935480e+00 0.000000e+00
result for iter 19: 4.497906e-01 2.429170e-01
iter 20
294 3.334696e+02 2.572128e+02 2.299999e+01 6.521895e-01 7.862711e-01
295 3.340194e+02 2.560823e+02 2.315283e+01 6.313992e-01 7.270184e-01
296 3.327017e+02 2.564928e+02 2.298447e+01 6.772303e-01 7.395591e-01
297 3.317083e+02 2.579051e+02 2.267688e+01 7.546394e-01 7.744067e-01
298 3.335673e+02 2.600429e+02 2.246690e+01 8.129100e-01 7.117459e-01
299 3.332850e+02 2.607205e+02 2.192390e+01 7.684299e-01 6.330206e-01
300 3.336223e+02 2.615679e+02 2.152804e+01 7.283024e-01 5.555068e-01
301 3.359440e+02 2.623908e+02 2.082999e+01 6.632085e-01 4.802890e-01
302 3.373211e+02 2.620616e+02 2.060986e+01 7.331582e-01 4.945185e-01
303 3.398843e+02 2.587726e+02 2.012861e+01 9.304947e-01 6.384172e-01
304 3.397722e+02 2.586343e+02 1.989844e+01 9.824373e-01 5.881190e-01
305 3.406377e+02 2.582552e+02 1.957698e+01 1.065438e+00 5.526061e-01
306 3.420355e+02 2.589638e+02 1.941991e+01 1.059119e+00 5.253643e-01
307 3.432891e+02 2.601355e+02 1.939809e+01 1.009989e+00 5.042925e-01
308 3.437861e+02 2.608236e+02 1.907501e+01 1.053299e+00 4.589003e-01
309 3.462923e+02 2.607527e+02 1.955012e+01 1.094342e+00 4.949859e-01
310 3.460102e+02 2.621462e+02 1.967186e+01 1.017244e+00 3.984646e-01
311 3.484472e+02 2.632042e+02 2.022248e+01 9.919260e-01 4.284888e-01
312 3.490719e+02 2.638781e+02 2.020497e+01 9.331373e-01 3.428818e-01
313 3.511290e+02 2.656427e+02 2.087287e+01 9.419746e-01 3.725756e-01
314 3.552938e+02 2.655943e+02 2.073626e+01 1.089303e+00 4.448166e-01
315 3.556126e+02 2.636709e+02 1.982809e+01 1.266280e+00 4.549220e-01
316 3.571098e+02 2.631394e+02 1.919671e+01 1.301393e+00 3.774346e-01
317 3.604693e+02 2.641397e+02 1.971614e+01 1.297447e+00 3.778222e-01
318 3.579386e+02 2.643317e+02 1.853926e+01 1.384354e+00 3.418928e-01
319 3.612512e+02 2.652129e+02 1.878411e+01 1.508525e+00 3.422815e-01
320 3.628746e+02 2.656461e+02 1.892304e+01 1.712193e+00 3.618428e-01
321 3.593327e+02 2.677431e+02 1.879240e+01 1.826246e+00 3.684785e-01
322 3.567726e+02 2.707282e+02 1.985160e+01 1.886747e+00 3.676222e-01
323 3.589520e+02 2.746432e+02 1.995470e+01 2.168243e+00 3.270887e-01
324 3.597082e+02 2.752556e+02 2.031728e+01 2.345815e+00 3.323499e-01
325 3.591290e+02 2.755290e+02 2.028195e+01 2.312480e+00 3.126069e-01
326 3.615345e+02 2.766599e+02 2.070399e+01 2.311442e+00 2.988195e-01
327 3.632293e+02 2.789763e+02 2.158462e+01 2.509214e+00 2.816976e-01
328 3.674573e+02 2.798375e+02 2.232594e+01 2.680494e+00 2.938778e-01
329 3.714341e+02 2.826020e+02 2.267960e+01 2.798835e+00 2.583652e-01
330 3.746393e+02 2.852070e+02 2.373370e+01 2.942712e+00 2.706006e-01
331 3.682463e+02 2.854376e+02 2.897577e+01 2.663449e+00 2.832354e-01
332 3.571828e+02 2.857875e+02 3.447131e+01 2.371380e+00 3.188281e-01
333 3.503074e+02 2.889314e+02 3.672496e+01 2.133012e+00 2.937351e-01
334 3.365047e+02 2.935997e+02 3.805914e+01 1.686069e+00 1.974507e-01
335 3.174905e+02 3.000524e+02 3.856454e+01 1.276928e+00 8.956226e-02
336 3.219838e+02 3.001701e+02 4.018539e+01 1.239353e+00 6.914690e-02
337 3.689033e+02 2.917567e+02 4.201261e+01 1.742465e+00 5.900914e-02
338 3.642157e+02 2.934692e+02 4.247662e+01 1.821800e+00 4.264255e-02
339 3.546092e+02 2.938956e+02 4.215993e+01 2.502065e+00 4.825645e-02
340 3.428779e+02 2.946794e+02 4.229316e+01 2.933771e+00 4.568044e-02
341 3.211281e+02 2.953079e+02 4.315139e+01 3.758565e+00 6.156242e-02
342 3.118813e+02 2.992776e+02 4.333976e+01 4.158611e+00 6.709813e-03
result for iter 20: 3.782810e-01 2.013167e-01
