294 3.287488e+02 2.579972e+02 2.300006e+01 6.520258e-01 8.416100e-01
295 3.282368e+02 2.579388e+02 2.244320e+01 7.758233e-01 7.648297e-01
296 3.295270e+02 2.582003e+02 2.203008e+01 8.248032e-01 7.020379e-01
297 3.309295e+02 2.587299e+02 2.201184e+01 7.468379e-01 6.848425e-01
298 3.333179e+02 2.598778e+02 2.258220e+01 7.442289e-01 7.147347e-01
299 3.330251e+02 2.613170e+02 2.277654e+01 6.671482e-01 6.090946e-01
300 3.336328e+02 2.624638e+02 2.259102e+01 6.352495e-01 5.455476e-01
301 3.347857e+02 2.639429e+02 2.375943e+01 5.263622e-01 4.758133e-01
302 3.370526e+02 2.646857e+02 2.499835e+01 5.254580e-01 5.187571e-01
303 3.387726e+02 2.658652e+02 2.638647e+01 4.907016e-01 5.616496e-01
304 3.399078e+02 2.667622e+02 2.848061e+01 3.841277e-01 4.920108e-01
305 3.399127e+02 2.688929e+02 2.822928e+01 3.969646e-01 4.649973e-01
306 3.405631e+02 2.690217e+02 2.762366e+01 3.977566e-01 4.250987e-01
307 3.425415e+02 2.683890e+02 2.778431e+01 4.390896e-01 4.423819e-01
308 3.438958e+02 2.677380e+02 2.770311e+01 4.995289e-01 4.707014e-01
309 3.469254e+02 2.679399e+02 2.870545e+01 4.860778e-01 4.962596e-01
310 3.464914e+02 2.681259e+02 2.898716e+01 5.035398e-01 4.516691e-01
311 3.472103e+02 2.669883e+02 2.910808e+01 6.150425e-01 5.390954e-01
312 3.478352e+02 2.667147e+02 3.012933e+01 5.852995e-01 4.819750e-01
313 3.508280e+02 2.678308e+02 3.183927e+01 6.099966e-01 5.860741e-01
314 3.551056e+02 2.680671e+02 3.428512e+01 5.896945e-01 6.582787e-01
315 3.566523e+02 2.672893e+02 3.410686e+01 6.256818e-01 6.739277e-01
316 3.569969e+02 2.660621e+02 3.419846e+01 7.059559e-01 7.020743e-01
317 3.592595e+02 2.660864e+02 3.846853e+01 6.358434e-01 7.294104e-01
318 3.564994e+02 2.654791e+02 4.079640e+01 6.008136e-01 7.521363e-01
319 3.569187e+02 2.668760e+02 4.240063e+01 6.203877e-01 7.618960e-01
320 3.563653e+02 2.688831e+02 4.401337e+01 6.123795e-01 7.775794e-01
321 3.559605e+02 2.701590e+02 4.548776e+01 6.447576e-01 7.693718e-01
322 3.551587e+02 2.729868e+02 4.704084e+01 6.429942e-01 7.749688e-01
323 3.543366e+02 2.752781e+02 5.067295e+01 6.095064e-01 7.690710e-01
324 3.546809e+02 2.765060e+02 5.354358e+01 5.616838e-01 7.581456e-01
325 3.568747e+02 2.776489e+02 5.498351e+01 5.019312e-01 6.079452e-01
326 3.589966e+02 2.787945e+02 5.668862e+01 4.868880e-01 5.598083e-01
327 3.583414e+02 2.803308e+02 5.765108e+01 7.664009e-01 7.281438e-01
328 3.584614e+02 2.809617e+02 6.032302e+01 7.089736e-01 7.519263e-01
329 3.560353e+02 2.830264e+02 6.141634e+01 8.962314e-01 6.937598e-01
330 3.561772e+02 2.830101e+02 6.194100e+01 1.033646e+00 7.202442e-01
331 3.542544e+02 2.843005e+02 6.236247e+01 7.303345e-01 4.509888e-01
332 3.492257e+02 2.864317e+02 6.012897e+01 8.087871e-01 3.548744e-01
333 3.468278e+02 2.862356e+02 5.741295e+01 1.075482e+00 3.619617e-01
334 3.434474e+02 2.851398e+02 5.601346e+01 1.385733e+00 3.430800e-01
335 3.554651e+02 2.821609e+02 5.670775e+01 1.187098e+00 1.456970e-01
336 3.629729e+02 2.816836e+02 5.712244e+01 1.335679e+00 1.082276e-01
337 3.626976e+02 2.837246e+02 5.681098e+01 1.684516e+00 8.457815e-02
338 3.579464e+02 2.944259e+02 5.678832e+01 1.599595e+00 6.278812e-02
339 3.540483e+02 3.006312e+02 5.677202e+01 1.689664e+00 4.718047e-02
340 3.448601e+02 3.061594e+02 5.636044e+01 1.995313e+00 4.259860e-02
341 3.287019e+02 3.151539e+02 5.542050e+01 3.210132e+00 5.545428e-02
342 3.165950e+02 3.231038e+02 5.554895e+01 3.546864e+00 0.000000e+00
5.207203e-01 2.374201e-01
