iter 1
294 3.359754e+02 2.580395e+02 2.299998e+01 6.521649e-01 7.334843e-01
295 3.336996e+02 2.592988e+02 2.305310e+01 5.852587e-01 7.835350e-01
296 3.318411e+02 2.606007e+02 2.311371e+01 5.973275e-01 6.771882e-01
297 3.318594e+02 2.597011e+02 2.337666e+01 7.101230e-01 7.219759e-01
298 3.336544e+02 2.598874e+02 2.337678e+01 7.435271e-01 7.511956e-01
299 3.335919e+02 2.601144e+02 2.328753e+01 7.346819e-01 7.136887e-01
300 3.340103e+02 2.589644e+02 2.363634e+01 7.684708e-01 7.338560e-01
301 3.362180e+02 2.606997e+02 2.298433e+01 7.151275e-01 6.453644e-01
302 3.374882e+02 2.596209e+02 2.335206e+01 7.742698e-01 6.781104e-01
303 3.390895e+02 2.566721e+02 2.392126e+01 8.473192e-01 7.117857e-01
304 3.393410e+02 2.567795e+02 2.389382e+01 8.790542e-01 6.857919e-01
305 3.392137e+02 2.582974e+02 2.383636e+01 8.395812e-01 6.117870e-01
306 3.420791e+02 2.587444e+02 2.410682e+01 8.098139e-01 6.149598e-01
307 3.426958e+02 2.588377e+02 2.448514e+01 8.031617e-01 5.908026e-01
308 3.440875e+02 2.594372e+02 2.485174e+01 8.404126e-01 6.221419e-01
309 3.479437e+02 2.615975e+02 2.537557e+01 8.122527e-01 6.497209e-01
310 3.466997e+02 2.622754e+02 2.576169e+01 7.822070e-01 5.550914e-01
311 3.456242e+02 2.630817e+02 2.626657e+01 7.690862e-01 5.059727e-01
312 3.487139e+02 2.627359e+02 2.651358e+01 7.708318e-01 4.996966e-01
313 3.511389e+02 2.651021e+02 2.708007e+01 7.343365e-01 5.069643e-01
314 3.547501e+02 2.666018e+02 2.729182e+01 8.127875e-01 5.749280e-01
315 3.578318e+02 2.679562e+02 2.753054e+01 7.904366e-01 5.547185e-01
316 3.584160e+02 2.707857e+02 2.773720e+01 6.792048e-01 4.443432e-01
317 3.596700e+02 2.724100e+02 2.780109e+01 6.444511e-01 3.861217e-01
318 3.595883e+02 2.716123e+02 2.760028e+01 7.111113e-01 4.344080e-01
319 3.628251e+02 2.714112e+02 2.810412e+01 8.378728e-01 4.542122e-01
320 3.632129e+02 2.721294e+02 2.795152e+01 9.605768e-01 4.940665e-01
321 3.610144e+02 2.718746e+02 2.826545e+01 1.030948e+00 4.750061e-01
322 3.567687e+02 2.728153e+02 2.962855e+01 1.189599e+00 5.193823e-01
323 3.589096e+02 2.727581e+02 3.007358e+01 1.395355e+00 5.208114e-01
324 3.607716e+02 2.726493e+02 2.945363e+01 1.659220e+00 4.992141e-01
325 3.628476e+02 2.737779e+02 2.926288e+01 1.673338e+00 4.572325e-01
326 3.659791e+02 2.760562e+02 2.947856e+01 1.649206e+00 4.318295e-01
327 3.617734e+02 2.784466e+02 2.731975e+01 1.971167e+00 3.610399e-01
328 3.618927e+02 2.785679e+02 2.635812e+01 2.264171e+00 3.567075e-01
329 3.644052e+02 2.807928e+02 2.590519e+01 2.408406e+00 3.057049e-01
330 3.638581e+02 2.827025e+02 2.808275e+01 2.453164e+00 3.265436e-01
331 3.550696e+02 2.844127e+02 3.587232e+01 1.773236e+00 3.564865e-01
332 3.474045e+02 2.858046e+02 3.888341e+01 1.353282e+00 2.483075e-01
333 3.369200e+02 2.888333e+02 4.207475e+01 1.144672e+00 2.069016e-01
334 3.299902e+02 2.927168e+02 4.303606e+01 1.236684e+00 1.851780e-01
335 3.165279e+02 2.976450e+02 4.355393e+01 1.157756e+00 1.035748e-01
336 2.995797e+02 3.082790e+02 4.135577e+01 9.546619e-01 5.641091e-02
337 3.590790e+02 2.874048e+02 4.408298e+01 2.210599e+00 8.465196e-02
338 3.596399e+02 2.867607e+02 4.426280e+01 2.214069e+00 5.988688e-02
339 3.541571e+02 2.872664e+02 4.436283e+01 2.374516e+00 4.443713e-02
340 3.419455e+02 2.891233e+02 4.437583e+01 2.877652e+00 4.595107e-02
341 3.174686e+02 2.915414e+02 4.407104e+01 3.685257e+00 6.714747e-02
342 3.089969e+02 2.929854e+02 4.380509e+01 4.160815e+00 1.507328e-02
result for iter 1: 4.502733e-01 2.229905e-01
iter 2
294 3.306289e+02 2.615826e+02 2.299999e+01 6.521892e-01 8.144527e-01
295 3.274462e+02 2.593422e+02 2.308358e+01 5.784131e-01 6.442868e-01
296 3.291125e+02 2.606693e+02 2.312845e+01 5.622630e-01 5.624345e-01
297 3.310779e+02 2.612373e+02 2.322892e+01 6.216987e-01 6.210600e-01
298 3.333796e+02 2.605339e+02 2.326623e+01 7.133325e-01 7.089907e-01
299 3.333616e+02 2.597209e+02 2.350638e+01 7.378295e-01 7.299197e-01
300 3.343002e+02 2.586765e+02 2.361853e+01 7.823442e-01 7.549377e-01
301 3.360563e+02 2.602724e+02 2.387755e+01 6.997727e-01 6.786839e-01
302 3.380963e+02 2.586290e+02 2.442053e+01 7.595925e-01 7.438297e-01
303 3.378728e+02 2.584039e+02 2.491105e+01 7.568331e-01 7.171967e-01
304 3.372215e+02 2.618008e+02 2.509489e+01 6.065543e-01 5.327852e-01
305 3.380454e+02 2.655405e+02 2.516263e+01 5.269066e-01 4.463227e-01
306 3.407033e+02 2.663753e+02 2.525765e+01 5.508220e-01 4.906969e-01
307 3.427676e+02 2.657999e+02 2.542003e+01 5.669039e-01 4.801115e-01
308 3.467309e+02 2.661242e+02 2.553935e+01 5.921765e-01 4.939282e-01
309 3.495973e+02 2.659376e+02 2.577681e+01 6.478344e-01 5.347199e-01
310 3.492558e+02 2.652160e+02 2.595032e+01 6.770711e-01 5.134598e-01
311 3.494370e+02 2.651861e+02 2.636654e+01 7.130888e-01 5.550914e-01
312 3.479867e+02 2.640159e+02 2.651092e+01 7.347859e-01 4.613159e-01
313 3.504207e+02 2.624929e+02 2.699192e+01 8.083650e-01 5.252372e-01
314 3.549064e+02 2.632573e+02 2.708968e+01 8.826225e-01 6.151119e-01
315 3.566872e+02 2.643913e+02 2.663217e+01 8.772892e-01 5.761455e-01
316 3.586440e+02 2.636854e+02 2.667571e+01 9.782576e-01 5.621204e-01
317 3.608276e+02 2.652042e+02 2.687994e+01 9.895441e-01 5.542458e-01
318 3.595034e+02 2.646242e+02 2.584956e+01 1.080751e+00 5.298675e-01
319 3.568036e+02 2.666228e+02 2.553770e+01 1.160219e+00 5.127199e-01
320 3.562985e+02 2.685982e+02 2.537049e+01 1.257978e+00 5.177651e-01
321 3.577658e+02 2.710165e+02 2.593261e+01 1.282604e+00 4.633699e-01
322 3.573781e+02 2.715991e+02 2.499276e+01 1.493304e+00 4.546740e-01
323 3.609749e+02 2.714106e+02 2.556362e+01 1.786988e+00 4.596357e-01
324 3.643179e+02 2.713603e+02 2.589031e+01 2.110840e+00 4.388188e-01
325 3.631606e+02 2.723514e+02 2.730154e+01 2.149428e+00 4.265866e-01
326 3.617363e+02 2.736326e+02 3.122876e+01 1.816439e+00 4.804425e-01
327 3.583161e+02 2.771837e+02 3.195038e+01 1.790454e+00 4.347660e-01
328 3.597414e+02 2.808609e+02 3.327928e+01 1.678221e+00 4.281314e-01
329 3.602924e+02 2.854077e+02 3.379180e+01 1.696395e+00 3.635238e-01
330 3.612927e+02 2.859750e+02 3.456818e+01 1.843264e+00 3.891514e-01
331 3.529293e+02 2.897500e+02 3.474225e+01 1.215601e+00 2.329723e-01
332 3.469667e+02 2.909036e+02 3.487455e+01 1.019326e+00 1.504538e-01
333 3.387646e+02 2.931570e+02 3.479603e+01 1.253231e+00 1.549282e-01
334 3.299800e+02 2.997748e+02 3.513725e+01 1.277384e+00 1.275036e-01
335 3.158680e+02 3.059261e+02 3.561174e+01 1.087693e+00 6.505416e-02
336 3.009436e+02 3.086496e+02 3.569633e+01 1.084400e+00 4.773951e-02
337 2.764278e+02 3.072772e+02 3.582942e+01 2.249403e+00 7.032108e-02
338 3.074688e+02 3.106471e+02 3.595924e+01 2.840338e+00 7.298094e-02
339 3.524355e+02 3.093077e+02 3.634204e+01 3.038613e+00 6.494890e-02
340 3.464745e+02 3.095188e+02 3.618468e+01 3.333504e+00 4.596713e-02
341 3.309826e+02 3.088224e+02 3.629607e+01 3.839088e+00 3.487625e-02
342 3.190670e+02 3.081667e+02 3.635150e+01 4.417135e+00 0.000000e+00
result for iter 2: 4.343731e-01 2.210451e-01
iter 3
294 3.277815e+02 2.586288e+02 2.300002e+01 6.521355e-01 8.387313e-01
295 3.223470e+02 2.580036e+02 2.295845e+01 6.877291e-01 5.470881e-01
296 3.298031e+02 2.589994e+02 2.287169e+01 6.343833e-01 6.409796e-01
297 3.310352e+02 2.575856e+02 2.284994e+01 6.023307e-01 6.081858e-01
298 3.345239e+02 2.587740e+02 2.275035e+01 7.840208e-01 7.933134e-01
299 3.345450e+02 2.603705e+02 2.278712e+01 7.283479e-01 7.166965e-01
300 3.340154e+02 2.611685e+02 2.305570e+01 6.613323e-01 6.039116e-01
301 3.355768e+02 2.623863e+02 2.338909e+01 5.892916e-01 5.351357e-01
302 3.361841e+02 2.640391e+02 2.364724e+01 5.554026e-01 4.708154e-01
303 3.378163e+02 2.628570e+02 2.405676e+01 6.034426e-01 5.474622e-01
304 3.388221e+02 2.630545e+02 2.460104e+01 5.992853e-01 5.428321e-01
305 3.394246e+02 2.645851e+02 2.494595e+01 5.838124e-01 5.171420e-01
306 3.401178e+02 2.628848e+02 2.492472e+01 6.775218e-01 5.717856e-01
307 3.423232e+02 2.614440e+02 2.517823e+01 7.434062e-01 6.059119e-01
308 3.448309e+02 2.603104e+02 2.543887e+01 8.036301e-01 6.606135e-01
309 3.481130e+02 2.617137e+02 2.625861e+01 7.819613e-01 6.697809e-01
310 3.461682e+02 2.627626e+02 2.789057e+01 7.297088e-01 5.972387e-01
311 3.461906e+02 2.619005e+02 2.843381e+01 7.486634e-01 5.687788e-01
312 3.468838e+02 2.643565e+02 3.038956e+01 6.313380e-01 5.104185e-01
313 3.494085e+02 2.668296e+02 3.173638e+01 6.131967e-01 5.560600e-01
314 3.540312e+02 2.680453e+02 3.273003e+01 6.303109e-01 6.412377e-01
315 3.566777e+02 2.688474e+02 3.356041e+01 6.316606e-01 6.587406e-01
316 3.588886e+02 2.688712e+02 3.451450e+01 5.965784e-01 6.043149e-01
317 3.633344e+02 2.693793e+02 3.572154e+01 5.645798e-01 5.419565e-01
318 3.610528e+02 2.698593e+02 3.701709e+01 5.566286e-01 6.116504e-01
319 3.585451e+02 2.703109e+02 3.818825e+01 6.339475e-01 6.345319e-01
320 3.596346e+02 2.740779e+02 3.921632e+01 6.297400e-01 6.375837e-01
321 3.593571e+02 2.757873e+02 4.031716e+01 6.299841e-01 5.905548e-01
322 3.569177e+02 2.751801e+02 4.143979e+01 7.709587e-01 6.730554e-01
323 3.600499e+02 2.741994e+02 4.228342e+01 8.876402e-01 7.023127e-01
324 3.625395e+02 2.735012e+02 4.325475e+01 8.404413e-01 7.301653e-01
325 3.608833e+02 2.740787e+02 4.422645e+01 9.179743e-01 6.910383e-01
326 3.604397e+02 2.747389e+02 4.490374e+01 9.502374e-01 6.789564e-01
327 3.595750e+02 2.784978e+02 4.522009e+01 1.090233e+00 5.968805e-01
328 3.600402e+02 2.803096e+02 4.592255e+01 1.205069e+00 5.981632e-01
329 3.593970e+02 2.809046e+02 4.665063e+01 1.324016e+00 5.493406e-01
330 3.582484e+02 2.824484e+02 4.760165e+01 1.398764e+00 5.535075e-01
331 3.568159e+02 2.851990e+02 4.819057e+01 1.163829e+00 4.291514e-01
332 3.430658e+02 2.898501e+02 4.758601e+01 8.341044e-01 2.292197e-01
333 3.371193e+02 2.935507e+02 4.739690e+01 9.245450e-01 2.120643e-01
334 3.273475e+02 2.978354e+02 4.768368e+01 9.575785e-01 1.760270e-01
335 3.141554e+02 3.029950e+02 4.796916e+01 8.943853e-01 9.705798e-02
336 2.990823e+02 3.068119e+02 4.811892e+01 8.969943e-01 7.175677e-02
337 2.991525e+02 3.119805e+02 4.724608e+01 1.940944e+00 1.055075e-01
338 3.337668e+02 3.211232e+02 4.600345e+01 2.113458e+00 9.283422e-02
339 3.460633e+02 3.165163e+02 4.573648e+01 2.088696e+00 7.050489e-02
340 3.383435e+02 3.177626e+02 4.639884e+01 2.289200e+00 5.599737e-02
341 3.161563e+02 3.179203e+02 4.720894e+01 2.873745e+00 6.973049e-02
342 3.089380e+02 3.168729e+02 4.693896e+01 3.615614e+00 1.612092e-02
result for iter 3: 4.984254e-01 2.237675e-01
iter 4
294 3.299982e+02 2.619931e+02 2.299997e+01 6.520965e-01 7.655976e-01
295 3.302068e+02 2.619109e+02 2.285899e+01 7.262334e-01 6.631933e-01
296 3.319448e+02 2.612525e+02 2.271081e+01 7.037407e-01 6.655084e-01
297 3.322499e+02 2.598384e+02 2.264988e+01 7.394574e-01 7.041686e-01
298 3.342707e+02 2.593217e+02 2.238320e+01 7.950052e-01 7.556976e-01
299 3.335875e+02 2.602786e+02 2.207958e+01 7.805890e-01 6.657103e-01
300 3.329124e+02 2.616130e+02 2.182625e+01 7.316838e-01 5.419764e-01
301 3.348160e+02 2.618018e+02 2.135515e+01 6.978475e-01 5.014769e-01
302 3.372341e+02 2.608482e+02 2.163034e+01 7.665030e-01 5.680236e-01
303 3.396276e+02 2.587756e+02 2.137627e+01 8.745629e-01 6.688829e-01
304 3.395932e+02 2.578623e+02 2.103764e+01 9.542753e-01 6.104581e-01
305 3.399065e+02 2.631963e+02 2.123109e+01 8.039530e-01 5.185015e-01
306 3.434687e+02 2.607694e+02 2.100197e+01 8.842599e-01 5.916875e-01
307 3.440429e+02 2.627326e+02 2.087573e+01 8.055875e-01 4.835700e-01
308 3.429826e+02 2.630913e+02 2.077062e+01 8.699805e-01 4.333400e-01
309 3.471238e+02 2.630194e+02 2.064233e+01 9.245310e-01 4.893762e-01
310 3.468125e+02 2.636970e+02 2.017540e+01 9.405164e-01 4.057449e-01
311 3.498368e+02 2.646480e+02 2.005875e+01 9.699570e-01 4.428942e-01
312 3.490700e+02 2.646077e+02 1.970946e+01 9.606914e-01 3.344361e-01
313 3.512257e+02 2.638521e+02 1.946034e+01 1.036935e+00 3.544312e-01
314 3.555571e+02 2.631349e+02 1.920668e+01 1.154912e+00 4.045992e-01
315 3.573673e+02 2.631395e+02 1.911663e+01 1.320532e+00 4.316044e-01
316 3.564194e+02 2.621775e+02 1.949777e+01 1.341153e+00 3.867547e-01
317 3.602337e+02 2.628935e+02 1.946730e+01 1.376318e+00 3.725460e-01
318 3.581548e+02 2.631812e+02 1.938224e+01 1.353276e+00 3.483310e-01
319 3.606161e+02 2.653475e+02 1.968840e+01 1.435369e+00 3.595474e-01
320 3.608064e+02 2.672613e+02 1.991705e+01 1.633189e+00 4.037112e-01
321 3.587539e+02 2.689106e+02 1.981452e+01 1.838190e+00 3.781140e-01
322 3.566931e+02 2.713852e+02 1.950155e+01 2.189400e+00 3.570482e-01
323 3.600154e+02 2.734990e+02 1.919466e+01 2.312537e+00 3.254224e-01
324 3.646169e+02 2.752914e+02 1.900383e+01 2.446259e+00 3.105446e-01
325 3.658837e+02 2.754087e+02 1.892489e+01 2.548509e+00 2.926028e-01
326 3.690750e+02 2.763301e+02 1.901798e+01 2.541527e+00 2.767298e-01
327 3.684105e+02 2.790144e+02 1.908769e+01 2.750221e+00 2.488848e-01
328 3.683224e+02 2.814443e+02 1.963322e+01 2.822498e+00 2.492391e-01
329 3.712909e+02 2.844614e+02 1.991778e+01 2.869778e+00 2.185310e-01
330 3.709753e+02 2.856283e+02 2.084106e+01 3.077856e+00 2.359735e-01
331 3.648789e+02 2.869976e+02 2.125674e+01 2.987780e+00 2.025176e-01
332 3.571380e+02 2.881847e+02 2.172516e+01 2.657101e+00 1.521973e-01
333 3.437967e+02 2.921463e+02 2.154444e+01 2.278183e+00 1.079689e-01
334 3.371628e+02 2.947992e+02 2.177392e+01 2.458877e+00 9.424873e-02
335 3.219875e+02 2.975796e+02 2.193974e+01 2.473296e+00 5.614633e-02
336 3.089831e+02 3.016827e+02 2.218232e+01 2.186239e+00 3.716661e-02
337 2.872861e+02 3.099630e+02 2.215977e+01 1.771056e+00 2.117881e-02
338 3.698600e+02 3.062270e+02 2.399910e+01 3.213535e+00 3.404555e-02
339 3.710405e+02 3.061539e+02 2.397445e+01 3.271525e+00 2.018773e-02
340 3.644809e+02 3.071825e+02 2.397120e+01 3.476391e+00 8.344598e-03
341 3.503228e+02 3.106397e+02 2.406613e+01 4.218807e+00 0.000000e+00
342 3.336825e+02 3.134849e+02 2.413200e+01 5.421982e+00 0.000000e+00
result for iter 4: 3.571196e-01 2.167378e-01
iter 5
294 3.349444e+02 2.580133e+02 2.300003e+01 6.521604e-01 7.739906e-01
295 3.306307e+02 2.571043e+02 2.300079e+01 6.309486e-01 7.670504e-01
296 3.291519e+02 2.564805e+02 2.299056e+01 6.796477e-01 6.501525e-01
297 3.307716e+02 2.578525e+02 2.293051e+01 7.599991e-01 7.507618e-01
298 3.342768e+02 2.592640e+02 2.290119e+01 8.201750e-01 7.758608e-01
299 3.343268e+02 2.599700e+02 2.278569e+01 7.449705e-01 7.254593e-01
300 3.338481e+02 2.602374e+02 2.280315e+01 7.346192e-01 6.502677e-01
301 3.354264e+02 2.626030e+02 2.251358e+01 5.889556e-01 4.896196e-01
302 3.351144e+02 2.631215e+02 2.233150e+01 6.333205e-01 4.515979e-01
303 3.366983e+02 2.653768e+02 2.240067e+01 6.905287e-01 4.486019e-01
304 3.391001e+02 2.656161e+02 2.224545e+01 6.285674e-01 4.671373e-01
305 3.399497e+02 2.655908e+02 2.228752e+01 6.339160e-01 4.538406e-01
306 3.431026e+02 2.609521e+02 2.177408e+01 8.383892e-01 6.089789e-01
307 3.438125e+02 2.589782e+02 2.148079e+01 9.232620e-01 5.517062e-01
308 3.436671e+02 2.582448e+02 2.108522e+01 1.040668e+00 5.099109e-01
309 3.461458e+02 2.593869e+02 2.073525e+01 1.094580e+00 5.206928e-01
310 3.463267e+02 2.593161e+02 2.088320e+01 1.177064e+00 4.953243e-01
311 3.501616e+02 2.604149e+02 2.054433e+01 1.214215e+00 5.255990e-01
312 3.507598e+02 2.622091e+02 1.960532e+01 1.117948e+00 4.237078e-01
313 3.508940e+02 2.628280e+02 1.914911e+01 1.119169e+00 3.590124e-01
314 3.541394e+02 2.598449e+02 1.955418e+01 1.239707e+00 3.915723e-01
315 3.571018e+02 2.610854e+02 1.930661e+01 1.343482e+00 4.115791e-01
316 3.579012e+02 2.639876e+02 1.866673e+01 1.445149e+00 4.121255e-01
317 3.575915e+02 2.664090e+02 2.088324e+01 1.179106e+00 3.986201e-01
318 3.571337e+02 2.644985e+02 2.211246e+01 1.175818e+00 4.166913e-01
319 3.581538e+02 2.656224e+02 2.252834e+01 1.265486e+00 4.195147e-01
320 3.599633e+02 2.665281e+02 2.288677e+01 1.374410e+00 4.367005e-01
321 3.585078e+02 2.675292e+02 2.324312e+01 1.465755e+00 4.503574e-01
322 3.560211e+02 2.711931e+02 2.363187e+01 1.736136e+00 4.351422e-01
323 3.594888e+02 2.753704e+02 2.395515e+01 1.843933e+00 3.841016e-01
324 3.632605e+02 2.774023e+02 2.417845e+01 1.786024e+00 3.710747e-01
325 3.665509e+02 2.774767e+02 2.442578e+01 1.886850e+00 3.574163e-01
326 3.694066e+02 2.784135e+02 2.448321e+01 1.934314e+00 3.380038e-01
327 3.647176e+02 2.806512e+02 2.444742e+01 2.015312e+00 3.063431e-01
328 3.635962e+02 2.816678e+02 2.469436e+01 2.140828e+00 3.118799e-01
329 3.676155e+02 2.821736e+02 2.489965e+01 2.463186e+00 2.860669e-01
330 3.697692e+02 2.837617e+02 2.501995e+01 2.869112e+00 2.909297e-01
331 3.691247e+02 2.849074e+02 2.577723e+01 2.867873e+00 2.541401e-01
332 3.568436e+02 2.864340e+02 2.799139e+01 2.233608e+00 2.123874e-01
333 3.457231e+02 2.879442e+02 2.954905e+01 1.963345e+00 1.750344e-01
334 3.370527e+02 2.905124e+02 3.066232e+01 2.021045e+00 1.536213e-01
335 3.247021e+02 2.933732e+02 3.139257e+01 1.916626e+00 8.667009e-02
336 3.075565e+02 2.984245e+02 3.221645e+01 1.711215e+00 5.960867e-02
337 3.785845e+02 2.941973e+02 2.845793e+01 2.026160e+00 3.177997e-02
338 3.747714e+02 2.971225e+02 2.747710e+01 3.831989e+00 4.758729e-02
339 3.674640e+02 2.991807e+02 2.731377e+01 3.891600e+00 3.269411e-02
340 3.594737e+02 3.021068e+02 2.708087e+01 3.810119e+00 1.704848e-02
341 3.473236e+02 3.044961e+02 2.713087e+01 4.213894e+00 8.724688e-04
342 3.335262e+02 3.088253e+02 2.684416e+01 4.841985e+00 0.000000e+00
result for iter 5: 3.854865e-01 2.117652e-01
iter 6
294 3.289533e+02 2.607999e+02 2.300004e+01 6.522238e-01 8.016375e-01
295 3.248918e+02 2.616622e+02 2.300461e+01 6.845558e-01 5.107475e-01
296 3.272287e+02 2.610603e+02 2.301423e+01 7.058957e-01 5.433785e-01
297 3.298193e+02 2.585674e+02 2.314044e+01 6.656102e-01 6.489493e-01
298 3.336319e+02 2.578863e+02 2.313573e+01 8.353134e-01 8.348300e-01
299 3.338737e+02 2.586667e+02 2.303304e+01 8.200406e-01 7.758890e-01
300 3.345921e+02 2.592479e+02 2.290413e+01 7.924390e-01 7.172990e-01
301 3.368200e+02 2.611242e+02 2.295788e+01 6.707149e-01 6.209986e-01
302 3.361218e+02 2.637381e+02 2.295574e+01 5.920378e-01 4.703742e-01
303 3.379081e+02 2.635520e+02 2.327922e+01 6.475955e-01 5.507065e-01
304 3.368006e+02 2.630337e+02 2.366632e+01 6.479144e-01 4.901495e-01
305 3.400504e+02 2.622534e+02 2.452548e+01 7.911701e-01 6.717808e-01
306 3.424841e+02 2.628505e+02 2.517107e+01 6.592521e-01 6.284649e-01
307 3.442759e+02 2.651372e+02 2.549960e+01 6.359402e-01 5.695687e-01
308 3.459549e+02 2.676100e+02 2.578187e+01 5.746263e-01 4.884358e-01
309 3.492152e+02 2.665259e+02 2.609176e+01 5.997004e-01 5.071601e-01
310 3.475329e+02 2.686309e+02 2.667430e+01 5.170403e-01 4.070286e-01
311 3.486676e+02 2.672627e+02 2.675098e+01 6.166015e-01 4.797159e-01
312 3.476838e+02 2.654280e+02 2.681329e+01 6.908982e-01 4.386983e-01
313 3.495068e+02 2.655411e+02 2.703315e+01 7.999294e-01 5.130701e-01
314 3.547860e+02 2.654699e+02 2.704525e+01 8.860643e-01 6.154869e-01
315 3.568790e+02 2.632671e+02 2.709266e+01 9.636786e-01 6.365699e-01
316 3.600402e+02 2.660795e+02 2.744395e+01 9.305703e-01 5.959845e-01
317 3.605998e+02 2.697060e+02 2.781735e+01 7.993643e-01 4.794981e-01
318 3.606018e+02 2.696217e+02 2.809917e+01 7.897580e-01 5.000509e-01
319 3.612401e+02 2.704702e+02 2.863696e+01 8.275398e-01 4.657829e-01
320 3.604587e+02 2.699924e+02 2.911066e+01 9.697964e-01 5.410370e-01
321 3.577982e+02 2.686762e+02 2.968683e+01 1.092087e+00 5.550543e-01
322 3.551635e+02 2.682592e+02 2.994512e+01 1.408830e+00 5.545393e-01
323 3.587276e+02 2.713552e+02 3.008281e+01 1.512903e+00 5.417091e-01
324 3.627376e+02 2.722213e+02 3.021574e+01 1.658791e+00 5.121312e-01
325 3.602313e+02 2.738935e+02 3.029473e+01 1.675501e+00 4.733552e-01
326 3.600646e+02 2.771363e+02 3.085333e+01 1.616480e+00 4.400456e-01
327 3.586462e+02 2.812192e+02 3.153084e+01 1.558679e+00 3.895405e-01
328 3.617827e+02 2.834235e+02 3.183486e+01 1.566550e+00 3.857719e-01
329 3.633176e+02 2.859772e+02 3.107258e+01 1.993634e+00 3.302711e-01
330 3.715186e+02 2.862217e+02 2.927142e+01 2.407781e+00 3.281686e-01
331 3.552225e+02 2.881443e+02 3.381954e+01 1.497428e+00 2.719435e-01
332 3.465786e+02 2.910782e+02 3.584322e+01 1.202897e+00 1.875493e-01
333 3.376923e+02 2.961964e+02 3.691303e+01 1.118932e+00 1.556693e-01
334 3.278097e+02 3.016701e+02 3.752304e+01 1.143245e+00 1.301371e-01
335 3.150831e+02 3.050155e+02 3.824620e+01 1.145425e+00 7.901791e-02
336 3.020053e+02 3.082754e+02 3.889491e+01 1.030780e+00 5.387569e-02
337 2.770522e+02 3.113865e+02 3.608065e+01 2.621912e+00 8.312000e-02
338 3.376050e+02 3.069604e+02 3.980538e+01 1.940329e+00 5.716836e-02
339 3.556571e+02 3.057648e+02 4.082632e+01 1.866810e+00 3.583992e-02
340 3.423008e+02 3.019364e+02 3.906266e+01 2.985120e+00 4.643031e-02
341 3.291696e+02 2.990986e+02 3.632970e+01 4.288802e+00 4.187922e-02
342 3.231646e+02 2.989710e+02 3.593077e+01 4.561113e+00 0.000000e+00
result for iter 6: 4.317655e-01 2.202559e-01
iter 7
294 3.329535e+02 2.589950e+02 2.299997e+01 6.521399e-01 9.147143e-01
295 3.332727e+02 2.577718e+02 2.295007e+01 7.241681e-01 9.469688e-01
296 3.322078e+02 2.564643e+02 2.289336e+01 8.088997e-01 8.796668e-01
297 3.312384e+02 2.574133e+02 2.272034e+01 8.879808e-01 7.657467e-01
298 3.325485e+02 2.588034e+02 2.237615e+01 8.600401e-01 7.284076e-01
299 3.329642e+02 2.611980e+02 2.207114e+01 7.624558e-01 6.088986e-01
300 3.342042e+02 2.594439e+02 2.165609e+01 8.400593e-01 6.553928e-01
301 3.377666e+02 2.607982e+02 2.107935e+01 7.370670e-01 5.997792e-01
302 3.383950e+02 2.608227e+02 2.092079e+01 7.838107e-01 5.633131e-01
303 3.387981e+02 2.623037e+02 2.057396e+01 7.709061e-01 5.297446e-01
304 3.381166e+02 2.621562e+02 2.052739e+01 7.691862e-01 4.574520e-01
305 3.395517e+02 2.636382e+02 2.038881e+01 7.869547e-01 4.569144e-01
306 3.424462e+02 2.624453e+02 2.015386e+01 8.614443e-01 5.227118e-01
307 3.450472e+02 2.619697e+02 1.968556e+01 9.444480e-01 5.041232e-01
308 3.442646e+02 2.610045e+02 1.936561e+01 1.031261e+00 4.757852e-01
309 3.451003e+02 2.597490e+02 1.920528e+01 1.168757e+00 4.556500e-01
310 3.442755e+02 2.619059e+02 1.921208e+01 1.026030e+00 3.437996e-01
311 3.474802e+02 2.601960e+02 1.875166e+01 1.151746e+00 3.490239e-01
312 3.484100e+02 2.609136e+02 1.843739e+01 1.176174e+00 3.219399e-01
313 3.511206e+02 2.628657e+02 1.840960e+01 1.206655e+00 3.609502e-01
314 3.548265e+02 2.623910e+02 1.842507e+01 1.266878e+00 3.977805e-01
315 3.564169e+02 2.626677e+02 1.811109e+01 1.385095e+00 3.983317e-01
316 3.568593e+02 2.632243e+02 1.716477e+01 1.461912e+00 3.403428e-01
317 3.564253e+02 2.639376e+02 1.681282e+01 1.499573e+00 3.147475e-01
318 3.571177e+02 2.645113e+02 1.632586e+01 1.544272e+00 2.974896e-01
319 3.602411e+02 2.654123e+02 1.565520e+01 1.790255e+00 2.840833e-01
320 3.636808e+02 2.649324e+02 1.477726e+01 2.138177e+00 2.678077e-01
321 3.601018e+02 2.673012e+02 1.473005e+01 2.250297e+00 2.756420e-01
322 3.579456e+02 2.696324e+02 1.430852e+01 2.913963e+00 2.649726e-01
323 3.600102e+02 2.718201e+02 1.416143e+01 3.425065e+00 2.517734e-01
324 3.620910e+02 2.741723e+02 1.389448e+01 3.753753e+00 2.343722e-01
325 3.663333e+02 2.760728e+02 1.349747e+01 4.018594e+00 2.050966e-01
326 3.686131e+02 2.771696e+02 1.284092e+01 4.153015e+00 1.829907e-01
327 3.669692e+02 2.784146e+02 1.272020e+01 4.279270e+00 1.682281e-01
328 3.734515e+02 2.772556e+02 1.258058e+01 4.924833e+00 1.723368e-01
329 3.770619e+02 2.782963e+02 1.224958e+01 5.313130e+00 1.514686e-01
330 3.792294e+02 2.771002e+02 1.225237e+01 5.994390e+00 1.424694e-01
331 3.787331e+02 2.766072e+02 1.255176e+01 6.714714e+00 1.335294e-01
332 3.746227e+02 2.745928e+02 1.246261e+01 7.406369e+00 1.209962e-01
333 3.710031e+02 2.747339e+02 1.263424e+01 7.656209e+00 1.070699e-01
334 3.668061e+02 2.771197e+02 1.318478e+01 7.792447e+00 9.898595e-02
335 3.663727e+02 2.806222e+02 1.431692e+01 7.127754e+00 5.919452e-02
336 3.904976e+02 2.774575e+02 1.371025e+01 7.363429e+00 3.714233e-02
337 3.865732e+02 2.778572e+02 1.509719e+01 7.028461e+00 2.866466e-02
338 3.875742e+02 2.781637e+02 1.608025e+01 6.894346e+00 2.062822e-02
339 3.762613e+02 2.821118e+02 1.696278e+01 6.724187e+00 1.710332e-02
340 3.664832e+02 2.897905e+02 1.799346e+01 6.619615e+00 8.661295e-03
341 3.567598e+02 2.938833e+02 1.842600e+01 7.046846e+00 0.000000e+00
342 3.400760e+02 2.970248e+02 1.870237e+01 7.086774e+00 0.000000e+00
result for iter 7: 3.351611e-01 2.476612e-01
iter 8
294 3.319881e+02 2.600991e+02 2.300002e+01 6.521744e-01 8.869157e-01
295 3.316835e+02 2.595122e+02 2.298302e+01 6.373053e-01 8.551778e-01
296 3.312060e+02 2.597272e+02 2.298123e+01 6.669869e-01 7.240630e-01
297 3.307007e+02 2.586565e+02 2.288949e+01 7.656334e-01 7.114945e-01
298 3.328545e+02 2.591051e+02 2.308290e+01 8.584574e-01 7.502625e-01
299 3.344251e+02 2.601117e+02 2.311562e+01 7.740656e-01 7.364113e-01
300 3.333763e+02 2.595238e+02 2.308926e+01 7.988601e-01 6.722914e-01
301 3.357919e+02 2.611722e+02 2.243039e+01 6.878427e-01 5.777789e-01
302 3.363567e+02 2.628227e+02 2.252055e+01 6.442031e-01 4.973457e-01
303 3.389649e+02 2.644966e+02 2.202600e+01 6.046558e-01 4.819987e-01
304 3.373525e+02 2.640601e+02 2.158957e+01 5.783310e-01 3.678540e-01
305 3.377354e+02 2.639958e+02 2.097125e+01 7.343268e-01 4.083784e-01
306 3.419430e+02 2.617180e+02 2.052286e+01 8.279502e-01 5.080836e-01
307 3.447549e+02 2.608787e+02 2.008431e+01 8.831858e-01 4.907147e-01
308 3.454583e+02 2.615289e+02 2.009377e+01 8.861552e-01 4.575363e-01
309 3.478124e+02 2.629428e+02 1.994853e+01 9.509193e-01 4.700778e-01
310 3.460596e+02 2.638358e+02 1.957267e+01 9.262876e-01 3.599909e-01
311 3.495370e+02 2.648384e+02 1.927625e+01 9.638390e-01 3.999261e-01
312 3.495870e+02 2.644622e+02 1.879141e+01 1.055255e+00 3.418721e-01
313 3.517693e+02 2.649414e+02 1.836846e+01 1.192037e+00 3.719473e-01
314 3.551240e+02 2.623334e+02 1.781495e+01 1.437186e+00 4.218884e-01
315 3.558881e+02 2.614771e+02 1.761677e+01 1.484410e+00 3.854093e-01
316 3.567988e+02 2.615834e+02 1.755415e+01 1.560634e+00 3.579341e-01
317 3.580732e+02 2.624404e+02 1.765656e+01 1.578212e+00 3.463729e-01
318 3.592281e+02 2.632989e+02 1.773123e+01 1.615105e+00 3.545780e-01
319 3.625789e+02 2.646321e+02 1.773820e+01 1.671394e+00 3.321150e-01
320 3.634019e+02 2.651529e+02 1.773445e+01 1.717885e+00 3.107750e-01
321 3.577466e+02 2.672951e+02 1.796245e+01 1.716363e+00 3.120651e-01
322 3.556642e+02 2.684431e+02 1.812917e+01 1.718560e+00 2.823960e-01
323 3.587824e+02 2.701160e+02 1.805321e+01 1.987502e+00 3.104688e-01
324 3.642939e+02 2.704793e+02 1.834780e+01 2.610423e+00 3.109797e-01
325 3.672584e+02 2.738470e+02 1.907196e+01 2.711340e+00 2.979993e-01
326 3.696422e+02 2.762088e+02 1.951613e+01 2.783436e+00 2.848251e-01
327 3.641213e+02 2.774496e+02 2.008860e+01 2.854135e+00 2.716975e-01
328 3.656084e+02 2.784837e+02 2.070594e+01 2.766140e+00 2.807241e-01
329 3.697123e+02 2.787925e+02 2.138791e+01 2.865067e+00 2.620670e-01
330 3.717928e+02 2.784935e+02 2.182782e+01 3.200901e+00 2.538118e-01
331 3.685064e+02 2.794710e+02 2.319640e+01 3.328239e+00 2.467702e-01
332 3.576897e+02 2.871519e+02 2.420280e+01 2.635648e+00 1.873662e-01
333 3.458598e+02 2.934769e+02 2.433851e+01 2.063770e+00 1.248214e-01
334 3.376889e+02 2.980329e+02 2.479847e+01 2.124863e+00 1.056443e-01
335 3.198081e+02 3.029536e+02 2.445643e+01 2.053731e+00 5.793112e-02
336 3.074651e+02 3.053047e+02 2.439194e+01 1.944568e+00 3.997214e-02
337 2.881128e+02 3.095189e+02 2.402241e+01 3.701940e+00 5.202372e-02
338 2.668015e+02 3.128414e+02 2.309211e+01 4.828348e+00 5.240453e-02
339 2.617887e+02 3.111041e+02 2.282721e+01 5.680027e+00 4.985010e-02
340 3.246845e+02 3.103872e+02 2.571570e+01 6.232740e+00 6.437923e-02
341 3.245362e+02 3.101874e+02 2.574664e+01 6.239889e+00 6.186290e-02
342 3.265325e+02 3.104118e+02 2.575001e+01 6.247352e+00 0.000000e+00
result for iter 8: 3.569235e-01 2.180440e-01
iter 9
294 3.300479e+02 2.589849e+02 2.300000e+01 6.521789e-01 9.576389e-01
295 3.295858e+02 2.592700e+02 2.301690e+01 7.067583e-01 7.903055e-01
296 3.302642e+02 2.593494e+02 2.309930e+01 7.136561e-01 7.144261e-01
297 3.314488e+02 2.593719e+02 2.324811e+01 7.569697e-01 7.187849e-01
298 3.337459e+02 2.595488e+02 2.315769e+01 7.987640e-01 7.627325e-01
299 3.335123e+02 2.602260e+02 2.311900e+01 7.117562e-01 6.872265e-01
300 3.335473e+02 2.601443e+02 2.384027e+01 6.988264e-01 6.697773e-01
301 3.347906e+02 2.601896e+02 2.428950e+01 6.542165e-01 6.203243e-01
302 3.373320e+02 2.599487e+02 2.438242e+01 7.147153e-01 6.785875e-01
303 3.399525e+02 2.614484e+02 2.502350e+01 6.524076e-01 7.030100e-01
304 3.384211e+02 2.639777e+02 2.484744e+01 5.733028e-01 5.208831e-01
305 3.400419e+02 2.659392e+02 2.539959e+01 5.456058e-01 5.156451e-01
306 3.414063e+02 2.633232e+02 2.603437e+01 6.328351e-01 6.185426e-01
307 3.446386e+02 2.621435e+02 2.643366e+01 7.021105e-01 6.757458e-01
308 3.458581e+02 2.629051e+02 2.631184e+01 7.347858e-01 6.505135e-01
309 3.485069e+02 2.634839e+02 2.629329e+01 7.197608e-01 6.181332e-01
310 3.468301e+02 2.647216e+02 2.604207e+01 6.934447e-01 5.058096e-01
311 3.484579e+02 2.648048e+02 2.584296e+01 7.313762e-01 5.255240e-01
312 3.479019e+02 2.650978e+02 2.561318e+01 7.384871e-01 4.283757e-01
313 3.508367e+02 2.649621e+02 2.508229e+01 8.656154e-01 5.009434e-01
314 3.552717e+02 2.652004e+02 2.472401e+01 9.679022e-01 5.618762e-01
315 3.557564e+02 2.648888e+02 2.482607e+01 9.436560e-01 5.385252e-01
316 3.562101e+02 2.653138e+02 2.514779e+01 9.353031e-01 5.029730e-01
317 3.591215e+02 2.665868e+02 2.569499e+01 9.038591e-01 4.626026e-01
318 3.560519e+02 2.639661e+02 2.560493e+01 1.003125e+00 4.650997e-01
319 3.582937e+02 2.647841e+02 2.538432e+01 1.181821e+00 4.840596e-01
320 3.601076e+02 2.652016e+02 2.396933e+01 1.390348e+00 4.659306e-01
321 3.598397e+02 2.654747e+02 2.343365e+01 1.587869e+00 4.594834e-01
322 3.567708e+02 2.683156e+02 2.291915e+01 1.673785e+00 4.244287e-01
323 3.601593e+02 2.691009e+02 2.243648e+01 1.955016e+00 4.079360e-01
324 3.607850e+02 2.694882e+02 2.220795e+01 2.126815e+00 3.764060e-01
325 3.607976e+02 2.718104e+02 2.199918e+01 1.997870e+00 3.437372e-01
326 3.598749e+02 2.734715e+02 2.186521e+01 1.984244e+00 3.352730e-01
327 3.616456e+02 2.780078e+02 2.206233e+01 2.319430e+00 2.945678e-01
328 3.659896e+02 2.808027e+02 2.224393e+01 2.501306e+00 2.865408e-01
329 3.707258e+02 2.832288e+02 2.293619e+01 2.587633e+00 2.580382e-01
330 3.759774e+02 2.856486e+02 2.399691e+01 2.775151e+00 2.716141e-01
331 3.733359e+02 2.876178e+02 2.499043e+01 2.890838e+00 2.356283e-01
332 3.647115e+02 2.872550e+02 2.590023e+01 2.942971e+00 2.349409e-01
333 3.608642e+02 2.871955e+02 2.652120e+01 3.099916e+00 2.188107e-01
334 3.578769e+02 2.877979e+02 2.452763e+01 3.772191e+00 1.828360e-01
335 3.495797e+02 2.886177e+02 2.726338e+01 3.177636e+00 1.031837e-01
336 3.739414e+02 2.864015e+02 3.045983e+01 2.406480e+00 6.282919e-02
337 3.865659e+02 2.790148e+02 3.085951e+01 2.970369e+00 3.691053e-02
338 3.729384e+02 2.800772e+02 3.243126e+01 3.199526e+00 4.009570e-02
339 3.623855e+02 2.807244e+02 3.330790e+01 3.657292e+00 3.893074e-02
340 3.503981e+02 2.821561e+02 3.396573e+01 4.216483e+00 3.711854e-02
341 3.321422e+02 2.840261e+02 3.463406e+01 4.818425e+00 3.362516e-02
342 3.205526e+02 2.844745e+02 3.515948e+01 5.567113e+00 0.000000e+00
result for iter 9: 4.291210e-01 2.360003e-01
iter 10
294 3.250003e+02 2.592933e+02 2.299999e+01 6.521762e-01 7.246881e-01
295 3.288812e+02 2.596979e+02 2.305988e+01 6.034889e-01 7.226778e-01
296 3.303734e+02 2.598942e+02 2.317680e+01 5.922928e-01 6.321145e-01
297 3.330101e+02 2.592837e+02 2.339039e+01 6.414461e-01 7.468649e-01
298 3.348970e+02 2.599829e+02 2.353683e+01 7.101485e-01 7.631433e-01
299 3.332566e+02 2.611438e+02 2.362354e+01 6.762602e-01 6.702012e-01
300 3.332404e+02 2.605636e+02 2.366276e+01 6.939595e-01 6.452100e-01
301 3.352871e+02 2.601932e+02 2.383653e+01 6.522955e-01 6.082214e-01
302 3.373459e+02 2.608840e+02 2.408299e+01 6.707389e-01 6.214376e-01
303 3.399709e+02 2.624516e+02 2.453338e+01 6.671363e-01 6.914902e-01
304 3.396384e+02 2.623248e+02 2.469870e+01 6.810391e-01 6.445786e-01
305 3.380354e+02 2.629159e+02 2.454469e+01 6.895870e-01 5.529092e-01
306 3.401888e+02 2.590213e+02 2.533322e+01 7.962311e-01 6.293863e-01
307 3.434899e+02 2.565011e+02 2.534547e+01 8.906478e-01 6.525287e-01
308 3.440779e+02 2.582037e+02 2.552644e+01 8.792430e-01 6.496427e-01
309 3.485414e+02 2.633106e+02 2.516829e+01 7.578986e-01 5.963791e-01
310 3.477046e+02 2.647554e+02 2.552463e+01 7.310968e-01 5.301822e-01
311 3.471242e+02 2.640332e+02 2.511522e+01 7.718428e-01 4.932630e-01
312 3.454381e+02 2.657815e+02 2.449118e+01 7.162908e-01 3.310847e-01
313 3.491121e+02 2.663929e+02 2.313115e+01 8.124279e-01 3.608774e-01
314 3.544724e+02 2.649524e+02 2.276995e+01 9.847646e-01 4.848729e-01
315 3.570230e+02 2.628678e+02 2.219501e+01 1.104575e+00 4.805588e-01
316 3.577672e+02 2.646344e+02 2.194516e+01 1.147146e+00 4.629509e-01
317 3.602515e+02 2.653372e+02 2.148229e+01 1.213692e+00 4.341903e-01
318 3.565838e+02 2.651432e+02 2.085536e+01 1.218527e+00 3.939608e-01
319 3.596315e+02 2.651475e+02 2.039051e+01 1.393710e+00 3.717873e-01
320 3.606721e+02 2.651160e+02 2.029775e+01 1.568576e+00 3.735448e-01
321 3.586080e+02 2.672811e+02 2.021675e+01 1.663807e+00 3.837899e-01
322 3.570473e+02 2.729575e+02 1.999654e+01 1.818206e+00 3.489869e-01
323 3.591681e+02 2.746137e+02 1.984786e+01 2.162898e+00 3.256250e-01
324 3.612741e+02 2.732806e+02 1.976035e+01 2.430596e+00 3.349213e-01
325 3.648835e+02 2.746483e+02 1.945569e+01 2.525409e+00 3.039951e-01
326 3.690331e+02 2.769833e+02 1.897068e+01 2.536798e+00 2.716079e-01
327 3.676785e+02 2.797969e+02 1.845314e+01 2.755885e+00 2.361264e-01
328 3.713821e+02 2.816192e+02 1.767148e+01 2.993422e+00 2.234344e-01
329 3.739076e+02 2.843060e+02 1.695529e+01 3.453335e+00 1.866230e-01
330 3.768808e+02 2.846095e+02 1.638357e+01 4.018984e+00 1.886338e-01
331 3.758988e+02 2.858172e+02 1.646426e+01 4.649869e+00 1.599444e-01
332 3.707439e+02 2.872668e+02 1.614023e+01 5.033146e+00 1.463849e-01
333 3.679390e+02 2.876573e+02 1.636852e+01 5.217979e+00 1.342751e-01
334 3.660643e+02 2.901138e+02 1.506656e+01 5.948101e+00 1.091622e-01
335 3.622865e+02 2.914083e+02 1.556422e+01 5.857638e+00 6.428417e-02
336 3.705718e+02 2.848890e+02 1.931812e+01 4.904200e+00 5.314680e-02
337 3.835182e+02 2.845608e+02 1.963933e+01 4.863158e+00 3.542485e-02
338 3.738557e+02 2.910593e+02 1.688236e+01 5.842299e+00 2.617193e-02
339 3.756031e+02 2.908970e+02 1.721763e+01 6.253763e+00 1.859347e-02
340 3.633505e+02 2.874251e+02 1.739140e+01 7.318691e+00 1.389038e-02
341 3.518650e+02 2.878974e+02 1.738849e+01 8.244185e+00 0.000000e+00
342 3.371839e+02 2.892668e+02 1.766186e+01 9.051752e+00 0.000000e+00
result for iter 10: 3.843626e-01 2.369370e-01
iter 11
294 3.224853e+02 2.656665e+02 2.299999e+01 6.521947e-01 3.498825e-01
295 3.275980e+02 2.654542e+02 2.326691e+01 5.195533e-01 4.198342e-01
296 3.260077e+02 2.684243e+02 2.331227e+01 5.009154e-01 2.433593e-01
297 3.294685e+02 2.651966e+02 2.314257e+01 6.498128e-01 4.054492e-01
298 3.270200e+02 2.651679e+02 2.323209e+01 6.115210e-01 3.563652e-01
299 3.282162e+02 2.641531e+02 2.311690e+01 5.321489e-01 3.818260e-01
300 3.326763e+02 2.634368e+02 2.318699e+01 5.785190e-01 5.008422e-01
301 3.367025e+02 2.628254e+02 2.300555e+01 5.655410e-01 5.230259e-01
302 3.372459e+02 2.633741e+02 2.309765e+01 6.219930e-01 5.270951e-01
303 3.390898e+02 2.648038e+02 2.343777e+01 6.321803e-01 5.513914e-01
304 3.384655e+02 2.657048e+02 2.366395e+01 5.355535e-01 4.397037e-01
305 3.391972e+02 2.657693e+02 2.380655e+01 5.819406e-01 4.618812e-01
306 3.421520e+02 2.627447e+02 2.394986e+01 7.633051e-01 6.487359e-01
307 3.445131e+02 2.587899e+02 2.399189e+01 9.058549e-01 6.782177e-01
308 3.443853e+02 2.583629e+02 2.402478e+01 9.282845e-01 6.186231e-01
309 3.485071e+02 2.605898e+02 2.394044e+01 9.127267e-01 6.376460e-01
310 3.455144e+02 2.634849e+02 2.392775e+01 7.375619e-01 4.261428e-01
311 3.485773e+02 2.650749e+02 2.421305e+01 6.793377e-01 4.289186e-01
312 3.465262e+02 2.703595e+02 2.462871e+01 5.252657e-01 2.608423e-01
313 3.535037e+02 2.702610e+02 2.473404e+01 6.751773e-01 4.260706e-01
314 3.576305e+02 2.707702e+02 2.473000e+01 7.590236e-01 4.408340e-01
315 3.572717e+02 2.710649e+02 2.467061e+01 7.824526e-01 4.409548e-01
316 3.581858e+02 2.712650e+02 2.491129e+01 8.105669e-01 4.277340e-01
317 3.613911e+02 2.711775e+02 2.512999e+01 7.978107e-01 3.905667e-01
318 3.595479e+02 2.691675e+02 2.512442e+01 8.773681e-01 4.441269e-01
319 3.611318e+02 2.678046e+02 2.623994e+01 1.040808e+00 4.918550e-01
320 3.627355e+02 2.668264e+02 2.696614e+01 1.152987e+00 5.133691e-01
321 3.595460e+02 2.670030e+02 2.733761e+01 1.236231e+00 5.170909e-01
322 3.566888e+02 2.689146e+02 2.734715e+01 1.229851e+00 4.698989e-01
323 3.593496e+02 2.707395e+02 2.819848e+01 1.385581e+00 5.126997e-01
324 3.602113e+02 2.744130e+02 2.869515e+01 1.554331e+00 4.807792e-01
325 3.600101e+02 2.778735e+02 2.942066e+01 1.547439e+00 4.258276e-01
326 3.600016e+02 2.801614e+02 3.020152e+01 1.537783e+00 3.980617e-01
327 3.588731e+02 2.817025e+02 3.063166e+01 1.584394e+00 3.738346e-01
328 3.593585e+02 2.825654e+02 3.121802e+01 1.641476e+00 3.861044e-01
329 3.613568e+02 2.852008e+02 3.231179e+01 1.740979e+00 3.491134e-01
330 3.613621e+02 2.845179e+02 3.327406e+01 1.908829e+00 3.836757e-01
331 3.565136e+02 2.840852e+02 3.421106e+01 1.649956e+00 3.066217e-01
332 3.502367e+02 2.878295e+02 3.473394e+01 1.241505e+00 1.817730e-01
333 3.411547e+02 2.952830e+02 3.581100e+01 1.238239e+00 1.621351e-01
334 3.282183e+02 3.059443e+02 3.688464e+01 1.041225e+00 1.145252e-01
335 3.135874e+02 3.086248e+02 3.772831e+01 9.697704e-01 6.510075e-02
336 2.999949e+02 3.100916e+02 3.822372e+01 9.946200e-01 5.020704e-02
337 2.855837e+02 3.110004e+02 3.819297e+01 2.191510e+00 7.784831e-02
338 3.097157e+02 3.090356e+02 3.793449e+01 2.752348e+00 7.751030e-02
339 3.491558e+02 3.032148e+02 3.801914e+01 3.075159e+00 6.822772e-02
340 3.440097e+02 3.049271e+02 3.810266e+01 3.312723e+00 5.079531e-02
341 3.321035e+02 3.077421e+02 3.895469e+01 3.551373e+00 3.172256e-02
342 3.204704e+02 3.104212e+02 3.932330e+01 3.913101e+00 0.000000e+00
result for iter 11: 3.656907e-01 1.773354e-01
iter 12
294 3.307071e+02 2.580108e+02 2.299992e+01 6.522056e-01 9.221621e-01
295 3.315158e+02 2.578236e+02 2.307745e+01 8.002541e-01 8.481953e-01
296 3.330717e+02 2.578916e+02 2.317003e+01 8.651523e-01 8.470114e-01
297 3.326682e+02 2.573532e+02 2.333667e+01 8.221795e-01 8.629226e-01
298 3.334145e+02 2.583600e+02 2.360349e+01 7.980834e-01 8.219369e-01
299 3.323504e+02 2.585278e+02 2.402101e+01 7.273133e-01 7.204555e-01
300 3.335358e+02 2.584882e+02 2.427780e+01 7.674805e-01 7.590416e-01
301 3.352534e+02 2.594112e+02 2.527273e+01 6.533021e-01 6.887462e-01
302 3.363184e+02 2.583267e+02 2.592687e+01 7.195492e-01 7.427111e-01
303 3.380042e+02 2.583302e+02 2.646807e+01 7.388981e-01 7.969296e-01
304 3.382151e+02 2.628593e+02 2.720101e+01 5.726208e-01 6.244692e-01
305 3.401864e+02 2.647080e+02 2.726989e+01 5.349687e-01 5.894761e-01
306 3.434215e+02 2.606332e+02 2.800679e+01 6.804156e-01 8.040447e-01
307 3.450603e+02 2.607647e+02 2.796067e+01 7.346602e-01 7.911244e-01
308 3.447901e+02 2.620984e+02 2.820893e+01 6.842630e-01 6.911086e-01
309 3.473562e+02 2.645467e+02 2.850952e+01 6.200233e-01 6.260254e-01
310 3.478040e+02 2.645634e+02 2.853319e+01 6.141759e-01 5.592262e-01
311 3.503015e+02 2.644144e+02 2.859421e+01 6.555469e-01 6.132657e-01
312 3.496675e+02 2.653350e+02 2.870044e+01 6.461192e-01 5.146987e-01
313 3.513386e+02 2.621200e+02 2.901362e+01 7.822432e-01 6.051484e-01
314 3.540317e+02 2.613220e+02 2.929386e+01 8.453628e-01 6.422384e-01
315 3.546999e+02 2.621136e+02 2.944762e+01 8.480104e-01 6.294559e-01
316 3.543699e+02 2.635919e+02 2.952263e+01 8.783006e-01 6.155964e-01
317 3.572825e+02 2.649937e+02 3.017130e+01 8.588338e-01 6.059025e-01
318 3.557857e+02 2.669694e+02 3.112200e+01 7.714327e-01 5.943088e-01
319 3.585493e+02 2.688276e+02 3.189971e+01 8.166551e-01 5.703652e-01
320 3.627238e+02 2.711953e+02 3.241472e+01 8.079838e-01 5.588939e-01
321 3.597397e+02 2.722613e+02 3.284101e+01 8.824796e-01 5.488940e-01
322 3.568564e+02 2.728150e+02 3.331103e+01 1.120476e+00 5.839410e-01
323 3.612395e+02 2.750036e+02 3.367445e+01 1.223583e+00 5.460128e-01
324 3.572581e+02 2.763073e+02 3.483829e+01 1.202367e+00 5.526338e-01
325 3.571709e+02 2.777877e+02 3.538369e+01 1.157493e+00 5.133516e-01
326 3.601300e+02 2.796266e+02 3.583125e+01 1.225799e+00 4.791178e-01
327 3.579923e+02 2.833070e+02 3.584403e+01 1.345714e+00 4.195863e-01
328 3.575996e+02 2.841306e+02 3.627657e+01 1.422576e+00 4.321199e-01
329 3.571202e+02 2.842536e+02 3.676693e+01 1.534916e+00 4.051207e-01
330 3.573863e+02 2.836858e+02 3.736773e+01 1.592289e+00 4.147875e-01
331 3.532687e+02 2.850420e+02 3.806306e+01 1.282108e+00 2.949370e-01
332 3.457689e+02 2.889849e+02 3.900660e+01 1.011486e+00 1.867707e-01
333 3.367843e+02 2.934203e+02 3.934395e+01 1.121175e+00 1.772022e-01
334 3.279877e+02 2.979732e+02 3.995371e+01 1.200102e+00 1.548809e-01
335 3.140986e+02 3.048780e+02 4.061441e+01 1.022231e+00 7.952278e-02
336 2.993323e+02 3.086479e+02 4.094995e+01 1.030596e+00 5.970856e-02
337 2.707776e+02 3.122454e+02 4.082825e+01 2.166236e+00 8.793591e-02
338 2.592660e+02 3.135421e+02 4.109127e+01 2.505842e+00 8.657517e-02
339 3.344860e+02 3.230513e+02 4.071363e+01 3.133877e+00 9.649837e-02
340 3.364002e+02 3.235770e+02 4.072738e+01 3.182156e+00 7.945720e-02
341 3.300686e+02 3.238760e+02 4.064442e+01 3.219450e+00 3.979582e-02
342 3.195524e+02 3.243407e+02 4.057048e+01 3.459268e+00 0.000000e+00
result for iter 12: 5.078431e-01 2.566977e-01
iter 13
294 3.310007e+02 2.609329e+02 2.300008e+01 6.522119e-01 8.710585e-01
295 3.334943e+02 2.530097e+02 2.287728e+01 6.445028e-01 5.716776e-01
296 3.335926e+02 2.534328e+02 2.268832e+01 8.568196e-01 7.694925e-01
297 3.327981e+02 2.546175e+02 2.247436e+01 9.940089e-01 7.626499e-01
298 3.342868e+02 2.566465e+02 2.216938e+01 9.997378e-01 8.526683e-01
299 3.325513e+02 2.588258e+02 2.222222e+01 8.729609e-01 6.906782e-01
300 3.341862e+02 2.602799e+02 2.219318e+01 7.697354e-01 6.405001e-01
301 3.370154e+02 2.616748e+02 2.243369e+01 6.457405e-01 5.754053e-01
302 3.373882e+02 2.633164e+02 2.260085e+01 6.221613e-01 5.077116e-01
303 3.392046e+02 2.616023e+02 2.181298e+01 8.065287e-01 6.304430e-01
304 3.396587e+02 2.602284e+02 2.096449e+01 9.053434e-01 6.115755e-01
305 3.415423e+02 2.612342e+02 2.131912e+01 8.856064e-01 6.251932e-01
306 3.416380e+02 2.574682e+02 1.886274e+01 1.140187e+00 4.832255e-01
307 3.416058e+02 2.598551e+02 1.869989e+01 1.031371e+00 4.299117e-01
308 3.432746e+02 2.604114e+02 1.834279e+01 1.038288e+00 4.047047e-01
309 3.458778e+02 2.605976e+02 1.820535e+01 1.139085e+00 4.315358e-01
310 3.459630e+02 2.608922e+02 1.802743e+01 1.170361e+00 3.779852e-01
311 3.490122e+02 2.601618e+02 1.802854e+01 1.293202e+00 3.992351e-01
312 3.502105e+02 2.602722e+02 1.853460e+01 1.337213e+00 4.064101e-01
313 3.531934e+02 2.605489e+02 1.919335e+01 1.436035e+00 4.838616e-01
314 3.543933e+02 2.598861e+02 1.961426e+01 1.410141e+00 4.571988e-01
315 3.555710e+02 2.587956e+02 2.003450e+01 1.428117e+00 4.342138e-01
316 3.569261e+02 2.599060e+02 1.999728e+01 1.437016e+00 4.020272e-01
317 3.599411e+02 2.601949e+02 2.023408e+01 1.483227e+00 3.953748e-01
318 3.574578e+02 2.620217e+02 2.014815e+01 1.471795e+00 3.986910e-01
319 3.588928e+02 2.629672e+02 1.975273e+01 1.555307e+00 3.618229e-01
320 3.609464e+02 2.633864e+02 2.052563e+01 1.609071e+00 3.704286e-01
321 3.580880e+02 2.679317e+02 2.144330e+01 1.471435e+00 3.893443e-01
322 3.550917e+02 2.725882e+02 2.195957e+01 1.390772e+00 3.652840e-01
323 3.580101e+02 2.739968e+02 2.108750e+01 1.722919e+00 3.523548e-01
324 3.590054e+02 2.732426e+02 2.003005e+01 2.426540e+00 3.394924e-01
325 3.607887e+02 2.752032e+02 1.973886e+01 2.673948e+00 3.068125e-01
326 3.602651e+02 2.758333e+02 2.380061e+01 2.085404e+00 3.505519e-01
327 3.607887e+02 2.750245e+02 2.654201e+01 2.264238e+00 3.789699e-01
328 3.626400e+02 2.745708e+02 2.786424e+01 2.259612e+00 3.817019e-01
329 3.627981e+02 2.766193e+02 2.854388e+01 2.371836e+00 3.613150e-01
330 3.646025e+02 2.794427e+02 2.928576e+01 2.453147e+00 3.405322e-01
331 3.650672e+02 2.810382e+02 2.973127e+01 2.505437e+00 3.113893e-01
332 3.568825e+02 2.843710e+02 3.012154e+01 2.226784e+00 2.451913e-01
333 3.530191e+02 2.880753e+02 3.060989e+01 2.285961e+00 2.186915e-01
334 3.499201e+02 2.916765e+02 3.077476e+01 2.637000e+00 2.019133e-01
335 3.722175e+02 2.818572e+02 3.140968e+01 2.306652e+00 8.785404e-02
336 3.825191e+02 2.840362e+02 2.965180e+01 2.446048e+00 5.794922e-02
337 3.835534e+02 2.812322e+02 2.944524e+01 2.695257e+00 3.516086e-02
338 3.735937e+02 2.837483e+02 2.981490e+01 3.139040e+00 3.546007e-02
339 3.627839e+02 2.897830e+02 3.000585e+01 3.459654e+00 3.392266e-02
340 3.524950e+02 2.965226e+02 3.000533e+01 3.749442e+00 2.730179e-02
341 3.308858e+02 3.012419e+02 3.032416e+01 4.660832e+00 3.259871e-02
342 3.223363e+02 3.050939e+02 3.078279e+01 5.274039e+00 0.000000e+00
result for iter 13: 3.918260e-01 2.144749e-01
iter 14
294 3.320003e+02 2.570003e+02 2.300002e+01 6.521804e-01 8.289971e-01
295 3.337072e+02 2.574096e+02 2.296387e+01 5.932340e-01 7.565959e-01
296 3.331606e+02 2.578942e+02 2.288950e+01 5.964414e-01 6.677199e-01
297 3.329380e+02 2.580907e+02 2.285100e+01 7.847760e-01 8.187463e-01
298 3.350964e+02 2.586379e+02 2.257397e+01 8.830221e-01 7.933817e-01
299 3.340229e+02 2.585858e+02 2.212636e+01 8.744701e-01 7.510800e-01
300 3.339447e+02 2.595217e+02 2.151705e+01 8.401365e-01 6.393939e-01
301 3.368554e+02 2.606247e+02 2.112023e+01 7.556141e-01 5.903445e-01
302 3.387969e+02 2.619598e+02 2.073110e+01 7.688161e-01 5.425624e-01
303 3.382492e+02 2.597792e+02 2.037665e+01 9.148659e-01 5.986589e-01
304 3.392180e+02 2.600160e+02 1.991933e+01 9.293784e-01 5.513439e-01
305 3.395037e+02 2.640287e+02 1.944699e+01 8.434969e-01 4.413498e-01
306 3.421925e+02 2.608321e+02 1.848079e+01 9.832367e-01 4.887448e-01
307 3.429550e+02 2.584181e+02 1.774788e+01 1.140810e+00 4.294233e-01
308 3.440913e+02 2.568165e+02 1.718214e+01 1.342975e+00 4.139468e-01
309 3.458195e+02 2.578481e+02 1.650038e+01 1.444935e+00 3.937516e-01
310 3.470014e+02 2.591416e+02 1.583786e+01 1.468230e+00 3.575320e-01
311 3.505269e+02 2.603897e+02 1.529234e+01 1.471247e+00 3.479879e-01
312 3.505967e+02 2.620012e+02 1.474314e+01 1.470374e+00 3.044007e-01
313 3.525246e+02 2.627887e+02 1.423340e+01 1.561507e+00 2.956392e-01
314 3.562475e+02 2.610671e+02 1.401148e+01 1.699824e+00 2.911957e-01
315 3.580927e+02 2.612691e+02 1.417792e+01 1.780297e+00 2.955044e-01
316 3.589339e+02 2.621649e+02 1.409531e+01 1.816967e+00 2.729841e-01
317 3.601917e+02 2.632053e+02 1.392064e+01 1.894737e+00 2.652613e-01
318 3.615005e+02 2.634847e+02 1.377991e+01 1.958367e+00 2.593624e-01
319 3.641504e+02 2.643899e+02 1.364806e+01 2.126004e+00 2.473486e-01
320 3.651627e+02 2.638269e+02 1.358198e+01 2.359777e+00 2.403212e-01
321 3.612657e+02 2.674861e+02 1.376138e+01 2.618724e+00 2.698310e-01
322 3.580107e+02 2.715843e+02 1.440042e+01 2.881398e+00 2.620918e-01
323 3.595580e+02 2.732752e+02 1.428094e+01 3.245467e+00 2.436871e-01
324 3.616425e+02 2.733405e+02 1.448206e+01 3.392105e+00 2.454587e-01
325 3.651509e+02 2.741479e+02 1.486393e+01 3.487305e+00 2.322489e-01
326 3.680825e+02 2.748629e+02 1.512656e+01 3.542894e+00 2.280464e-01
327 3.680074e+02 2.763798e+02 1.528226e+01 3.649722e+00 2.117694e-01
328 3.723430e+02 2.787297e+02 1.551752e+01 3.738265e+00 2.092684e-01
329 3.742162e+02 2.814344e+02 1.578116e+01 3.820908e+00 1.839434e-01
330 3.759723e+02 2.840572e+02 1.721435e+01 3.768202e+00 1.999821e-01
331 3.777469e+02 2.848164e+02 1.709154e+01 4.354280e+00 1.687540e-01
332 3.726010e+02 2.867479e+02 1.765480e+01 4.647367e+00 1.612330e-01
333 3.685058e+02 2.908497e+02 1.906191e+01 4.424356e+00 1.501564e-01
334 3.635368e+02 2.958895e+02 1.940007e+01 4.500071e+00 1.319226e-01
335 3.674096e+02 2.987022e+02 2.056859e+01 4.333046e+00 8.645392e-02
336 3.975828e+02 2.980854e+02 2.579209e+01 2.499246e+00 4.195932e-02
337 3.871237e+02 3.000747e+02 2.611101e+01 2.403441e+00 3.165995e-02
338 3.804441e+02 3.011203e+02 2.646633e+01 2.739213e+00 2.500889e-02
339 3.735127e+02 3.034052e+02 2.680509e+01 3.163735e+00 1.846712e-02
340 3.591617e+02 3.070251e+02 2.697205e+01 3.621225e+00 1.728617e-02
341 3.472063e+02 3.098242e+02 2.728013e+01 4.091538e+00 1.077534e-03
342 3.321624e+02 3.139367e+02 2.779978e+01 4.624552e+00 0.000000e+00
result for iter 14: 3.266099e-01 2.289560e-01
iter 15
294 3.273061e+02 2.537882e+02 2.299999e+01 6.521902e-01 5.477513e-01
295 3.282868e+02 2.545780e+02 2.301281e+01 6.227942e-01 5.483413e-01
296 3.340419e+02 2.569731e+02 2.304447e+01 6.841769e-01 7.750246e-01
297 3.317666e+02 2.583479e+02 2.306535e+01 7.265799e-01 7.708793e-01
298 3.327478e+02 2.598866e+02 2.325694e+01 7.515868e-01 7.177526e-01
299 3.332483e+02 2.599194e+02 2.345288e+01 7.306705e-01 7.157688e-01
300 3.340806e+02 2.598266e+02 2.343634e+01 7.421649e-01 6.945847e-01
301 3.352357e+02 2.602920e+02 2.305105e+01 7.087547e-01 6.137685e-01
302 3.369268e+02 2.611979e+02 2.404188e+01 6.822173e-01 6.186009e-01
303 3.386035e+02 2.600970e+02 2.502397e+01 7.356156e-01 7.498893e-01
304 3.386970e+02 2.594430e+02 2.476687e+01 7.964513e-01 7.276091e-01
305 3.399926e+02 2.597411e+02 2.433628e+01 8.228203e-01 7.005405e-01
306 3.428003e+02 2.619303e+02 2.411905e+01 7.528341e-01 6.671565e-01
307 3.412576e+02 2.641333e+02 2.606211e+01 6.236445e-01 5.220757e-01
308 3.434801e+02 2.659971e+02 2.737355e+01 5.691882e-01 5.151123e-01
309 3.482501e+02 2.688023e+02 2.814517e+01 4.708747e-01 4.633584e-01
310 3.472212e+02 2.650788e+02 2.837481e+01 5.974156e-01 5.267953e-01
311 3.474060e+02 2.635293e+02 2.817293e+01 7.241733e-01 5.970975e-01
312 3.489701e+02 2.649747e+02 2.812630e+01 7.028461e-01 5.222289e-01
313 3.512442e+02 2.663118e+02 2.799878e+01 7.510642e-01 5.587709e-01
314 3.553028e+02 2.665697e+02 2.748984e+01 8.175392e-01 5.867112e-01
315 3.562684e+02 2.660047e+02 2.719210e+01 8.047781e-01 5.509825e-01
316 3.556797e+02 2.666132e+02 2.702834e+01 7.908250e-01 4.912601e-01
317 3.637708e+02 2.691977e+02 2.683496e+01 8.119650e-01 4.532624e-01
318 3.576603e+02 2.653827e+02 2.699999e+01 1.000343e+00 5.497859e-01
319 3.576724e+02 2.612791e+02 2.740911e+01 1.209604e+00 5.160762e-01
320 3.586351e+02 2.631625e+02 2.728752e+01 1.308220e+00 5.364190e-01
321 3.591338e+02 2.685982e+02 2.785005e+01 1.178110e+00 5.269731e-01
322 3.568435e+02 2.699189e+02 2.810799e+01 1.270398e+00 5.205183e-01
323 3.585399e+02 2.717640e+02 2.823280e+01 1.468823e+00 5.027242e-01
324 3.601264e+02 2.750682e+02 3.012457e+01 1.486503e+00 4.954355e-01
325 3.626948e+02 2.768366e+02 3.117812e+01 1.514039e+00 4.642172e-01
326 3.645914e+02 2.778866e+02 3.184845e+01 1.486919e+00 4.456895e-01
327 3.586325e+02 2.796997e+02 3.264589e+01 1.500907e+00 4.187222e-01
328 3.601333e+02 2.811117e+02 3.316667e+01 1.649707e+00 4.242574e-01
329 3.593631e+02 2.827890e+02 3.437844e+01 1.795470e+00 3.901844e-01
330 3.589629e+02 2.841892e+02 3.571932e+01 1.817371e+00 4.140737e-01
331 3.536093e+02 2.851773e+02 3.650878e+01 1.528837e+00 3.235588e-01
332 3.463182e+02 2.878987e+02 3.562201e+01 1.148117e+00 1.768055e-01
333 3.400243e+02 2.972313e+02 3.370098e+01 1.177027e+00 1.364933e-01
334 3.315154e+02 2.998283e+02 3.368612e+01 1.330477e+00 1.220604e-01
335 3.179847e+02 2.997030e+02 3.437011e+01 1.494360e+00 8.325290e-02
336 3.033718e+02 3.040286e+02 3.458258e+01 1.373613e+00 5.675716e-02
337 2.930883e+02 3.054130e+02 3.381271e+01 2.639813e+00 7.301408e-02
338 3.522422e+02 3.032034e+02 3.523275e+01 2.503286e+00 5.587006e-02
339 3.526868e+02 3.040518e+02 3.523156e+01 2.600701e+00 4.697451e-02
340 3.507810e+02 3.051127e+02 3.523506e+01 2.814386e+00 2.757800e-02
341 3.367332e+02 3.088012e+02 3.519967e+01 3.336507e+00 1.669689e-02
342 3.232975e+02 3.121665e+02 3.521099e+01 3.923942e+00 0.000000e+00
result for iter 15: 4.481523e-01 2.261126e-01
iter 16
294 3.349432e+02 2.570304e+02 2.299992e+01 6.521833e-01 7.197662e-01
295 3.377946e+02 2.559892e+02 2.296152e+01 5.942386e-01 5.515560e-01
296 3.349326e+02 2.562850e+02 2.285737e+01 6.970337e-01 7.432238e-01
297 3.308606e+02 2.545248e+02 2.284984e+01 8.306853e-01 7.229749e-01
298 3.323108e+02 2.533459e+02 2.263010e+01 1.092771e+00 7.109620e-01
299 3.337292e+02 2.525636e+02 2.252033e+01 1.117772e+00 6.786794e-01
300 3.348949e+02 2.544370e+02 2.238758e+01 1.025669e+00 7.600867e-01
301 3.338667e+02 2.592695e+02 2.275889e+01 7.392415e-01 5.803002e-01
302 3.361144e+02 2.625363e+02 2.274547e+01 6.466216e-01 5.037773e-01
303 3.393219e+02 2.643453e+02 2.280694e+01 6.328469e-01 5.506767e-01
304 3.387302e+02 2.660523e+02 2.278928e+01 5.447282e-01 4.182730e-01
305 3.408329e+02 2.676936e+02 2.279032e+01 5.347597e-01 4.183014e-01
306 3.431781e+02 2.669124e+02 2.282085e+01 5.560321e-01 4.448182e-01
307 3.434751e+02 2.644148e+02 2.289532e+01 6.637813e-01 4.682837e-01
308 3.442855e+02 2.632788e+02 2.311904e+01 7.422455e-01 4.916380e-01
309 3.489427e+02 2.627511e+02 2.312457e+01 8.335468e-01 5.537086e-01
310 3.480515e+02 2.626484e+02 2.312636e+01 8.619367e-01 5.191309e-01
311 3.490650e+02 2.629154e+02 2.328322e+01 8.897399e-01 5.275471e-01
312 3.485483e+02 2.636618e+02 2.379938e+01 9.060858e-01 4.618756e-01
313 3.512767e+02 2.633263e+02 2.502419e+01 9.903457e-01 5.792078e-01
314 3.560238e+02 2.649111e+02 2.591394e+01 1.014378e+00 6.174285e-01
315 3.567477e+02 2.637831e+02 2.632913e+01 9.315765e-01 5.926663e-01
316 3.562980e+02 2.640204e+02 2.701530e+01 9.228868e-01 5.502414e-01
317 3.576169e+02 2.689082e+02 2.843738e+01 7.503176e-01 4.703649e-01
318 3.581064e+02 2.687853e+02 2.926067e+01 8.710271e-01 5.980447e-01
319 3.624742e+02 2.703390e+02 3.037903e+01 8.672664e-01 5.493397e-01
320 3.645277e+02 2.699595e+02 3.158829e+01 8.836533e-01 5.804653e-01
321 3.634263e+02 2.710688e+02 3.277071e+01 9.252844e-01 5.730569e-01
322 3.581845e+02 2.733351e+02 3.395448e+01 1.076268e+00 5.856022e-01
323 3.608113e+02 2.737897e+02 3.501166e+01 1.152976e+00 5.885803e-01
324 3.611856e+02 2.753381e+02 3.594673e+01 1.103796e+00 5.866199e-01
325 3.617289e+02 2.759890e+02 3.660260e+01 1.126975e+00 5.574119e-01
326 3.643181e+02 2.770335e+02 3.726791e+01 1.120636e+00 5.329047e-01
327 3.577651e+02 2.782521e+02 3.755128e+01 1.362551e+00 4.985217e-01
328 3.606083e+02 2.790421e+02 3.814048e+01 1.482764e+00 5.108884e-01
329 3.613204e+02 2.837096e+02 3.808184e+01 1.540033e+00 4.242919e-01
330 3.618014e+02 2.844302e+02 3.889007e+01 1.644219e+00 4.490721e-01
331 3.551709e+02 2.869538e+02 3.899208e+01 1.455066e+00 3.512634e-01
332 3.442656e+02 2.887880e+02 3.847215e+01 1.183471e+00 2.125805e-01
333 3.372847e+02 2.890949e+02 3.822683e+01 1.291257e+00 1.926589e-01
334 3.309998e+02 2.904572e+02 3.830086e+01 1.509336e+00 1.790063e-01
335 3.198940e+02 2.911167e+02 3.842989e+01 1.578208e+00 1.028839e-01
336 3.071383e+02 2.956356e+02 3.840010e+01 1.675809e+00 7.958476e-02
337 3.657956e+02 2.942477e+02 4.027136e+01 1.907341e+00 6.380316e-02
338 3.681674e+02 2.957505e+02 4.043857e+01 1.792812e+00 3.628719e-02
339 3.560280e+02 2.972616e+02 4.011396e+01 2.459795e+00 4.412058e-02
340 3.432974e+02 3.011833e+02 4.076728e+01 2.812826e+00 4.340461e-02
341 3.245657e+02 3.059110e+02 4.072297e+01 3.291912e+00 4.305345e-02
342 3.123140e+02 3.109587e+02 4.052400e+01 3.897565e+00 4.692401e-03
result for iter 16: 4.494618e-01 2.125909e-01
iter 17
294 3.273227e+02 2.589359e+02 2.300001e+01 6.521602e-01 8.365088e-01
295 3.257362e+02 2.602523e+02 2.302323e+01 6.061056e-01 6.000081e-01
296 3.316115e+02 2.603630e+02 2.311637e+01 6.231583e-01 6.995703e-01
297 3.333648e+02 2.591998e+02 2.323283e+01 6.839563e-01 7.934352e-01
298 3.345228e+02 2.584757e+02 2.347448e+01 7.466622e-01 8.327390e-01
299 3.328384e+02 2.573935e+02 2.359729e+01 8.425404e-01 7.859891e-01
300 3.333661e+02 2.585990e+02 2.378333e+01 7.732653e-01 7.311189e-01
301 3.357157e+02 2.620962e+02 2.370565e+01 6.209060e-01 5.838881e-01
302 3.374049e+02 2.613497e+02 2.387507e+01 6.796983e-01 6.203356e-01
303 3.395678e+02 2.608637e+02 2.430622e+01 6.857588e-01 6.860981e-01
304 3.382753e+02 2.619210e+02 2.462275e+01 6.376997e-01 5.645988e-01
305 3.383829e+02 2.646144e+02 2.485062e+01 6.116805e-01 5.123232e-01
306 3.429373e+02 2.632641e+02 2.524922e+01 6.598608e-01 6.445973e-01
307 3.444355e+02 2.611958e+02 2.540462e+01 7.362622e-01 6.545170e-01
308 3.453104e+02 2.620822e+02 2.535845e+01 7.450757e-01 6.126870e-01
309 3.487867e+02 2.630177e+02 2.539581e+01 7.779145e-01 6.232468e-01
310 3.486350e+02 2.633209e+02 2.537997e+01 7.680246e-01 5.571142e-01
311 3.475843e+02 2.632125e+02 2.464785e+01 8.076397e-01 5.063680e-01
312 3.485784e+02 2.641699e+02 2.423021e+01 8.095406e-01 4.296495e-01
313 3.503080e+02 2.654249e+02 2.396381e+01 8.318720e-01 4.253845e-01
314 3.558148e+02 2.656981e+02 2.375572e+01 9.527514e-01 5.106077e-01
315 3.557320e+02 2.626844e+02 2.271556e+01 1.007022e+00 4.534590e-01
316 3.570341e+02 2.618699e+02 2.239079e+01 1.145260e+00 4.286455e-01
317 3.596976e+02 2.618113e+02 2.154955e+01 1.299092e+00 4.143883e-01
318 3.582265e+02 2.636878e+02 1.975965e+01 1.356624e+00 3.722840e-01
319 3.582597e+02 2.648201e+02 1.923709e+01 1.496053e+00 3.512032e-01
320 3.596120e+02 2.658512e+02 2.114282e+01 1.471725e+00 3.892787e-01
321 3.579363e+02 2.679473e+02 2.056196e+01 1.522387e+00 3.705726e-01
322 3.554401e+02 2.708077e+02 1.996622e+01 1.660446e+00 3.584404e-01
323 3.583827e+02 2.740295e+02 1.935478e+01 2.140044e+00 3.230919e-01
324 3.588904e+02 2.780520e+02 2.149984e+01 2.096912e+00 3.233880e-01
325 3.614550e+02 2.782291e+02 2.337677e+01 2.052846e+00 3.350190e-01
326 3.660626e+02 2.780839e+02 2.478766e+01 1.995575e+00 3.451301e-01
327 3.615287e+02 2.789867e+02 2.513877e+01 2.343748e+00 3.280008e-01
328 3.634047e+02 2.766615e+02 2.573883e+01 2.358707e+00 3.525868e-01
329 3.656639e+02 2.800677e+02 2.630114e+01 2.416532e+00 3.146882e-01
330 3.690455e+02 2.813728e+02 2.650508e+01 2.527105e+00 3.081986e-01
331 3.552902e+02 2.850660e+02 2.541432e+01 1.898269e+00 1.946759e-01
332 3.486526e+02 2.886728e+02 2.599040e+01 1.586695e+00 1.300745e-01
333 3.405035e+02 2.933459e+02 2.725896e+01 1.565267e+00 1.187537e-01
334 3.320626e+02 2.985031e+02 2.758402e+01 1.676549e+00 1.031328e-01
335 3.156964e+02 3.044913e+02 2.762662e+01 1.430133e+00 5.147714e-02
336 3.038718e+02 3.077847e+02 2.808976e+01 1.281613e+00 3.493772e-02
337 2.894961e+02 3.159488e+02 2.846137e+01 1.528222e+00 3.014648e-02
338 3.663458e+02 3.154611e+02 2.952874e+01 2.592843e+00 4.692449e-02
339 3.703894e+02 3.149801e+02 2.970513e+01 2.610498e+00 2.370660e-02
340 3.602841e+02 3.162412e+02 2.978472e+01 2.701548e+00 1.395214e-02
341 3.457358e+02 3.180460e+02 2.992298e+01 3.207799e+00 2.639661e-03
342 3.314301e+02 3.186031e+02 3.018396e+01 3.674996e+00 0.000000e+00
result for iter 17: 4.026445e-01 2.412911e-01
iter 18
294 3.349309e+02 2.569997e+02 2.300000e+01 6.522069e-01 7.185344e-01
295 3.277107e+02 2.566038e+02 2.316117e+01 7.289204e-01 7.474223e-01
296 3.279318e+02 2.562116e+02 2.333326e+01 8.070213e-01 7.409624e-01
297 3.319969e+02 2.571709e+02 2.369348e+01 8.436649e-01 8.165217e-01
298 3.338024e+02 2.585856e+02 2.399079e+01 8.232442e-01 8.387556e-01
299 3.325388e+02 2.601872e+02 2.424426e+01 6.889244e-01 7.026884e-01
300 3.335827e+02 2.616006e+02 2.449999e+01 6.310379e-01 6.392136e-01
301 3.364076e+02 2.594658e+02 2.460462e+01 6.975554e-01 7.314072e-01
302 3.367833e+02 2.582891e+02 2.468575e+01 7.631083e-01 7.259573e-01
303 3.388986e+02 2.590890e+02 2.430463e+01 7.931770e-01 7.712225e-01
304 3.388670e+02 2.614904e+02 2.424477e+01 6.723963e-01 5.919011e-01
305 3.415439e+02 2.585035e+02 2.465974e+01 8.402861e-01 7.385836e-01
306 3.431926e+02 2.597094e+02 2.481717e+01 7.898940e-01 6.980960e-01
307 3.447508e+02 2.625813e+02 2.502456e+01 7.003834e-01 6.041322e-01
308 3.461346e+02 2.658507e+02 2.522939e+01 6.040811e-01 4.917019e-01
309 3.497138e+02 2.676672e+02 2.557960e+01 5.887077e-01 4.785104e-01
310 3.487391e+02 2.698551e+02 2.589850e+01 5.274615e-01 3.984068e-01
311 3.493858e+02 2.710469e+02 2.608920e+01 5.044005e-01 3.835646e-01
312 3.493713e+02 2.723101e+02 2.648477e+01 4.959735e-01 3.298600e-01
313 3.541859e+02 2.696649e+02 2.611833e+01 7.511275e-01 5.040853e-01
314 3.550795e+02 2.675634e+02 2.610606e+01 8.655144e-01 5.562509e-01
315 3.544565e+02 2.645338e+02 2.627397e+01 9.092688e-01 5.811925e-01
316 3.570857e+02 2.620661e+02 2.594007e+01 1.053770e+00 5.382326e-01
317 3.591245e+02 2.615617e+02 2.554699e+01 1.140937e+00 5.091425e-01
318 3.560498e+02 2.647269e+02 2.554663e+01 1.022771e+00 4.887091e-01
319 3.571643e+02 2.689342e+02 2.512297e+01 9.721084e-01 4.211120e-01
320 3.633884e+02 2.700343e+02 2.478053e+01 1.103123e+00 4.459511e-01
321 3.597981e+02 2.712721e+02 2.455638e+01 1.192234e+00 4.146111e-01
322 3.573471e+02 2.733836e+02 2.405140e+01 1.576336e+00 4.141710e-01
323 3.598869e+02 2.745526e+02 2.376810e+01 1.776215e+00 3.906537e-01
324 3.599813e+02 2.757199e+02 2.300199e+01 1.923695e+00 3.712386e-01
325 3.612903e+02 2.775238e+02 2.238494e+01 2.012139e+00 3.271301e-01
326 3.654496e+02 2.791380e+02 2.224673e+01 2.072917e+00 3.013616e-01
327 3.650280e+02 2.783081e+02 2.177820e+01 2.356164e+00 2.887429e-01
328 3.656294e+02 2.788203e+02 2.163105e+01 2.526500e+00 2.911442e-01
329 3.693085e+02 2.829536e+02 2.201811e+01 2.756725e+00 2.490794e-01
330 3.727407e+02 2.848130e+02 2.291856e+01 3.050575e+00 2.630004e-01
331 3.718711e+02 2.848602e+02 2.264672e+01 3.196079e+00 2.234459e-01
332 3.676914e+02 2.822899e+02 2.297868e+01 3.639562e+00 2.222854e-01
333 3.665858e+02 2.818350e+02 2.261727e+01 3.924117e+00 1.916718e-01
334 3.610748e+02 2.845972e+02 2.202954e+01 4.246541e+00 1.623346e-01
335 3.673317e+02 2.843376e+02 2.187522e+01 4.307772e+00 8.621655e-02
336 3.935978e+02 2.795866e+02 2.337503e+01 3.733971e+00 5.400250e-02
337 3.856570e+02 2.822598e+02 2.473688e+01 3.817004e+00 4.189994e-02
338 3.798736e+02 2.808713e+02 2.543639e+01 3.906531e+00 2.860676e-02
339 3.719280e+02 2.815415e+02 2.591524e+01 4.223077e+00 2.125022e-02
340 3.576245e+02 2.846516e+02 2.619366e+01 4.911476e+00 2.172189e-02
341 3.433965e+02 2.886840e+02 2.699027e+01 5.247401e+00 7.306875e-03
342 3.282261e+02 2.913999e+02 2.746444e+01 5.982847e+00 0.000000e+00
result for iter 18: 4.196733e-01 2.445048e-01
iter 19
294 3.329987e+02 2.580000e+02 2.299997e+01 6.521300e-01 8.521619e-01
295 3.349927e+02 2.579618e+02 2.295321e+01 4.868107e-01 6.091946e-01
296 3.338244e+02 2.582813e+02 2.289572e+01 5.336021e-01 5.976957e-01
297 3.321815e+02 2.589124e+02 2.276029e+01 7.561331e-01 7.486721e-01
298 3.330556e+02 2.596955e+02 2.275561e+01 8.209256e-01 7.198830e-01
299 3.342841e+02 2.599692e+02 2.267062e+01 7.887663e-01 7.224197e-01
300 3.332586e+02 2.605143e+02 2.268225e+01 7.426945e-01 6.179295e-01
301 3.349557e+02 2.620946e+02 2.251499e+01 6.452224e-01 5.238043e-01
302 3.364953e+02 2.619792e+02 2.207118e+01 7.034103e-01 5.242964e-01
303 3.389681e+02 2.621848e+02 2.183014e+01 6.892172e-01 5.395252e-01
304 3.394809e+02 2.623027e+02 2.164274e+01 7.250425e-01 5.185200e-01
305 3.382625e+02 2.633381e+02 2.192903e+01 7.343893e-01 4.650225e-01
306 3.429100e+02 2.623648e+02 2.191176e+01 7.695104e-01 5.651990e-01
307 3.446783e+02 2.612610e+02 2.126179e+01 8.903442e-01 5.543969e-01
308 3.441897e+02 2.611150e+02 2.021368e+01 9.571274e-01 4.800482e-01
309 3.467348e+02 2.613926e+02 2.036091e+01 1.006173e+00 5.114194e-01
310 3.457427e+02 2.619301e+02 1.924864e+01 1.067443e+00 3.931502e-01
311 3.506315e+02 2.615182e+02 1.843871e+01 1.158024e+00 4.192097e-01
312 3.498361e+02 2.613981e+02 1.794988e+01 1.220163e+00 3.539369e-01
313 3.514104e+02 2.654057e+02 1.852786e+01 1.240165e+00 3.790677e-01
314 3.544777e+02 2.614871e+02 1.899011e+01 1.351891e+00 4.357029e-01
315 3.544236e+02 2.620481e+02 1.991561e+01 1.297924e+00 4.406710e-01
316 3.567406e+02 2.621602e+02 2.003545e+01 1.305813e+00 3.973490e-01
317 3.600721e+02 2.632063e+02 2.001230e+01 1.318090e+00 3.813861e-01
318 3.597415e+02 2.636987e+02 1.985241e+01 1.340100e+00 3.709862e-01
319 3.630183e+02 2.664588e+02 2.003086e+01 1.359152e+00 3.668495e-01
320 3.650650e+02 2.683331e+02 2.006057e+01 1.486910e+00 3.851175e-01
321 3.616469e+02 2.717904e+02 2.050128e+01 1.661907e+00 3.571711e-01
322 3.565940e+02 2.733986e+02 2.002183e+01 1.937545e+00 3.446179e-01
323 3.583094e+02 2.756141e+02 2.064775e+01 2.013311e+00 3.285973e-01
324 3.618955e+02 2.751195e+02 2.036368e+01 2.233187e+00 3.344140e-01
325 3.648592e+02 2.750464e+02 2.019414e+01 2.367387e+00 3.151581e-01
326 3.677771e+02 2.752582e+02 2.011164e+01 2.459439e+00 3.003563e-01
327 3.663117e+02 2.753018e+02 1.982445e+01 2.855172e+00 2.813487e-01
328 3.686257e+02 2.755202e+02 1.947180e+01 3.187379e+00 2.667370e-01
329 3.724567e+02 2.793092e+02 1.868569e+01 3.425513e+00 2.267744e-01
330 3.734845e+02 2.809659e+02 1.814941e+01 3.935458e+00 2.110397e-01
331 3.719784e+02 2.825343e+02 1.757974e+01 4.238263e+00 1.799444e-01
332 3.694650e+02 2.836316e+02 1.709982e+01 4.780030e+00 1.626318e-01
333 3.686119e+02 2.824995e+02 1.749036e+01 5.127747e+00 1.482234e-01
334 3.623386e+02 2.835003e+02 1.847984e+01 5.335639e+00 1.389461e-01
335 3.622921e+02 2.871637e+02 1.796081e+01 5.708676e+00 8.021225e-02
336 3.868314e+02 2.823997e+02 2.173956e+01 3.748552e+00 4.798834e-02
337 3.889615e+02 2.846038e+02 2.177769e+01 3.858801e+00 3.209244e-02
338 3.813901e+02 2.872825e+02 2.186437e+01 4.351447e+00 2.744260e-02
339 3.722236e+02 2.912420e+02 2.236037e+01 4.531333e+00 2.138252e-02
340 3.601891e+02 2.949729e+02 2.270134e+01 4.791157e+00 1.576939e-02
341 3.494722e+02 2.986279e+02 2.314363e+01 5.368295e+00 0.000000e+00
342 3.350474e+02 2.993630e+02 2.304407e+01 6.221633e+00 0.000000e+00
result for iter 19: 3.611115e-01 2.124700e-01
iter 20
294 3.317326e+02 2.596875e+02 2.300006e+01 6.521826e-01 9.237571e-01
295 3.327286e+02 2.578674e+02 2.297628e+01 7.033814e-01 9.573448e-01
296 3.311809e+02 2.573864e+02 2.288265e+01 7.484164e-01 8.073810e-01
297 3.311230e+02 2.583671e+02 2.296435e+01 7.478379e-01 7.424719e-01
298 3.338810e+02 2.586308e+02 2.309684e+01 8.382969e-01 8.079094e-01
299 3.351479e+02 2.576851e+02 2.324920e+01 8.622480e-01 8.614249e-01
300 3.338074e+02 2.577676e+02 2.340166e+01 8.402308e-01 7.574673e-01
301 3.341700e+02 2.602537e+02 2.359382e+01 6.534655e-01 5.642832e-01
302 3.359531e+02 2.605914e+02 2.351369e+01 6.890082e-01 5.710765e-01
303 3.383071e+02 2.599169e+02 2.355747e+01 7.538631e-01 6.694746e-01
304 3.394473e+02 2.592987e+02 2.358203e+01 8.064786e-01 6.879508e-01
305 3.409651e+02 2.605704e+02 2.363308e+01 8.097170e-01 6.864134e-01
306 3.435404e+02 2.595533e+02 2.358614e+01 8.291403e-01 6.561207e-01
307 3.441146e+02 2.593041e+02 2.379602e+01 8.646587e-01 6.515884e-01
308 3.445957e+02 2.595925e+02 2.425100e+01 8.747179e-01 6.344468e-01
309 3.486488e+02 2.607247e+02 2.457663e+01 8.819965e-01 6.533767e-01
310 3.460848e+02 2.621164e+02 2.479933e+01 8.544346e-01 5.460583e-01
311 3.474110e+02 2.639170e+02 2.596557e+01 8.051487e-01 5.591700e-01
312 3.466981e+02 2.680194e+02 2.701777e+01 5.912254e-01 3.651377e-01
313 3.511591e+02 2.696099e+02 2.657950e+01 6.284097e-01 4.173701e-01
314 3.585907e+02 2.720170e+02 2.748619e+01 6.335955e-01 4.545824e-01
315 3.604644e+02 2.677991e+02 2.628732e+01 8.156747e-01 5.218981e-01
316 3.627247e+02 2.654915e+02 2.587300e+01 9.327488e-01 5.309466e-01
317 3.666133e+02 2.701690e+02 2.963997e+01 6.865855e-01 4.675852e-01
318 3.594635e+02 2.691387e+02 2.830747e+01 7.873096e-01 5.059191e-01
319 3.615593e+02 2.701089e+02 3.187851e+01 7.628884e-01 5.321054e-01
320 3.571626e+02 2.667452e+02 3.321933e+01 9.147810e-01 6.152597e-01
321 3.565122e+02 2.659400e+02 3.379391e+01 1.038164e+00 6.435972e-01
322 3.559370e+02 2.660899e+02 3.437780e+01 1.190975e+00 6.366260e-01
323 3.622873e+02 2.684126e+02 3.510639e+01 1.242400e+00 6.382980e-01
324 3.623491e+02 2.729545e+02 3.664121e+01 1.154965e+00 6.210375e-01
325 3.606177e+02 2.767257e+02 3.866667e+01 9.857035e-01 5.774330e-01
326 3.641911e+02 2.781389e+02 3.966692e+01 1.036499e+00 5.515201e-01
327 3.597114e+02 2.805094e+02 3.957605e+01 1.278160e+00 4.976575e-01
328 3.585691e+02 2.807970e+02 4.141078e+01 1.319536e+00 5.335122e-01
329 3.566758e+02 2.833914e+02 4.308879e+01 1.289850e+00 4.831766e-01
330 3.559768e+02 2.858089e+02 4.200351e+01 1.139193e+00 3.769456e-01
331 3.498467e+02 2.879482e+02 3.935704e+01 8.662274e-01 2.130464e-01
332 3.458311e+02 2.905802e+02 3.844003e+01 8.732594e-01 1.565971e-01
333 3.372232e+02 2.965185e+02 3.871873e+01 1.046135e+00 1.601290e-01
334 3.270344e+02 3.031737e+02 3.913305e+01 1.042004e+00 1.290097e-01
335 3.139790e+02 3.072849e+02 3.983475e+01 9.363002e-01 7.006831e-02
336 2.995727e+02 3.090037e+02 4.012499e+01 9.906208e-01 5.510344e-02
337 3.047093e+02 3.162766e+02 3.887291e+01 1.905155e+00 7.010732e-02
338 3.498781e+02 3.240640e+02 3.846294e+01 2.147735e+00 6.594766e-02
339 3.515015e+02 3.177619e+02 3.897945e+01 2.213560e+00 5.591545e-02
340 3.502742e+02 3.172230e+02 3.924622e+01 2.189043e+00 2.771307e-02
341 3.297942e+02 3.185615e+02 3.895381e+01 2.968754e+00 3.073218e-02
342 3.180354e+02 3.176455e+02 3.913451e+01 3.872596e+00 0.000000e+00
result for iter 20: 4.845448e-01 2.581982e-01
