iter 1
294 3.257325e+02 2.638014e+02 2.300002e+01 6.521847e-01 5.241857e-01
295 3.266044e+02 2.622824e+02 2.287411e+01 5.954624e-01 5.333520e-01
296 3.297794e+02 2.626622e+02 2.267484e+01 5.533998e-01 5.392341e-01
297 3.312146e+02 2.617434e+02 2.241228e+01 6.153996e-01 5.781917e-01
298 3.337196e+02 2.616889e+02 2.217870e+01 7.002721e-01 6.343912e-01
299 3.333384e+02 2.611996e+02 2.214778e+01 7.111629e-01 6.212954e-01
300 3.337521e+02 2.604643e+02 2.190023e+01 7.637247e-01 6.108383e-01
301 3.353360e+02 2.600712e+02 2.176942e+01 7.642532e-01 5.886354e-01
302 3.379671e+02 2.588847e+02 2.136496e+01 8.654113e-01 6.476492e-01
303 3.396640e+02 2.577645e+02 2.122803e+01 9.468654e-01 6.795163e-01
304 3.397423e+02 2.584670e+02 2.162817e+01 9.273992e-01 6.530892e-01
305 3.396666e+02 2.611253e+02 2.216090e+01 8.476659e-01 5.912075e-01
306 3.426888e+02 2.604856e+02 2.226179e+01 8.904167e-01 6.510290e-01
307 3.435769e+02 2.612730e+02 2.248374e+01 8.383339e-01 5.727518e-01
308 3.435501e+02 2.619634e+02 2.259608e+01 8.393576e-01 5.128683e-01
309 3.489381e+02 2.639289e+02 2.290227e+01 8.089409e-01 5.270818e-01
310 3.483711e+02 2.634126e+02 2.305368e+01 8.417232e-01 5.037749e-01
311 3.480700e+02 2.624889e+02 2.320631e+01 8.976831e-01 4.946803e-01
312 3.483510e+02 2.636439e+02 2.335568e+01 8.655796e-01 4.193621e-01
313 3.512088e+02 2.655137e+02 2.351127e+01 8.959804e-01 4.594531e-01
314 3.556248e+02 2.657141e+02 2.355834e+01 9.896455e-01 5.216035e-01
315 3.558600e+02 2.638637e+02 2.322888e+01 1.051283e+00 5.223028e-01
316 3.572843e+02 2.647221e+02 2.344601e+01 1.044696e+00 4.827969e-01
317 3.601914e+02 2.669708e+02 2.427960e+01 9.850072e-01 4.501250e-01
318 3.581311e+02 2.657264e+02 2.501954e+01 1.000201e+00 4.765344e-01
319 3.620897e+02 2.671223e+02 2.594969e+01 1.036231e+00 4.789186e-01
320 3.619568e+02 2.684616e+02 2.646328e+01 1.118682e+00 5.063664e-01
321 3.588266e+02 2.686992e+02 2.665559e+01 1.286931e+00 5.119106e-01
322 3.570870e+02 2.705656e+02 2.729177e+01 1.491464e+00 5.054031e-01
323 3.587879e+02 2.729195e+02 2.825819e+01 1.530526e+00 4.871315e-01
324 3.589074e+02 2.747142e+02 2.931242e+01 1.539646e+00 4.869641e-01
325 3.610881e+02 2.763776e+02 3.000596e+01 1.501839e+00 4.522824e-01
326 3.656395e+02 2.782375e+02 3.063943e+01 1.520336e+00 4.249237e-01
327 3.602808e+02 2.807116e+02 3.129579e+01 1.614789e+00 3.915710e-01
328 3.613964e+02 2.810801e+02 3.191367e+01 1.728224e+00 4.085241e-01
329 3.630218e+02 2.822073e+02 3.258984e+01 1.888608e+00 3.741698e-01
330 3.626712e+02 2.834197e+02 3.294493e+01 2.018184e+00 3.830805e-01
331 3.573688e+02 2.851296e+02 3.334230e+01 1.788929e+00 3.157778e-01
332 3.483191e+02 2.885999e+02 3.332734e+01 1.275051e+00 1.718706e-01
333 3.438256e+02 2.903536e+02 3.503199e+01 1.502726e+00 1.882995e-01
334 3.343253e+02 2.936932e+02 3.486848e+01 1.575979e+00 1.549108e-01
335 3.590832e+02 2.884082e+02 3.927477e+01 1.492251e+00 9.634585e-02
336 3.794948e+02 2.854726e+02 4.133106e+01 1.652195e+00 6.966087e-02
337 3.737355e+02 2.858278e+02 4.123560e+01 1.940810e+00 5.286215e-02
338 3.658576e+02 2.876779e+02 4.239375e+01 2.217936e+00 4.865412e-02
339 3.524601e+02 2.892250e+02 4.426190e+01 2.652924e+00 5.628055e-02
340 3.367515e+02 2.904415e+02 4.512065e+01 3.188604e+00 6.569247e-02
341 3.164978e+02 2.909486e+02 4.581904e+01 3.864930e+00 8.076654e-02
342 3.050808e+02 2.940816e+02 4.629560e+01 4.279902e+00 2.840516e-02
result for iter 1: 4.191168e-01 1.927671e-01
iter 2
294 3.294421e+02 2.594604e+02 2.300000e+01 6.521673e-01 9.036527e-01
295 3.292519e+02 2.586704e+02 2.305105e+01 6.472249e-01 7.888139e-01
296 3.315102e+02 2.581018e+02 2.315515e+01 6.912185e-01 7.751383e-01
297 3.316861e+02 2.585103e+02 2.325646e+01 7.355822e-01 7.674116e-01
298 3.341128e+02 2.596713e+02 2.326536e+01 7.592741e-01 7.690142e-01
299 3.342332e+02 2.601153e+02 2.325264e+01 7.213811e-01 7.295608e-01
300 3.338593e+02 2.598132e+02 2.324347e+01 7.379990e-01 6.804329e-01
301 3.347791e+02 2.618076e+02 2.274374e+01 6.350510e-01 5.221801e-01
302 3.363864e+02 2.613696e+02 2.284540e+01 6.941259e-01 5.528492e-01
303 3.380580e+02 2.604331e+02 2.358177e+01 7.625803e-01 6.709443e-01
304 3.376701e+02 2.607011e+02 2.535457e+01 6.807178e-01 6.241868e-01
305 3.385270e+02 2.627048e+02 2.416129e+01 6.858600e-01 5.441755e-01
306 3.417786e+02 2.613099e+02 2.570794e+01 7.027424e-01 6.795337e-01
307 3.430099e+02 2.607920e+02 2.864022e+01 6.565291e-01 7.161274e-01
308 3.431157e+02 2.619831e+02 3.003767e+01 6.173490e-01 6.676066e-01
309 3.455808e+02 2.636458e+02 3.117795e+01 5.877173e-01 6.773832e-01
310 3.458357e+02 2.658896e+02 3.223828e+01 5.230557e-01 5.710811e-01
311 3.478090e+02 2.675466e+02 3.316020e+01 5.129352e-01 6.026953e-01
312 3.480811e+02 2.678640e+02 3.353260e+01 5.104604e-01 5.335786e-01
313 3.517328e+02 2.680067e+02 3.408917e+01 5.855530e-01 6.686293e-01
314 3.546646e+02 2.677351e+02 3.495940e+01 6.229883e-01 7.230682e-01
315 3.548826e+02 2.677626e+02 3.649345e+01 5.811463e-01 7.166246e-01
316 3.556728e+02 2.679622e+02 3.781864e+01 5.676395e-01 6.903621e-01
317 3.571871e+02 2.689209e+02 3.929187e+01 5.334527e-01 6.384279e-01
318 3.572303e+02 2.695104e+02 3.957396e+01 5.322229e-01 6.684145e-01
319 3.572398e+02 2.724940e+02 4.012771e+01 5.460706e-01 6.035014e-01
320 3.567265e+02 2.731842e+02 4.104742e+01 6.664995e-01 7.246338e-01
321 3.566979e+02 2.741761e+02 4.181915e+01 6.778069e-01 6.710327e-01
322 3.564817e+02 2.746328e+02 4.251821e+01 8.550999e-01 7.032452e-01
323 3.593593e+02 2.742418e+02 4.370141e+01 9.046400e-01 7.249546e-01
324 3.614946e+02 2.750258e+02 4.439545e+01 8.578365e-01 7.310245e-01
325 3.624342e+02 2.760342e+02 4.490372e+01 8.074182e-01 6.522567e-01
326 3.634812e+02 2.772675e+02 4.575652e+01 8.965632e-01 6.504544e-01
327 3.592490e+02 2.803491e+02 4.656706e+01 1.041695e+00 5.878867e-01
328 3.590783e+02 2.814185e+02 4.565152e+01 1.172708e+00 5.798777e-01
329 3.594725e+02 2.838135e+02 4.254476e+01 1.388680e+00 4.730173e-01
330 3.603983e+02 2.851077e+02 4.122824e+01 1.531089e+00 4.708332e-01
331 3.534065e+02 2.856272e+02 3.988056e+01 1.255405e+00 3.170325e-01
332 3.467283e+02 2.875233e+02 3.855561e+01 1.150748e+00 2.076005e-01
333 3.386789e+02 2.934123e+02 3.796929e+01 1.170849e+00 1.723477e-01
334 3.288485e+02 3.000481e+02 3.604173e+01 1.282330e+00 1.346717e-01
335 3.145998e+02 3.030347e+02 3.889897e+01 1.182294e+00 8.436919e-02
336 3.011144e+02 3.060494e+02 3.956098e+01 1.188876e+00 6.428536e-02
337 2.772260e+02 3.075259e+02 4.543900e+01 1.937450e+00 9.741523e-02
338 3.616509e+02 3.101332e+02 5.260955e+01 1.366381e+00 5.473416e-02
339 3.505527e+02 3.053578e+02 5.287744e+01 1.800636e+00 5.481029e-02
340 3.374103e+02 3.077514e+02 5.275905e+01 2.080140e+00 5.311936e-02
341 3.191360e+02 3.108654e+02 5.285522e+01 2.614829e+00 5.983275e-02
342 3.041299e+02 3.140283e+02 5.268787e+01 3.122768e+00 3.091919e-02
result for iter 2: 5.262398e-01 2.524596e-01
iter 3
294 3.294971e+02 2.597337e+02 2.300000e+01 6.521814e-01 8.889278e-01
295 3.303356e+02 2.588978e+02 2.303243e+01 6.786076e-01 8.403732e-01
296 3.311920e+02 2.581564e+02 2.307761e+01 7.254200e-01 7.966125e-01
297 3.319898e+02 2.578099e+02 2.306666e+01 8.001531e-01 8.043607e-01
298 3.337615e+02 2.588320e+02 2.299117e+01 8.315443e-01 7.907263e-01
299 3.333316e+02 2.599297e+02 2.302216e+01 7.425956e-01 7.033307e-01
300 3.333435e+02 2.604038e+02 2.315405e+01 7.124528e-01 6.355843e-01
301 3.348524e+02 2.616866e+02 2.348068e+01 6.322093e-01 5.589602e-01
302 3.364173e+02 2.628173e+02 2.360835e+01 6.180634e-01 5.277284e-01
303 3.382829e+02 2.625051e+02 2.299712e+01 7.004089e-01 5.909743e-01
304 3.383249e+02 2.632385e+02 2.293980e+01 6.745953e-01 5.149400e-01
305 3.395166e+02 2.648223e+02 2.365420e+01 6.437267e-01 5.116885e-01
306 3.420318e+02 2.620511e+02 2.242216e+01 7.888470e-01 5.829051e-01
307 3.433621e+02 2.619385e+02 2.222876e+01 7.807608e-01 5.161390e-01
308 3.433935e+02 2.623176e+02 2.325483e+01 7.833614e-01 5.043051e-01
309 3.470911e+02 2.630461e+02 2.581307e+01 7.452751e-01 6.168790e-01
310 3.479213e+02 2.630489e+02 2.521051e+01 7.746719e-01 5.527259e-01
311 3.498700e+02 2.632143e+02 2.375141e+01 8.399626e-01 5.391917e-01
312 3.491959e+02 2.639238e+02 2.337907e+01 8.649216e-01 4.379443e-01
313 3.507033e+02 2.648341e+02 2.281421e+01 9.333988e-01 4.374955e-01
314 3.548203e+02 2.645441e+02 2.303066e+01 1.026110e+00 5.168663e-01
315 3.560625e+02 2.637270e+02 2.290795e+01 1.098488e+00 5.279663e-01
316 3.575594e+02 2.642343e+02 2.311245e+01 1.059693e+00 4.663049e-01
317 3.620255e+02 2.655984e+02 2.279002e+01 1.087806e+00 4.379772e-01
318 3.574774e+02 2.656381e+02 2.309280e+01 1.075837e+00 4.348585e-01
319 3.599053e+02 2.661034e+02 2.301209e+01 1.220359e+00 4.293869e-01
320 3.605155e+02 2.665082e+02 2.351160e+01 1.372602e+00 4.609488e-01
321 3.584618e+02 2.683684e+02 2.355854e+01 1.433801e+00 4.569268e-01
322 3.560497e+02 2.712072e+02 2.375763e+01 1.446269e+00 4.372748e-01
323 3.584273e+02 2.735216e+02 2.405563e+01 1.656204e+00 4.075674e-01
324 3.600306e+02 2.751190e+02 2.442344e+01 1.884939e+00 4.010897e-01
325 3.608613e+02 2.764740e+02 2.495684e+01 1.862187e+00 3.752128e-01
326 3.643396e+02 2.777600e+02 2.528330e+01 1.867018e+00 3.549608e-01
327 3.624247e+02 2.798432e+02 2.571174e+01 2.045925e+00 3.286377e-01
328 3.638195e+02 2.803128e+02 2.596690e+01 2.159931e+00 3.382071e-01
329 3.663589e+02 2.822502e+02 2.588041e+01 2.439997e+00 2.968863e-01
330 3.684602e+02 2.833978e+02 2.615572e+01 2.700062e+00 3.041363e-01
331 3.666220e+02 2.837480e+02 2.674748e+01 2.847453e+00 2.686298e-01
332 3.616130e+02 2.845889e+02 2.701797e+01 2.860774e+00 2.534323e-01
333 3.619865e+02 2.873812e+02 2.655616e+01 3.200602e+00 2.185956e-01
334 3.585421e+02 2.901497e+02 2.694065e+01 3.334484e+00 1.956637e-01
335 3.610865e+02 2.896082e+02 2.846506e+01 3.114370e+00 1.117701e-01
336 3.841646e+02 2.875108e+02 2.908887e+01 2.770265e+00 6.843549e-02
337 3.814929e+02 2.888754e+02 3.089752e+01 2.679581e+00 4.558730e-02
338 3.728295e+02 2.923019e+02 3.124879e+01 2.837127e+00 3.856561e-02
339 3.594025e+02 2.963413e+02 3.049831e+01 3.604970e+00 4.538559e-02
340 3.442908e+02 3.009197e+02 3.005167e+01 4.326389e+00 5.018499e-02
341 3.214546e+02 3.048017e+02 2.960323e+01 5.285026e+00 6.339850e-02
342 3.143420e+02 3.091537e+02 2.962375e+01 5.803895e+00 0.000000e+00
result for iter 3: 4.221765e-01 2.234159e-01
iter 4
294 3.317178e+02 2.592220e+02 2.300006e+01 6.521716e-01 9.544533e-01
295 3.333855e+02 2.579419e+02 2.310451e+01 6.119104e-01 8.291886e-01
296 3.323470e+02 2.575696e+02 2.320185e+01 6.494184e-01 7.470053e-01
297 3.317870e+02 2.579246e+02 2.325341e+01 7.571205e-01 7.983817e-01
298 3.330337e+02 2.599544e+02 2.318045e+01 7.576667e-01 7.215357e-01
299 3.330622e+02 2.608293e+02 2.291226e+01 7.076356e-01 6.538465e-01
300 3.337956e+02 2.609250e+02 2.297946e+01 6.934945e-01 6.223193e-01
301 3.349120e+02 2.618675e+02 2.317242e+01 6.279204e-01 5.411801e-01
302 3.367859e+02 2.636438e+02 2.362592e+01 5.720313e-01 4.973560e-01
303 3.389572e+02 2.634640e+02 2.367745e+01 6.216592e-01 5.744244e-01
304 3.395933e+02 2.604345e+02 2.350902e+01 7.514814e-01 6.411712e-01
305 3.397529e+02 2.620857e+02 2.374625e+01 7.516161e-01 6.090777e-01
306 3.414648e+02 2.612174e+02 2.396515e+01 7.707331e-01 6.364020e-01
307 3.434739e+02 2.609420e+02 2.376036e+01 7.724909e-01 5.874068e-01
308 3.449426e+02 2.617858e+02 2.373084e+01 7.984222e-01 5.735872e-01
309 3.493971e+02 2.625532e+02 2.421819e+01 8.141937e-01 5.932191e-01
310 3.477972e+02 2.630395e+02 2.441525e+01 8.028228e-01 5.344485e-01
311 3.489875e+02 2.650722e+02 2.381058e+01 8.000411e-01 4.969005e-01
312 3.483927e+02 2.657610e+02 2.427089e+01 7.946475e-01 4.195109e-01
313 3.502793e+02 2.656105e+02 2.445648e+01 8.540141e-01 4.558845e-01
314 3.548899e+02 2.646450e+02 2.483836e+01 9.567934e-01 5.605774e-01
315 3.559728e+02 2.635880e+02 2.471510e+01 9.866122e-01 5.485877e-01
316 3.571794e+02 2.635506e+02 2.503383e+01 1.026853e+00 5.163588e-01
317 3.623572e+02 2.652116e+02 2.602030e+01 9.617984e-01 5.047998e-01
318 3.582992e+02 2.643156e+02 2.581247e+01 1.029130e+00 4.943071e-01
319 3.596006e+02 2.671994e+02 2.677437e+01 1.050629e+00 5.169263e-01
320 3.614052e+02 2.693407e+02 2.780290e+01 1.081781e+00 5.505060e-01
321 3.604407e+02 2.707431e+02 2.841452e+01 1.132599e+00 5.121967e-01
322 3.568431e+02 2.719712e+02 2.804557e+01 1.384362e+00 5.045267e-01
323 3.595165e+02 2.742686e+02 2.777145e+01 1.484702e+00 4.603286e-01
324 3.596344e+02 2.753911e+02 2.773885e+01 1.533457e+00 4.519825e-01
325 3.604006e+02 2.764440e+02 2.816422e+01 1.511153e+00 4.237724e-01
326 3.640300e+02 2.769541e+02 2.892726e+01 1.626343e+00 4.144607e-01
327 3.608706e+02 2.784443e+02 2.930806e+01 1.810132e+00 3.873371e-01
328 3.617489e+02 2.792092e+02 2.902836e+01 1.997559e+00 3.874185e-01
329 3.624291e+02 2.812945e+02 2.887549e+01 2.190378e+00 3.374826e-01
330 3.630268e+02 2.830671e+02 2.925412e+01 2.331329e+00 3.401641e-01
331 3.585653e+02 2.837713e+02 2.985014e+01 2.078879e+00 2.941165e-01
332 3.510954e+02 2.863641e+02 3.111426e+01 1.613713e+00 1.895911e-01
333 3.412841e+02 2.896016e+02 3.260998e+01 1.539440e+00 1.671489e-01
334 3.324635e+02 2.922016e+02 3.350664e+01 1.608880e+00 1.460330e-01
335 3.221289e+02 2.958318e+02 3.416180e+01 1.550612e+00 8.534284e-02
336 3.140856e+02 3.015075e+02 3.453652e+01 1.428014e+00 5.884792e-02
337 3.792499e+02 2.996572e+02 3.281435e+01 2.051342e+00 4.565681e-02
338 3.801304e+02 3.068250e+02 3.185594e+01 2.155997e+00 2.620886e-02
339 3.700636e+02 3.078315e+02 3.181516e+01 2.557016e+00 2.292779e-02
340 3.576293e+02 3.096895e+02 3.160263e+01 2.920586e+00 1.840862e-02
341 3.414056e+02 3.106691e+02 3.169974e+01 3.579296e+00 9.411789e-03
342 3.278157e+02 3.141496e+02 3.180619e+01 4.054822e+00 0.000000e+00
result for iter 4: 4.380148e-01 2.338500e-01
iter 5
294 3.289219e+02 2.619841e+02 2.300003e+01 6.521809e-01 7.286760e-01
295 3.264116e+02 2.598127e+02 2.305824e+01 7.405202e-01 6.295046e-01
296 3.308236e+02 2.569497e+02 2.335975e+01 8.753860e-01 8.359183e-01
297 3.322639e+02 2.582390e+02 2.348919e+01 7.858926e-01 8.102278e-01
298 3.338781e+02 2.598925e+02 2.353734e+01 7.007797e-01 7.634894e-01
299 3.332537e+02 2.610907e+02 2.359157e+01 6.453584e-01 6.424486e-01
300 3.339488e+02 2.607759e+02 2.350710e+01 6.915534e-01 6.543271e-01
301 3.351432e+02 2.613596e+02 2.358977e+01 6.318229e-01 5.722505e-01
302 3.362143e+02 2.619773e+02 2.368733e+01 6.483745e-01 5.523324e-01
303 3.391314e+02 2.614387e+02 2.361987e+01 7.127995e-01 6.604233e-01
304 3.388530e+02 2.611635e+02 2.371209e+01 7.182243e-01 6.030640e-01
305 3.401895e+02 2.615825e+02 2.357923e+01 7.558956e-01 6.158621e-01
306 3.424268e+02 2.598141e+02 2.391617e+01 8.361196e-01 6.745043e-01
307 3.432290e+02 2.596361e+02 2.433568e+01 8.354681e-01 6.481192e-01
308 3.445326e+02 2.603072e+02 2.482346e+01 8.150069e-01 6.301211e-01
309 3.486630e+02 2.625751e+02 2.639148e+01 7.665879e-01 6.632750e-01
310 3.482658e+02 2.645509e+02 2.674303e+01 6.973185e-01 5.616158e-01
311 3.495131e+02 2.652891e+02 2.736235e+01 6.966035e-01 5.861165e-01
312 3.495277e+02 2.665040e+02 2.858052e+01 6.444134e-01 5.061598e-01
313 3.514836e+02 2.676106e+02 2.868582e+01 6.789134e-01 5.364786e-01
314 3.550164e+02 2.686664e+02 2.944554e+01 6.935800e-01 5.710933e-01
315 3.562062e+02 2.678371e+02 3.011805e+01 7.114193e-01 5.975243e-01
316 3.564505e+02 2.660042e+02 2.990983e+01 7.857996e-01 5.977674e-01
317 3.590025e+02 2.676710e+02 3.047699e+01 7.483903e-01 5.388686e-01
318 3.561789e+02 2.660279e+02 3.032351e+01 7.996962e-01 5.660434e-01
319 3.595567e+02 2.672897e+02 3.074963e+01 8.752908e-01 5.680321e-01
320 3.614591e+02 2.691168e+02 3.118730e+01 9.272539e-01 5.937404e-01
321 3.599965e+02 2.708569e+02 3.141477e+01 9.764864e-01 5.557566e-01
322 3.569540e+02 2.718037e+02 3.142074e+01 1.186180e+00 5.681116e-01
323 3.590459e+02 2.739632e+02 3.165747e+01 1.294839e+00 5.294942e-01
324 3.585365e+02 2.760276e+02 3.192597e+01 1.332442e+00 5.106410e-01
325 3.607798e+02 2.776842e+02 3.250365e+01 1.306724e+00 4.729145e-01
326 3.630665e+02 2.789894e+02 3.300055e+01 1.350422e+00 4.487905e-01
327 3.589945e+02 2.806049e+02 3.337764e+01 1.522960e+00 4.187251e-01
328 3.609715e+02 2.805178e+02 3.433214e+01 1.621978e+00 4.451085e-01
329 3.609478e+02 2.821418e+02 3.487179e+01 1.774022e+00 4.008850e-01
330 3.611549e+02 2.836689e+02 3.517476e+01 1.906042e+00 4.090088e-01
331 3.544428e+02 2.857844e+02 3.624813e+01 1.557998e+00 3.250389e-01
332 3.450104e+02 2.892673e+02 3.815092e+01 1.029534e+00 1.818543e-01
333 3.374879e+02 2.939813e+02 3.904531e+01 1.084610e+00 1.688306e-01
334 3.272497e+02 3.002852e+02 4.038834e+01 1.084298e+00 1.429967e-01
335 3.142441e+02 3.054166e+02 4.119339e+01 9.904898e-01 7.926609e-02
336 2.988857e+02 3.095798e+02 4.176622e+01 9.781681e-01 5.895291e-02
337 2.690035e+02 3.129947e+02 4.181649e+01 1.897723e+00 8.081033e-02
338 3.528391e+02 3.126386e+02 4.059127e+01 2.011411e+00 6.679648e-02
339 3.581638e+02 3.126680e+02 4.092632e+01 2.026965e+00 4.108252e-02
340 3.497318e+02 3.137195e+02 4.111055e+01 2.054121e+00 2.617606e-02
341 3.321624e+02 3.153751e+02 4.137079e+01 2.646389e+00 2.290200e-02
342 3.181957e+02 3.137874e+02 4.166733e+01 3.504727e+00 0.000000e+00
result for iter 5: 4.665740e-01 2.304863e-01
iter 6
294 3.314128e+02 2.599142e+02 2.300000e+01 6.522098e-01 9.221504e-01
295 3.309639e+02 2.598620e+02 2.290798e+01 7.875013e-01 7.482570e-01
296 3.314888e+02 2.593878e+02 2.282346e+01 8.140150e-01 7.443259e-01
297 3.320705e+02 2.581363e+02 2.271354e+01 8.023957e-01 7.788805e-01
298 3.340768e+02 2.580737e+02 2.259710e+01 8.607322e-01 8.200041e-01
299 3.339638e+02 2.580508e+02 2.247211e+01 8.297416e-01 7.713534e-01
300 3.340909e+02 2.582156e+02 2.191784e+01 8.600349e-01 7.064875e-01
301 3.358626e+02 2.598917e+02 2.211331e+01 7.454745e-01 6.098159e-01
302 3.374455e+02 2.586810e+02 2.205300e+01 8.468564e-01 6.592764e-01
303 3.399803e+02 2.585131e+02 2.132986e+01 9.148796e-01 6.990963e-01
304 3.393420e+02 2.590475e+02 2.214705e+01 8.685354e-01 6.471551e-01
305 3.398388e+02 2.619143e+02 2.333811e+01 7.782862e-01 6.105583e-01
306 3.419215e+02 2.601656e+02 2.396924e+01 7.977510e-01 6.430197e-01
307 3.435909e+02 2.609466e+02 2.503984e+01 7.482476e-01 6.356483e-01
308 3.454126e+02 2.621482e+02 2.554046e+01 7.402568e-01 6.174943e-01
309 3.491074e+02 2.649969e+02 2.593170e+01 6.735361e-01 5.626351e-01
310 3.485468e+02 2.659832e+02 2.600012e+01 6.465708e-01 4.922137e-01
311 3.478183e+02 2.648018e+02 2.590252e+01 6.997375e-01 4.919208e-01
312 3.477115e+02 2.642262e+02 2.572093e+01 7.412202e-01 4.301119e-01
313 3.503094e+02 2.639645e+02 2.528328e+01 8.729530e-01 5.016570e-01
314 3.546249e+02 2.642421e+02 2.498418e+01 9.754927e-01 5.782632e-01
315 3.554659e+02 2.631559e+02 2.477629e+01 1.002664e+00 5.505438e-01
316 3.583319e+02 2.636951e+02 2.489059e+01 1.019405e+00 5.094243e-01
317 3.622216e+02 2.653595e+02 2.635103e+01 9.754178e-01 5.250448e-01
318 3.588748e+02 2.652085e+02 2.634024e+01 1.013200e+00 5.258845e-01
319 3.601374e+02 2.671592e+02 2.795812e+01 1.018588e+00 5.464561e-01
320 3.604262e+02 2.693809e+02 2.887416e+01 1.022806e+00 5.613767e-01
321 3.580816e+02 2.722921e+02 2.928726e+01 1.050054e+00 5.017666e-01
322 3.559945e+02 2.737878e+02 3.054513e+01 1.160188e+00 5.192709e-01
323 3.591840e+02 2.752499e+02 2.989500e+01 1.369022e+00 4.811130e-01
324 3.593812e+02 2.768646e+02 2.839379e+01 1.517347e+00 4.429568e-01
325 3.596771e+02 2.773411e+02 2.974601e+01 1.456339e+00 4.368819e-01
326 3.612931e+02 2.774569e+02 3.134751e+01 1.413840e+00 4.434983e-01
327 3.595899e+02 2.786951e+02 3.140007e+01 1.583176e+00 4.125390e-01
328 3.612285e+02 2.799452e+02 3.096526e+01 1.791465e+00 4.066255e-01
329 3.628128e+02 2.827190e+02 3.130382e+01 1.937387e+00 3.557840e-01
330 3.641417e+02 2.838588e+02 3.192926e+01 2.157063e+00 3.712705e-01
331 3.595758e+02 2.856181e+02 3.285792e+01 1.936443e+00 3.202417e-01
332 3.495664e+02 2.889370e+02 3.341220e+01 1.411455e+00 1.912273e-01
333 3.392615e+02 2.965804e+02 3.598319e+01 1.146225e+00 1.515335e-01
334 3.296925e+02 3.023832e+02 3.648795e+01 1.140415e+00 1.227517e-01
335 3.152621e+02 3.064004e+02 3.680948e+01 1.056802e+00 6.752976e-02
336 3.009495e+02 3.089995e+02 3.723064e+01 1.080750e+00 5.175686e-02
337 2.687585e+02 3.125390e+02 3.760034e+01 2.182888e+00 7.515432e-02
338 3.520203e+02 3.105139e+02 3.895283e+01 2.234584e+00 6.674638e-02
339 3.562037e+02 3.070892e+02 3.897725e+01 2.407281e+00 4.696935e-02
340 3.457689e+02 3.040260e+02 3.872860e+01 2.931186e+00 4.066921e-02
341 3.307159e+02 3.102469e+02 3.832505e+01 3.551785e+00 3.461879e-02
342 3.202755e+02 3.153643e+02 3.813011e+01 4.003271e+00 0.000000e+00
result for iter 6: 4.577543e-01 2.387177e-01
iter 7
294 3.307043e+02 2.591938e+02 2.299998e+01 6.521757e-01 9.743839e-01
295 3.293050e+02 2.593087e+02 2.297222e+01 5.621742e-01 6.819485e-01
296 3.300642e+02 2.595397e+02 2.289803e+01 5.988140e-01 6.141603e-01
297 3.313661e+02 2.592241e+02 2.283716e+01 7.494604e-01 7.082770e-01
298 3.333201e+02 2.590052e+02 2.278044e+01 8.520145e-01 7.603099e-01
299 3.337362e+02 2.595558e+02 2.271339e+01 7.624257e-01 7.168663e-01
300 3.338345e+02 2.601061e+02 2.284458e+01 7.389941e-01 6.562130e-01
301 3.360330e+02 2.605472e+02 2.279284e+01 7.019851e-01 6.170704e-01
302 3.371779e+02 2.585396e+02 2.369716e+01 7.927538e-01 7.056334e-01
303 3.382725e+02 2.585628e+02 2.416243e+01 7.904631e-01 7.218752e-01
304 3.377389e+02 2.589719e+02 2.417802e+01 7.881364e-01 6.535226e-01
305 3.407904e+02 2.617433e+02 2.513416e+01 6.971605e-01 6.654269e-01
306 3.413463e+02 2.619840e+02 2.589685e+01 6.669256e-01 6.431810e-01
307 3.427923e+02 2.609135e+02 2.703318e+01 6.798474e-01 6.537629e-01
308 3.443872e+02 2.610825e+02 2.769465e+01 7.062417e-01 6.773622e-01
309 3.478481e+02 2.622378e+02 2.824318e+01 7.078068e-01 7.013680e-01
310 3.475919e+02 2.649689e+02 2.903061e+01 6.110759e-01 5.718018e-01
311 3.472862e+02 2.655429e+02 2.971189e+01 6.045436e-01 5.548553e-01
312 3.472023e+02 2.661663e+02 3.021294e+01 5.897766e-01 4.767060e-01
313 3.502009e+02 2.661232e+02 3.075337e+01 6.611351e-01 5.768812e-01
314 3.541947e+02 2.653963e+02 3.142890e+01 7.114204e-01 6.673538e-01
315 3.567370e+02 2.664539e+02 3.209370e+01 7.086214e-01 6.758185e-01
316 3.566433e+02 2.664249e+02 3.288749e+01 6.963159e-01 6.404132e-01
317 3.589780e+02 2.674307e+02 3.414846e+01 6.617229e-01 5.981761e-01
318 3.586355e+02 2.669604e+02 3.521642e+01 6.633405e-01 6.586014e-01
319 3.615509e+02 2.688932e+02 3.589800e+01 7.194385e-01 6.363191e-01
320 3.620033e+02 2.711262e+02 3.591263e+01 8.003351e-01 6.795298e-01
321 3.595555e+02 2.740364e+02 3.622329e+01 8.025505e-01 5.841607e-01
322 3.557510e+02 2.747071e+02 3.639133e+01 9.495331e-01 6.004345e-01
323 3.583670e+02 2.752706e+02 3.680626e+01 1.023573e+00 5.919640e-01
324 3.595860e+02 2.763894e+02 3.669254e+01 1.126565e+00 5.806301e-01
325 3.606857e+02 2.764110e+02 3.706053e+01 1.171878e+00 5.581197e-01
326 3.614249e+02 2.771428e+02 3.747849e+01 1.202315e+00 5.344498e-01
327 3.582422e+02 2.800285e+02 3.719078e+01 1.377404e+00 4.732182e-01
328 3.595492e+02 2.820725e+02 3.737700e+01 1.416654e+00 4.676488e-01
329 3.594563e+02 2.843507e+02 3.738827e+01 1.543868e+00 4.111471e-01
330 3.592747e+02 2.843146e+02 3.789995e+01 1.707998e+00 4.384605e-01
331 3.540851e+02 2.849660e+02 3.875208e+01 1.384588e+00 3.301474e-01
332 3.470837e+02 2.887555e+02 3.783726e+01 1.195151e+00 2.076515e-01
333 3.388847e+02 2.945512e+02 3.887846e+01 1.090646e+00 1.683223e-01
334 3.294163e+02 3.000616e+02 3.947708e+01 1.188336e+00 1.497251e-01
335 3.142758e+02 3.058054e+02 4.273971e+01 1.025380e+00 8.833447e-02
336 2.985178e+02 3.093259e+02 4.400866e+01 9.993524e-01 6.687077e-02
337 2.828694e+02 3.130658e+02 4.490591e+01 1.816462e+00 8.920149e-02
338 3.603706e+02 3.066281e+02 4.628153e+01 2.274592e+00 8.171395e-02
339 3.506723e+02 3.098519e+02 4.722054e+01 2.093806e+00 6.053383e-02
340 3.395657e+02 3.086722e+02 4.768647e+01 2.261937e+00 4.929095e-02
341 3.166336e+02 3.091095e+02 4.776480e+01 3.060640e+00 7.007678e-02
342 3.060743e+02 3.108598e+02 4.770523e+01 3.632756e+00 2.524117e-02
result for iter 7: 5.003094e-01 2.394449e-01
iter 8
294 3.294169e+02 2.588031e+02 2.300000e+01 6.522278e-01 9.189508e-01
295 3.283459e+02 2.576600e+02 2.293194e+01 7.243263e-01 8.032426e-01
296 3.305274e+02 2.567122e+02 2.278210e+01 8.045469e-01 8.195971e-01
297 3.320315e+02 2.568500e+02 2.268706e+01 8.602267e-01 8.287407e-01
298 3.341444e+02 2.584196e+02 2.266544e+01 8.273363e-01 8.066136e-01
299 3.338137e+02 2.603138e+02 2.264969e+01 7.242790e-01 6.795447e-01
300 3.341178e+02 2.609905e+02 2.256685e+01 7.227671e-01 6.224656e-01
301 3.357451e+02 2.615171e+02 2.272768e+01 6.606577e-01 5.692653e-01
302 3.374422e+02 2.611671e+02 2.269176e+01 7.016388e-01 5.786594e-01
303 3.392240e+02 2.599613e+02 2.289384e+01 7.481133e-01 6.531309e-01
304 3.389244e+02 2.600705e+02 2.275515e+01 7.764181e-01 5.999286e-01
305 3.399722e+02 2.621202e+02 2.221098e+01 7.631972e-01 5.430667e-01
306 3.426801e+02 2.603481e+02 2.328876e+01 8.326116e-01 6.611448e-01
307 3.433196e+02 2.604290e+02 2.393433e+01 7.826323e-01 5.999831e-01
308 3.442593e+02 2.612259e+02 2.375254e+01 8.074793e-01 5.643974e-01
309 3.486378e+02 2.625490e+02 2.407146e+01 8.195482e-01 5.899066e-01
310 3.465027e+02 2.635857e+02 2.355670e+01 8.110303e-01 4.746042e-01
311 3.478358e+02 2.641901e+02 2.460908e+01 8.003363e-01 5.057937e-01
312 3.482045e+02 2.657974e+02 2.511023e+01 7.482371e-01 4.215476e-01
313 3.507764e+02 2.660197e+02 2.520803e+01 8.082270e-01 4.714801e-01
314 3.545925e+02 2.651725e+02 2.548836e+01 9.174515e-01 5.660287e-01
315 3.553239e+02 2.647143e+02 2.523604e+01 9.680477e-01 5.708415e-01
316 3.563990e+02 2.651571e+02 2.574686e+01 9.341793e-01 5.265883e-01
317 3.592212e+02 2.662533e+02 2.646816e+01 9.199494e-01 4.995995e-01
318 3.587286e+02 2.652318e+02 2.679859e+01 9.619474e-01 5.159984e-01
319 3.625677e+02 2.678236e+02 2.937185e+01 9.296948e-01 5.504829e-01
320 3.638865e+02 2.690803e+02 3.043924e+01 9.504602e-01 5.797540e-01
321 3.614360e+02 2.706815e+02 3.185597e+01 9.854123e-01 5.753647e-01
322 3.558897e+02 2.724203e+02 3.198058e+01 1.123720e+00 5.674940e-01
323 3.605575e+02 2.738950e+02 3.384677e+01 1.246661e+00 5.672446e-01
324 3.601028e+02 2.764479e+02 3.396393e+01 1.283152e+00 5.365167e-01
325 3.607598e+02 2.762209e+02 3.539783e+01 1.237222e+00 5.357769e-01
326 3.633013e+02 2.766896e+02 3.597241e+01 1.309238e+00 5.188059e-01
327 3.604816e+02 2.781893e+02 3.494352e+01 1.469067e+00 4.645826e-01
328 3.609923e+02 2.794424e+02 3.434259e+01 1.660209e+00 4.560089e-01
329 3.596853e+02 2.822143e+02 3.529078e+01 1.796112e+00 4.051239e-01
330 3.585944e+02 2.838599e+02 3.599284e+01 1.871959e+00 4.185214e-01
331 3.551351e+02 2.855057e+02 3.778627e+01 1.556542e+00 3.528793e-01
332 3.475660e+02 2.876228e+02 3.896239e+01 1.194958e+00 2.201490e-01
333 3.394424e+02 2.898198e+02 3.994252e+01 1.201842e+00 1.957754e-01
334 3.288783e+02 2.972062e+02 3.993506e+01 1.188738e+00 1.532711e-01
335 3.150006e+02 3.051301e+02 3.930299e+01 1.046907e+00 7.626786e-02
336 2.997797e+02 3.094155e+02 3.947683e+01 1.012482e+00 5.451463e-02
337 2.800937e+02 3.131354e+02 3.964699e+01 2.022171e+00 7.740645e-02
338 3.600546e+02 3.001886e+02 4.198167e+01 2.636669e+00 8.148334e-02
339 3.523896e+02 3.000113e+02 4.022057e+01 2.516769e+00 5.265177e-02
340 3.465914e+02 3.033995e+02 4.076763e+01 2.651976e+00 3.641168e-02
341 3.233806e+02 3.112604e+02 4.106764e+01 3.288377e+00 4.927079e-02
342 3.116724e+02 3.148423e+02 4.155688e+01 3.673265e+00 6.358966e-03
result for iter 8: 4.678212e-01 2.317842e-01
iter 9
294 3.326637e+02 2.579000e+02 2.300000e+01 6.521078e-01 8.595435e-01
295 3.312216e+02 2.608321e+02 2.297840e+01 6.569136e-01 7.612709e-01
296 3.313797e+02 2.597485e+02 2.294158e+01 6.526084e-01 7.140827e-01
297 3.320808e+02 2.590662e+02 2.289872e+01 7.212587e-01 7.428539e-01
298 3.329663e+02 2.596586e+02 2.287696e+01 7.946212e-01 7.225696e-01
299 3.331917e+02 2.599610e+02 2.279550e+01 7.275951e-01 6.710638e-01
300 3.338872e+02 2.594394e+02 2.285959e+01 7.539821e-01 6.721533e-01
301 3.354782e+02 2.609822e+02 2.264572e+01 6.967824e-01 5.880346e-01
302 3.373349e+02 2.608061e+02 2.295877e+01 7.172055e-01 6.027773e-01
303 3.389133e+02 2.599165e+02 2.261848e+01 8.025366e-01 6.738765e-01
304 3.386773e+02 2.608113e+02 2.272866e+01 7.559182e-01 5.756893e-01
305 3.398538e+02 2.631468e+02 2.305790e+01 7.133864e-01 5.460019e-01
306 3.423669e+02 2.617757e+02 2.303982e+01 7.988539e-01 6.334972e-01
307 3.440435e+02 2.610216e+02 2.246287e+01 8.316894e-01 5.780361e-01
308 3.443173e+02 2.614604e+02 2.214736e+01 8.623263e-01 5.242163e-01
309 3.487672e+02 2.625582e+02 2.275732e+01 8.799806e-01 5.661341e-01
310 3.472719e+02 2.629020e+02 2.260448e+01 8.779076e-01 4.888843e-01
311 3.488260e+02 2.624488e+02 2.300652e+01 9.113176e-01 5.099676e-01
312 3.489109e+02 2.633853e+02 2.178746e+01 9.211696e-01 3.950257e-01
313 3.511177e+02 2.637729e+02 2.157047e+01 1.026548e+00 4.355947e-01
314 3.546062e+02 2.630791e+02 2.205994e+01 1.110681e+00 5.132975e-01
315 3.552724e+02 2.627069e+02 2.150464e+01 1.145845e+00 4.648970e-01
316 3.561269e+02 2.634601e+02 2.235177e+01 1.119621e+00 4.463827e-01
317 3.595195e+02 2.650173e+02 2.338595e+01 1.088927e+00 4.616572e-01
318 3.575889e+02 2.657073e+02 2.331662e+01 1.086670e+00 4.495926e-01
319 3.600970e+02 2.662367e+02 2.341228e+01 1.195032e+00 4.373150e-01
320 3.610782e+02 2.666292e+02 2.349518e+01 1.359748e+00 4.574780e-01
321 3.587432e+02 2.704271e+02 2.357847e+01 1.400543e+00 4.293194e-01
322 3.553536e+02 2.736221e+02 2.403190e+01 1.439438e+00 4.107139e-01
323 3.585941e+02 2.746536e+02 2.387356e+01 1.715548e+00 3.912026e-01
324 3.606814e+02 2.754332e+02 2.552534e+01 1.765667e+00 4.154096e-01
325 3.625979e+02 2.751104e+02 2.731188e+01 1.630495e+00 4.255398e-01
326 3.647976e+02 2.761446e+02 2.782700e+01 1.753198e+00 4.067561e-01
327 3.599623e+02 2.776017e+02 2.829877e+01 1.946639e+00 3.814032e-01
328 3.606139e+02 2.785669e+02 2.829379e+01 2.089351e+00 3.829112e-01
329 3.640181e+02 2.813364e+02 2.829557e+01 2.268274e+00 3.304364e-01
330 3.682458e+02 2.833655e+02 2.827893e+01 2.494297e+00 3.288247e-01
331 3.606559e+02 2.861702e+02 3.095822e+01 2.053825e+00 2.990126e-01
332 3.475105e+02 2.908556e+02 3.421778e+01 1.287299e+00 1.829177e-01
333 3.363677e+02 2.973069e+02 3.727616e+01 1.057486e+00 1.500295e-01
334 3.265549e+02 3.029401e+02 3.877996e+01 1.043279e+00 1.268471e-01
335 3.141028e+02 3.072451e+02 3.977510e+01 9.204279e-01 6.867436e-02
336 2.994334e+02 3.098231e+02 4.045763e+01 9.828000e-01 5.557859e-02
337 2.772387e+02 3.108799e+02 4.082791e+01 1.792366e+00 7.275786e-02
338 3.600609e+02 3.016459e+02 4.001735e+01 1.530618e+00 3.978251e-02
339 3.577162e+02 3.078300e+02 3.945104e+01 2.171010e+00 4.041255e-02
340 3.443155e+02 3.101381e+02 4.080429e+01 2.679895e+00 4.389930e-02
341 3.248272e+02 3.146617e+02 4.256788e+01 3.050551e+00 4.530238e-02
342 3.141796e+02 3.184435e+02 4.273745e+01 3.490800e+00 0.000000e+00
result for iter 9: 4.187678e-01 2.208843e-01
iter 10
294 3.296714e+02 2.594345e+02 2.299997e+01 6.522177e-01 9.148771e-01
295 3.281612e+02 2.582523e+02 2.304393e+01 5.940810e-01 6.846819e-01
296 3.295838e+02 2.577326e+02 2.308721e+01 6.126940e-01 6.247845e-01
297 3.316325e+02 2.577840e+02 2.303355e+01 7.530912e-01 7.906356e-01
298 3.347574e+02 2.586305e+02 2.301922e+01 8.383693e-01 8.093758e-01
299 3.342594e+02 2.597737e+02 2.298656e+01 7.584883e-01 7.408656e-01
300 3.338508e+02 2.605740e+02 2.269265e+01 7.187396e-01 6.298232e-01
301 3.355941e+02 2.617115e+02 2.246266e+01 6.625930e-01 5.528098e-01
302 3.374911e+02 2.609682e+02 2.256595e+01 7.318177e-01 5.981175e-01
303 3.398579e+02 2.602196e+02 2.239504e+01 7.994134e-01 6.868828e-01
304 3.397948e+02 2.604183e+02 2.193147e+01 8.062859e-01 6.018107e-01
305 3.401220e+02 2.623860e+02 2.196531e+01 7.833128e-01 5.485980e-01
306 3.430023e+02 2.604612e+02 2.251445e+01 8.684107e-01 6.575541e-01
307 3.432290e+02 2.605259e+02 2.301334e+01 8.555461e-01 6.032069e-01
308 3.445262e+02 2.603965e+02 2.325630e+01 8.801221e-01 5.963191e-01
309 3.488439e+02 2.615904e+02 2.478686e+01 8.441192e-01 6.442448e-01
310 3.479536e+02 2.617707e+02 2.527015e+01 8.206055e-01 5.890327e-01
311 3.491759e+02 2.627604e+02 2.567664e+01 8.171880e-01 5.898375e-01
312 3.493425e+02 2.648688e+02 2.602066e+01 7.766337e-01 4.969842e-01
313 3.520382e+02 2.640853e+02 2.647715e+01 8.989760e-01 6.142326e-01
314 3.553802e+02 2.641230e+02 2.693766e+01 9.468503e-01 6.524881e-01
315 3.570435e+02 2.637083e+02 2.736337e+01 8.980305e-01 6.152053e-01
316 3.571173e+02 2.632736e+02 2.780500e+01 9.118166e-01 5.586224e-01
317 3.596701e+02 2.652056e+02 2.828062e+01 8.632232e-01 5.351945e-01
318 3.568960e+02 2.649572e+02 2.890333e+01 8.740674e-01 5.382142e-01
319 3.624574e+02 2.678116e+02 2.950467e+01 9.243215e-01 5.522623e-01
320 3.648610e+02 2.702701e+02 3.011578e+01 9.621190e-01 5.744593e-01
321 3.619788e+02 2.721182e+02 3.042225e+01 9.886974e-01 5.242620e-01
322 3.578192e+02 2.726046e+02 2.996039e+01 1.235494e+00 5.286382e-01
323 3.595107e+02 2.741869e+02 2.972828e+01 1.421628e+00 4.939579e-01
324 3.600106e+02 2.756917e+02 2.931146e+01 1.490965e+00 4.734593e-01
325 3.621170e+02 2.762646e+02 2.924259e+01 1.546547e+00 4.421002e-01
326 3.638340e+02 2.778560e+02 2.962641e+01 1.629661e+00 4.149182e-01
327 3.604425e+02 2.794654e+02 2.861604e+01 1.904119e+00 3.691170e-01
328 3.627750e+02 2.798033e+02 2.907667e+01 1.938371e+00 3.830285e-01
329 3.655273e+02 2.816203e+02 2.881764e+01 2.135096e+00 3.346836e-01
330 3.680347e+02 2.831037e+02 2.774460e+01 2.408947e+00 3.226117e-01
331 3.584385e+02 2.848409e+02 2.871943e+01 1.952966e+00 2.557664e-01
332 3.499134e+02 2.891705e+02 2.972756e+01 1.446604e+00 1.551461e-01
333 3.402545e+02 2.973519e+02 2.767626e+01 1.434514e+00 1.121913e-01
334 3.300091e+02 3.037427e+02 2.720484e+01 1.485521e+00 8.888669e-02
335 3.156484e+02 3.070417e+02 2.728425e+01 1.554004e+00 5.455798e-02
336 3.038377e+02 3.083705e+02 2.712639e+01 1.498853e+00 3.810521e-02
337 2.939554e+02 3.136870e+02 2.670973e+01 2.556985e+00 4.442281e-02
338 3.474817e+02 3.191808e+02 2.565405e+01 3.629200e+00 4.957429e-02
339 3.601200e+02 3.184876e+02 2.579254e+01 3.916719e+00 4.598469e-02
340 3.578548e+02 3.175586e+02 2.606838e+01 3.977586e+00 2.368496e-02
341 3.480151e+02 3.173619e+02 2.617543e+01 4.212371e+00 0.000000e+00
342 3.327939e+02 3.193968e+02 2.628291e+01 4.749396e+00 0.000000e+00
result for iter 10: 4.521677e-01 2.443610e-01
iter 11
294 3.320226e+02 2.591228e+02 2.299998e+01 6.521926e-01 9.476901e-01
295 3.280799e+02 2.579307e+02 2.275384e+01 7.156684e-01 7.847388e-01
296 3.286502e+02 2.568329e+02 2.271856e+01 7.543845e-01 7.023864e-01
297 3.318388e+02 2.571035e+02 2.193107e+01 8.763801e-01 7.862490e-01
298 3.343696e+02 2.579785e+02 2.159379e+01 8.847519e-01 7.877602e-01
299 3.336267e+02 2.601347e+02 2.168710e+01 7.637525e-01 6.475819e-01
300 3.340024e+02 2.609347e+02 2.112784e+01 7.565511e-01 5.747810e-01
301 3.355291e+02 2.625689e+02 2.094986e+01 6.617526e-01 4.744182e-01
302 3.371807e+02 2.635520e+02 2.065809e+01 6.753041e-01 4.544516e-01
303 3.390380e+02 2.607328e+02 1.967555e+01 8.594171e-01 5.455796e-01
304 3.376207e+02 2.614764e+02 1.954043e+01 8.340208e-01 4.324792e-01
305 3.387924e+02 2.638306e+02 1.974943e+01 7.847796e-01 4.069528e-01
306 3.413463e+02 2.624158e+02 1.992368e+01 8.766321e-01 4.901657e-01
307 3.439812e+02 2.612837e+02 1.923220e+01 9.707881e-01 4.941067e-01
308 3.436713e+02 2.604411e+02 1.893049e+01 1.061674e+00 4.523799e-01
309 3.456974e+02 2.598831e+02 1.905383e+01 1.152590e+00 4.596442e-01
310 3.460428e+02 2.605574e+02 1.891221e+01 1.163795e+00 4.117953e-01
311 3.500901e+02 2.619450e+02 1.925178e+01 1.137367e+00 4.590767e-01
312 3.504181e+02 2.619417e+02 1.954057e+01 1.171328e+00 4.315769e-01
313 3.512164e+02 2.627199e+02 1.955115e+01 1.211383e+00 4.130792e-01
314 3.544772e+02 2.615098e+02 2.019616e+01 1.247678e+00 4.547127e-01
315 3.552172e+02 2.620823e+02 1.976257e+01 1.263268e+00 4.217431e-01
316 3.560543e+02 2.637125e+02 1.986611e+01 1.253148e+00 3.988031e-01
317 3.602372e+02 2.649239e+02 2.006230e+01 1.266739e+00 3.940549e-01
318 3.578623e+02 2.641714e+02 1.910467e+01 1.359801e+00 3.546693e-01
319 3.600147e+02 2.651036e+02 2.062235e+01 1.415987e+00 3.864687e-01
320 3.602332e+02 2.670134e+02 2.200864e+01 1.392588e+00 4.152860e-01
321 3.580568e+02 2.704717e+02 2.303259e+01 1.300465e+00 3.978645e-01
322 3.549310e+02 2.727404e+02 2.292389e+01 1.324480e+00 3.790961e-01
323 3.573214e+02 2.746233e+02 2.337690e+01 1.553237e+00 3.834118e-01
324 3.611299e+02 2.751221e+02 2.380930e+01 1.885555e+00 3.909691e-01
325 3.633324e+02 2.759105e+02 2.386238e+01 2.050247e+00 3.641450e-01
326 3.667431e+02 2.771484e+02 2.406610e+01 2.085022e+00 3.431389e-01
327 3.614482e+02 2.789380e+02 2.476074e+01 2.167666e+00 3.234427e-01
328 3.632809e+02 2.796238e+02 2.509638e+01 2.266316e+00 3.319089e-01
329 3.663413e+02 2.814965e+02 2.498123e+01 2.511467e+00 2.908276e-01
330 3.674920e+02 2.828276e+02 2.543914e+01 2.717016e+00 2.958040e-01
331 3.656853e+02 2.830676e+02 2.622947e+01 2.773131e+00 2.662611e-01
332 3.553847e+02 2.859901e+02 2.640681e+01 2.183517e+00 1.847827e-01
333 3.453957e+02 2.929693e+02 2.665025e+01 1.899143e+00 1.377210e-01
334 3.335456e+02 2.986707e+02 2.707659e+01 1.815691e+00 1.076206e-01
335 3.182690e+02 3.035327e+02 2.694584e+01 1.696059e+00 5.807735e-02
336 3.071068e+02 3.072762e+02 2.664506e+01 1.550237e+00 3.802532e-02
337 3.815128e+02 2.987921e+02 2.994250e+01 2.468177e+00 4.626839e-02
338 3.708416e+02 2.961573e+02 2.940261e+01 3.365058e+00 4.888156e-02
339 3.634833e+02 2.939425e+02 2.909381e+01 3.533260e+00 3.453182e-02
340 3.563393e+02 2.963696e+02 2.914285e+01 3.822813e+00 2.178764e-02
341 3.403402e+02 3.012584e+02 2.941596e+01 4.335025e+00 1.185364e-02
342 3.270925e+02 3.021992e+02 2.972318e+01 5.064908e+00 0.000000e+00
result for iter 11: 3.763072e-01 2.170703e-01
iter 12
294 3.299111e+02 2.594603e+02 2.300001e+01 6.521590e-01 9.234210e-01
295 3.315078e+02 2.575816e+02 2.305952e+01 6.980184e-01 9.213526e-01
296 3.325502e+02 2.570539e+02 2.310434e+01 7.939249e-01 8.859663e-01
297 3.322909e+02 2.574648e+02 2.315239e+01 8.342741e-01 8.355816e-01
298 3.337982e+02 2.595112e+02 2.331194e+01 7.728589e-01 7.713706e-01
299 3.333468e+02 2.603136e+02 2.313756e+01 7.014066e-01 6.729513e-01
300 3.341550e+02 2.601146e+02 2.334815e+01 7.140208e-01 6.738350e-01
301 3.360869e+02 2.618488e+02 2.340847e+01 6.090127e-01 5.674810e-01
302 3.368172e+02 2.620602e+02 2.389546e+01 6.504281e-01 5.796497e-01
303 3.384991e+02 2.598609e+02 2.432482e+01 7.331428e-01 7.017779e-01
304 3.384718e+02 2.592494e+02 2.476573e+01 7.413066e-01 6.703751e-01
305 3.387233e+02 2.608692e+02 2.518717e+01 7.197318e-01 6.304640e-01
306 3.412036e+02 2.598818e+02 2.550418e+01 7.677979e-01 6.724047e-01
307 3.429039e+02 2.598251e+02 2.630303e+01 7.385912e-01 6.684441e-01
308 3.449941e+02 2.609812e+02 2.689334e+01 7.360820e-01 6.806322e-01
309 3.485850e+02 2.642906e+02 2.734399e+01 6.662836e-01 6.188521e-01
310 3.482325e+02 2.661888e+02 2.764550e+01 6.037830e-01 5.196566e-01
311 3.483362e+02 2.660682e+02 2.801667e+01 6.310954e-01 5.331232e-01
312 3.476984e+02 2.662298e+02 2.822433e+01 6.367912e-01 4.525928e-01
313 3.503325e+02 2.664478e+02 2.879349e+01 7.118635e-01 5.421130e-01
314 3.548167e+02 2.661580e+02 2.943570e+01 7.636000e-01 6.283275e-01
315 3.572080e+02 2.661161e+02 3.000466e+01 7.567181e-01 6.307944e-01
316 3.571803e+02 2.667400e+02 3.055929e+01 7.563267e-01 6.006042e-01
317 3.607068e+02 2.674927e+02 3.119005e+01 7.438801e-01 5.609778e-01
318 3.575101e+02 2.663872e+02 3.144009e+01 7.807420e-01 6.034327e-01
319 3.598580e+02 2.679952e+02 3.235101e+01 8.408548e-01 6.040007e-01
320 3.619883e+02 2.698509e+02 3.310946e+01 8.555448e-01 6.174320e-01
321 3.606898e+02 2.716635e+02 3.372208e+01 9.057569e-01 5.899712e-01
322 3.566230e+02 2.736826e+02 3.266663e+01 1.121129e+00 5.572079e-01
323 3.596505e+02 2.758024e+02 3.227278e+01 1.242417e+00 5.106166e-01
324 3.586048e+02 2.777713e+02 3.085824e+01 1.335788e+00 4.682301e-01
325 3.605454e+02 2.774198e+02 3.134118e+01 1.310672e+00 4.593216e-01
326 3.620497e+02 2.778703e+02 3.232743e+01 1.363599e+00 4.525802e-01
327 3.600277e+02 2.780931e+02 3.192632e+01 1.711795e+00 4.254223e-01
328 3.621488e+02 2.786337e+02 3.229533e+01 1.862044e+00 4.364372e-01
329 3.632756e+02 2.811976e+02 3.158006e+01 2.017473e+00 3.697838e-01
330 3.627863e+02 2.823380e+02 3.251562e+01 2.075285e+00 3.780886e-01
331 3.536653e+02 2.842265e+02 3.499983e+01 1.532947e+00 2.981648e-01
332 3.455344e+02 2.896137e+02 3.660113e+01 1.105172e+00 1.796768e-01
333 3.370136e+02 2.951831e+02 4.165645e+01 1.007859e+00 1.785683e-01
334 3.275494e+02 3.009328e+02 4.323610e+01 1.030901e+00 1.558029e-01
335 3.137928e+02 3.056993e+02 4.489677e+01 9.108622e-01 8.658951e-02
336 2.985501e+02 3.090894e+02 4.553975e+01 9.147196e-01 6.554064e-02
337 2.753471e+02 3.122024e+02 4.537959e+01 1.949964e+00 9.778820e-02
338 3.243921e+02 3.083091e+02 4.511714e+01 2.592027e+00 1.032451e-01
339 3.485079e+02 3.051955e+02 4.507645e+01 2.702771e+00 7.793397e-02
340 3.381560e+02 3.079094e+02 4.515783e+01 2.689641e+00 5.987067e-02
341 3.191744e+02 3.088985e+02 4.555802e+01 3.286545e+00 6.688281e-02
342 3.094640e+02 3.159516e+02 4.593409e+01 3.967968e+00 1.444585e-02
result for iter 12: 4.857099e-01 2.445286e-01
iter 13
294 3.318535e+02 2.580227e+02 2.299996e+01 6.521549e-01 9.001280e-01
295 3.347221e+02 2.586747e+02 2.310911e+01 7.535832e-01 8.102889e-01
296 3.339871e+02 2.591406e+02 2.325975e+01 7.658055e-01 7.882167e-01
297 3.317696e+02 2.587489e+02 2.338178e+01 7.569484e-01 7.638484e-01
298 3.327374e+02 2.593297e+02 2.360372e+01 7.779767e-01 7.539151e-01
299 3.338478e+02 2.597394e+02 2.375796e+01 7.353871e-01 7.549150e-01
300 3.338065e+02 2.600134e+02 2.397573e+01 7.168534e-01 6.954976e-01
301 3.344015e+02 2.616733e+02 2.443983e+01 6.037599e-01 5.695014e-01
302 3.360334e+02 2.629135e+02 2.480643e+01 5.778190e-01 5.375661e-01
303 3.381284e+02 2.607501e+02 2.530792e+01 6.808650e-01 6.962727e-01
304 3.382629e+02 2.622716e+02 2.555292e+01 6.120789e-01 5.859594e-01
305 3.390917e+02 2.643937e+02 2.612187e+01 5.698078e-01 5.484471e-01
306 3.411099e+02 2.629046e+02 2.563033e+01 6.647306e-01 6.213024e-01
307 3.430889e+02 2.619927e+02 2.560580e+01 7.115065e-01 6.197030e-01
308 3.445350e+02 2.619395e+02 2.668109e+01 7.280199e-01 6.511890e-01
309 3.473824e+02 2.637747e+02 2.848491e+01 6.546304e-01 6.598269e-01
310 3.475397e+02 2.634966e+02 2.883718e+01 6.820237e-01 6.284987e-01
311 3.488491e+02 2.631627e+02 2.842263e+01 7.659409e-01 6.792996e-01
312 3.484814e+02 2.643492e+02 3.043864e+01 6.788103e-01 5.854991e-01
313 3.514173e+02 2.661675e+02 3.141173e+01 6.856897e-01 6.536202e-01
314 3.550794e+02 2.660667e+02 3.221131e+01 7.301222e-01 7.194223e-01
315 3.565970e+02 2.662498e+02 3.313820e+01 6.728819e-01 6.841841e-01
316 3.552796e+02 2.662424e+02 3.415669e+01 6.686213e-01 6.633218e-01
317 3.571064e+02 2.679693e+02 3.488062e+01 6.432657e-01 6.066933e-01
318 3.567290e+02 2.670070e+02 3.573980e+01 6.631340e-01 6.792643e-01
319 3.606800e+02 2.687962e+02 3.668620e+01 6.872965e-01 6.348782e-01
320 3.612181e+02 2.715696e+02 3.760698e+01 6.681136e-01 6.220561e-01
321 3.599436e+02 2.732634e+02 3.871952e+01 6.992921e-01 6.046016e-01
322 3.566608e+02 2.744909e+02 3.961153e+01 8.589107e-01 6.582305e-01
323 3.597536e+02 2.745989e+02 4.131226e+01 9.471401e-01 6.780721e-01
324 3.622602e+02 2.742826e+02 4.338730e+01 9.019910e-01 7.296060e-01
325 3.640870e+02 2.752064e+02 4.408673e+01 8.243521e-01 6.419245e-01
326 3.654523e+02 2.775909e+02 4.431207e+01 8.104666e-01 5.693739e-01
327 3.607705e+02 2.801503e+02 4.668706e+01 9.776430e-01 5.922833e-01
328 3.595667e+02 2.810846e+02 4.775972e+01 1.089588e+00 6.113050e-01
329 3.583467e+02 2.821618e+02 4.725538e+01 1.275898e+00 5.430328e-01
330 3.570711e+02 2.829793e+02 4.753014e+01 1.403385e+00 5.526761e-01
331 3.526033e+02 2.835165e+02 4.840518e+01 1.152163e+00 4.286421e-01
332 3.466179e+02 2.854656e+02 4.823369e+01 1.070315e+00 3.021937e-01
333 3.374649e+02 2.927652e+02 5.083095e+01 9.474156e-01 2.499406e-01
334 3.279041e+02 2.981774e+02 5.201514e+01 9.124812e-01 1.995947e-01
335 3.249543e+02 2.993849e+02 5.022016e+01 9.282279e-01 1.104061e-01
336 3.486661e+02 2.945057e+02 5.294085e+01 1.084281e+00 9.494476e-02
337 3.677487e+02 2.928309e+02 5.545134e+01 1.177699e+00 5.364334e-02
338 3.568206e+02 2.975953e+02 5.600844e+01 1.409445e+00 5.642653e-02
339 3.456692e+02 3.029419e+02 5.660895e+01 1.754844e+00 6.317075e-02
340 3.309071e+02 3.079815e+02 5.720392e+01 2.080365e+00 7.042020e-02
341 3.113824e+02 3.128072e+02 5.776588e+01 2.679814e+00 9.347676e-02
342 2.965272e+02 3.188157e+02 5.822974e+01 3.339365e+00 5.564600e-02
result for iter 13: 5.321005e-01 2.365103e-01
iter 14
294 3.307836e+02 2.586630e+02 2.299998e+01 6.521660e-01 9.683235e-01
295 3.285449e+02 2.591329e+02 2.295158e+01 7.192234e-01 7.548351e-01
296 3.296117e+02 2.587025e+02 2.287138e+01 7.718742e-01 7.132954e-01
297 3.319775e+02 2.577756e+02 2.272380e+01 8.003623e-01 7.923713e-01
298 3.344737e+02 2.582755e+02 2.276238e+01 8.518799e-01 8.167036e-01
299 3.325027e+02 2.603400e+02 2.312915e+01 6.915576e-01 6.356566e-01
300 3.331610e+02 2.616937e+02 2.323877e+01 6.589420e-01 5.869265e-01
301 3.349782e+02 2.631017e+02 2.404791e+01 5.617338e-01 5.259843e-01
302 3.363047e+02 2.643728e+02 2.426814e+01 5.283329e-01 4.752407e-01
303 3.383716e+02 2.638411e+02 2.454964e+01 5.680287e-01 5.510946e-01
304 3.377922e+02 2.646977e+02 2.466705e+01 5.385263e-01 4.680812e-01
305 3.390882e+02 2.655573e+02 2.515446e+01 5.524709e-01 4.906482e-01
306 3.412653e+02 2.634130e+02 2.573920e+01 6.485576e-01 6.155381e-01
307 3.426203e+02 2.615581e+02 2.612613e+01 6.813547e-01 6.067700e-01
308 3.448011e+02 2.607337e+02 2.668652e+01 7.449760e-01 6.733950e-01
309 3.480652e+02 2.616593e+02 2.749039e+01 7.420749e-01 6.966485e-01
310 3.480951e+02 2.618081e+02 2.825911e+01 7.398230e-01 6.653216e-01
311 3.483541e+02 2.623783e+02 2.888287e+01 7.123956e-01 6.218492e-01
312 3.480518e+02 2.640647e+02 2.939899e+01 6.674772e-01 5.257092e-01
313 3.506385e+02 2.650354e+02 2.977809e+01 7.151234e-01 5.921481e-01
314 3.546360e+02 2.651016e+02 3.030991e+01 7.823111e-01 6.825277e-01
315 3.572359e+02 2.659059e+02 3.084318e+01 7.364649e-01 6.487040e-01
316 3.581547e+02 2.668259e+02 3.063857e+01 7.300124e-01 5.827195e-01
317 3.617797e+02 2.677752e+02 3.075776e+01 7.431688e-01 5.450136e-01
318 3.591731e+02 2.670450e+02 3.053472e+01 7.783873e-01 5.819918e-01
319 3.609392e+02 2.690481e+02 3.171838e+01 8.151015e-01 5.628264e-01
320 3.594581e+02 2.699090e+02 3.178237e+01 9.032303e-01 6.006387e-01
321 3.590507e+02 2.711215e+02 3.226229e+01 9.735307e-01 5.745159e-01
322 3.562639e+02 2.732232e+02 3.175278e+01 1.119732e+00 5.495660e-01
323 3.599756e+02 2.754807e+02 3.187549e+01 1.226698e+00 5.093696e-01
324 3.589199e+02 2.774656e+02 3.168600e+01 1.321363e+00 4.853506e-01
325 3.602096e+02 2.781245e+02 3.218431e+01 1.292253e+00 4.625911e-01
326 3.629000e+02 2.786752e+02 3.164538e+01 1.464393e+00 4.339189e-01
327 3.605032e+02 2.795048e+02 3.122075e+01 1.607538e+00 4.023325e-01
328 3.633967e+02 2.795387e+02 3.096908e+01 1.757940e+00 4.103454e-01
329 3.646334e+02 2.820525e+02 3.063041e+01 1.984230e+00 3.527445e-01
330 3.644637e+02 2.838701e+02 3.076555e+01 2.235943e+00 3.577389e-01
331 3.617207e+02 2.844659e+02 3.067212e+01 2.316603e+00 3.045497e-01
332 3.506557e+02 2.863238e+02 2.963898e+01 1.830281e+00 1.951269e-01
333 3.414098e+02 2.898690e+02 2.934403e+01 1.681892e+00 1.478690e-01
334 3.330874e+02 2.932891e+02 2.893403e+01 1.843320e+00 1.247626e-01
335 3.188289e+02 2.990595e+02 2.913343e+01 1.777177e+00 7.113710e-02
336 3.041736e+02 3.041653e+02 2.895674e+01 1.713007e+00 4.962494e-02
337 2.809554e+02 3.038734e+02 2.949054e+01 3.012845e+00 6.228157e-02
338 3.587383e+02 3.135207e+02 3.002105e+01 3.322509e+00 6.122969e-02
339 3.579711e+02 3.066832e+02 3.003833e+01 3.464854e+00 4.859721e-02
340 3.556545e+02 3.059722e+02 3.012309e+01 3.585595e+00 2.472940e-02
341 3.443502e+02 3.099269e+02 3.030314e+01 3.776769e+00 5.232079e-03
342 3.294652e+02 3.135028e+02 3.045286e+01 4.345719e+00 0.000000e+00
result for iter 14: 4.615220e-01 2.419613e-01
iter 15
294 3.274024e+02 2.601316e+02 2.300002e+01 6.521765e-01 7.799366e-01
295 3.276729e+02 2.592414e+02 2.308240e+01 7.314539e-01 7.102641e-01
296 3.298601e+02 2.584823e+02 2.310090e+01 7.900842e-01 7.398011e-01
297 3.312688e+02 2.583628e+02 2.319998e+01 7.914291e-01 7.567599e-01
298 3.345628e+02 2.586860e+02 2.318224e+01 7.852561e-01 8.125066e-01
299 3.341585e+02 2.594892e+02 2.313551e+01 7.392446e-01 7.372203e-01
300 3.340327e+02 2.594866e+02 2.316509e+01 7.372576e-01 6.805057e-01
301 3.359317e+02 2.605323e+02 2.310676e+01 6.890760e-01 6.203342e-01
302 3.368620e+02 2.611229e+02 2.343709e+01 6.937528e-01 5.953572e-01
303 3.381158e+02 2.615740e+02 2.376553e+01 6.725195e-01 6.029745e-01
304 3.382803e+02 2.625972e+02 2.363490e+01 6.520757e-01 5.292934e-01
305 3.393307e+02 2.638682e+02 2.354275e+01 6.606837e-01 5.153537e-01
306 3.424511e+02 2.617119e+02 2.387426e+01 7.574015e-01 6.478944e-01
307 3.441654e+02 2.609538e+02 2.442745e+01 7.462572e-01 6.133496e-01
308 3.450339e+02 2.612638e+02 2.532333e+01 7.575593e-01 6.212282e-01
309 3.483770e+02 2.626392e+02 2.611277e+01 7.482754e-01 6.338280e-01
310 3.473665e+02 2.650854e+02 2.659998e+01 6.661018e-01 5.181101e-01
311 3.480376e+02 2.652535e+02 2.672864e+01 6.966181e-01 5.276195e-01
312 3.477965e+02 2.654691e+02 2.645464e+01 6.998321e-01 4.336344e-01
313 3.505906e+02 2.652141e+02 2.648786e+01 8.009590e-01 5.153957e-01
314 3.552244e+02 2.651014e+02 2.707936e+01 8.617274e-01 6.000925e-01
315 3.568952e+02 2.644212e+02 2.639892e+01 9.026917e-01 5.824896e-01
316 3.565988e+02 2.646110e+02 2.589248e+01 9.134190e-01 5.121609e-01
317 3.598507e+02 2.659758e+02 2.654351e+01 9.277461e-01 5.067062e-01
318 3.570794e+02 2.650697e+02 2.602661e+01 9.708655e-01 4.870958e-01
319 3.610603e+02 2.663939e+02 2.634817e+01 1.069825e+00 4.987860e-01
320 3.599962e+02 2.678767e+02 2.706790e+01 1.167239e+00 5.429875e-01
321 3.582296e+02 2.713073e+02 2.853438e+01 1.108292e+00 5.050727e-01
322 3.562183e+02 2.733430e+02 2.702921e+01 1.325968e+00 4.660483e-01
323 3.593178e+02 2.741260e+02 2.806756e+01 1.506746e+00 4.672040e-01
324 3.590411e+02 2.751545e+02 2.980512e+01 1.518205e+00 4.889712e-01
325 3.595296e+02 2.765305e+02 3.123404e+01 1.439745e+00 4.688792e-01
326 3.624920e+02 2.777740e+02 3.174441e+01 1.475927e+00 4.455119e-01
327 3.592583e+02 2.796661e+02 3.141455e+01 1.647785e+00 4.032564e-01
328 3.612143e+02 2.816226e+02 3.096847e+01 1.794293e+00 3.915280e-01
329 3.626771e+02 2.829286e+02 3.061496e+01 2.036289e+00 3.465039e-01
330 3.639679e+02 2.835431e+02 3.072668e+01 2.257116e+00 3.572869e-01
331 3.587832e+02 2.838005e+02 3.324671e+01 1.953060e+00 3.336257e-01
332 3.504689e+02 2.864238e+02 3.323875e+01 1.567025e+00 2.101058e-01
333 3.401708e+02 2.947420e+02 3.126342e+01 1.342205e+00 1.339466e-01
334 3.304122e+02 3.002311e+02 3.085141e+01 1.430831e+00 1.101042e-01
335 3.180308e+02 3.042265e+02 3.090598e+01 1.408856e+00 6.346494e-02
336 3.031529e+02 3.073637e+02 3.084757e+01 1.358006e+00 4.464624e-02
337 3.553403e+02 2.924734e+02 3.273124e+01 2.114994e+00 4.439715e-02
338 3.736568e+02 2.881107e+02 3.344623e+01 2.145379e+00 2.546226e-02
339 3.629667e+02 2.909374e+02 3.329263e+01 3.007257e+00 3.244065e-02
340 3.549638e+02 2.933146e+02 3.322924e+01 3.412485e+00 2.321998e-02
341 3.403881e+02 2.954336e+02 3.343503e+01 3.938328e+00 1.145130e-02
342 3.249912e+02 2.969306e+02 3.360044e+01 4.690458e+00 0.000000e+00
result for iter 15: 4.427513e-01 2.318370e-01
iter 16
294 3.303699e+02 2.605034e+02 2.299999e+01 6.521822e-01 8.751117e-01
295 3.306849e+02 2.585472e+02 2.295373e+01 6.307248e-01 8.158128e-01
296 3.323632e+02 2.580401e+02 2.283135e+01 7.198165e-01 8.017500e-01
297 3.321359e+02 2.581328e+02 2.266734e+01 7.924778e-01 7.797605e-01
298 3.336424e+02 2.593858e+02 2.247475e+01 8.105955e-01 7.438441e-01
299 3.330015e+02 2.604682e+02 2.242787e+01 7.368337e-01 6.499650e-01
300 3.337398e+02 2.606790e+02 2.227512e+01 7.461739e-01 6.140293e-01
301 3.363260e+02 2.614546e+02 2.254239e+01 6.773598e-01 5.900858e-01
302 3.379335e+02 2.603040e+02 2.254450e+01 7.566624e-01 6.296277e-01
303 3.389827e+02 2.594456e+02 2.193307e+01 8.625847e-01 6.822550e-01
304 3.388116e+02 2.605190e+02 2.199698e+01 8.034740e-01 5.748725e-01
305 3.404011e+02 2.615598e+02 2.209066e+01 8.157679e-01 5.861583e-01
306 3.427116e+02 2.585167e+02 2.299762e+01 9.088326e-01 6.424728e-01
307 3.435023e+02 2.576454e+02 2.355610e+01 9.208397e-01 6.141549e-01
308 3.439129e+02 2.589105e+02 2.411043e+01 9.108540e-01 6.144928e-01
309 3.478234e+02 2.613398e+02 2.608996e+01 8.190956e-01 6.926047e-01
310 3.463777e+02 2.627471e+02 2.630427e+01 7.954430e-01 5.815691e-01
311 3.479748e+02 2.640387e+02 2.646736e+01 7.624690e-01 5.643659e-01
312 3.481016e+02 2.656382e+02 2.713150e+01 7.102928e-01 4.712968e-01
313 3.516594e+02 2.665434e+02 2.769896e+01 7.632171e-01 5.642991e-01
314 3.557324e+02 2.662447e+02 2.891241e+01 7.908019e-01 6.277804e-01
315 3.564607e+02 2.657017e+02 2.924246e+01 7.849201e-01 6.214836e-01
316 3.571288e+02 2.662581e+02 2.940855e+01 8.055107e-01 5.923947e-01
317 3.592232e+02 2.679130e+02 3.129707e+01 7.633057e-01 5.795842e-01
318 3.579564e+02 2.663010e+02 3.124461e+01 8.296001e-01 6.319447e-01
319 3.625868e+02 2.687648e+02 3.441920e+01 7.473383e-01 6.076583e-01
320 3.632166e+02 2.699972e+02 3.568898e+01 7.657188e-01 6.420662e-01
321 3.617353e+02 2.721781e+02 3.643576e+01 7.461019e-01 5.712216e-01
322 3.573207e+02 2.737689e+02 3.781097e+01 8.484114e-01 6.431801e-01
323 3.607866e+02 2.752377e+02 3.939708e+01 8.951167e-01 6.342696e-01
324 3.617454e+02 2.767397e+02 4.094108e+01 8.994908e-01 6.411075e-01
325 3.632831e+02 2.771012e+02 4.331704e+01 7.961635e-01 5.985152e-01
326 3.632419e+02 2.768133e+02 4.408166e+01 9.264821e-01 6.338085e-01
327 3.606538e+02 2.797999e+02 4.441843e+01 1.113882e+00 5.683370e-01
328 3.605116e+02 2.808738e+02 4.519038e+01 1.210178e+00 5.811946e-01
329 3.594611e+02 2.828748e+02 4.576202e+01 1.285964e+00 5.184968e-01
330 3.561964e+02 2.838119e+02 4.662902e+01 1.324122e+00 5.383016e-01
331 3.509780e+02 2.862219e+02 4.736988e+01 9.671042e-01 3.445681e-01
332 3.435518e+02 2.904214e+02 4.747485e+01 7.930319e-01 2.169156e-01
333 3.359360e+02 2.953405e+02 4.912711e+01 8.525281e-01 2.100830e-01
334 3.263216e+02 3.003743e+02 5.207160e+01 8.701214e-01 1.907424e-01
335 3.136578e+02 3.039069e+02 5.308177e+01 8.189674e-01 1.088278e-01
336 2.983482e+02 3.071801e+02 5.161715e+01 8.584340e-01 7.901988e-02
337 2.741801e+02 3.094840e+02 4.841779e+01 1.721488e+00 9.827721e-02
338 3.514770e+02 3.098739e+02 5.713180e+01 1.117132e+00 6.033392e-02
339 3.494444e+02 3.108087e+02 5.786045e+01 1.356417e+00 4.797388e-02
340 3.345995e+02 3.102201e+02 5.868613e+01 1.729849e+00 5.310943e-02
341 3.161126e+02 3.119335e+02 5.818437e+01 2.296474e+00 6.319390e-02
342 3.031566e+02 3.186383e+02 5.681416e+01 2.787559e+00 3.336008e-02
result for iter 16: 5.066587e-01 2.327230e-01
iter 17
294 3.318120e+02 2.617173e+02 2.300002e+01 6.521654e-01 7.899381e-01
295 3.299974e+02 2.610482e+02 2.295707e+01 6.907593e-01 7.067700e-01
296 3.304456e+02 2.604403e+02 2.293638e+01 7.081634e-01 6.652040e-01
297 3.314671e+02 2.593249e+02 2.296956e+01 7.518417e-01 7.118824e-01
298 3.334697e+02 2.588991e+02 2.289840e+01 8.216252e-01 7.743201e-01
299 3.340685e+02 2.589027e+02 2.282940e+01 7.944434e-01 7.655780e-01
300 3.339782e+02 2.590850e+02 2.259343e+01 8.110215e-01 6.927457e-01
301 3.357196e+02 2.611335e+02 2.249751e+01 6.913750e-01 5.823366e-01
302 3.363182e+02 2.643561e+02 2.425785e+01 5.412723e-01 4.867430e-01
303 3.385875e+02 2.619519e+02 2.219043e+01 7.728917e-01 6.107319e-01
304 3.389017e+02 2.617380e+02 2.217805e+01 8.195065e-01 5.992633e-01
305 3.404422e+02 2.636933e+02 2.276530e+01 7.592317e-01 5.818303e-01
306 3.417340e+02 2.619466e+02 2.039781e+01 9.239860e-01 5.538922e-01
307 3.425371e+02 2.609149e+02 1.837933e+01 1.087856e+00 4.658779e-01
308 3.434261e+02 2.614431e+02 1.932918e+01 1.050776e+00 4.611518e-01
309 3.457794e+02 2.638573e+02 2.952900e+01 6.462035e-01 6.710234e-01
310 3.468589e+02 2.624438e+02 2.926888e+01 7.251944e-01 6.723307e-01
311 3.480839e+02 2.621621e+02 3.032699e+01 7.210654e-01 6.836103e-01
312 3.472612e+02 2.636518e+02 3.192769e+01 6.606436e-01 6.036746e-01
313 3.509559e+02 2.650074e+02 3.384956e+01 6.498015e-01 7.132435e-01
314 3.542801e+02 2.651683e+02 3.493793e+01 6.722701e-01 7.793088e-01
315 3.567378e+02 2.651052e+02 3.568770e+01 6.446234e-01 7.601853e-01
316 3.563503e+02 2.674774e+02 3.878345e+01 5.431838e-01 6.947556e-01
317 3.568785e+02 2.716228e+02 4.209210e+01 4.253314e-01 5.706999e-01
318 3.562639e+02 2.692797e+02 4.031543e+01 5.270580e-01 6.869645e-01
319 3.571591e+02 2.701294e+02 3.916365e+01 6.378302e-01 6.714475e-01
320 3.596206e+02 2.716707e+02 3.875879e+01 7.008894e-01 6.931581e-01
321 3.586413e+02 2.727291e+02 3.912946e+01 7.666319e-01 6.605279e-01
322 3.575295e+02 2.736217e+02 3.959042e+01 9.669950e-01 6.766229e-01
323 3.618739e+02 2.742404e+02 3.984763e+01 1.065979e+00 6.610515e-01
324 3.630141e+02 2.749113e+02 4.043046e+01 1.020355e+00 6.679160e-01
325 3.645783e+02 2.752715e+02 4.163871e+01 9.051155e-01 6.287152e-01
326 3.634010e+02 2.768522e+02 4.235413e+01 9.494406e-01 6.083803e-01
327 3.581551e+02 2.794951e+02 4.173440e+01 1.191497e+00 5.379448e-01
328 3.591755e+02 2.807437e+02 4.111981e+01 1.350168e+00 5.304019e-01
329 3.587614e+02 2.818184e+02 4.093611e+01 1.476286e+00 4.735932e-01
330 3.573022e+02 2.826992e+02 4.104913e+01 1.593908e+00 4.773155e-01
331 3.520065e+02 2.846831e+02 4.202587e+01 1.164951e+00 3.266920e-01
332 3.424131e+02 2.911056e+02 4.216546e+01 8.757369e-01 1.889557e-01
333 3.354810e+02 2.964218e+02 4.233547e+01 9.433112e-01 1.726250e-01
334 3.266449e+02 3.015153e+02 4.263359e+01 1.003501e+00 1.474643e-01
335 3.146234e+02 3.047413e+02 4.322158e+01 9.739238e-01 8.580421e-02
336 2.992348e+02 3.084830e+02 4.403478e+01 9.492080e-01 6.359081e-02
337 3.206967e+02 3.048420e+02 4.454210e+01 2.094521e+00 9.994025e-02
338 3.624036e+02 3.010798e+02 4.514762e+01 1.924437e+00 5.845019e-02
339 3.549077e+02 3.017179e+02 4.533961e+01 2.146872e+00 4.762780e-02
340 3.403908e+02 3.043403e+02 4.521682e+01 2.477707e+00 4.797434e-02
341 3.189090e+02 3.079213e+02 4.524414e+01 3.215997e+00 6.358201e-02
342 3.093759e+02 3.103166e+02 4.556969e+01 3.619469e+00 1.393218e-02
result for iter 17: 5.079138e-01 2.438357e-01
iter 18
294 3.308077e+02 2.595205e+02 2.299998e+01 6.522133e-01 9.571707e-01
295 3.269741e+02 2.585339e+02 2.300161e+01 6.060993e-01 6.526146e-01
296 3.295317e+02 2.590391e+02 2.294854e+01 5.664464e-01 5.688572e-01
297 3.307950e+02 2.581558e+02 2.274194e+01 7.326044e-01 7.233370e-01
298 3.334934e+02 2.591092e+02 2.245938e+01 8.484883e-01 7.506058e-01
299 3.332925e+02 2.606242e+02 2.223026e+01 7.771640e-01 6.471681e-01
300 3.340311e+02 2.601607e+02 2.223862e+01 7.719164e-01 6.415942e-01
301 3.364379e+02 2.606028e+02 2.214500e+01 7.138175e-01 6.025260e-01
302 3.379023e+02 2.601480e+02 2.195961e+01 7.741182e-01 6.102417e-01
303 3.394901e+02 2.591019e+02 2.176561e+01 8.483664e-01 6.767094e-01
304 3.386023e+02 2.587341e+02 2.151555e+01 8.930859e-01 5.948594e-01
305 3.389810e+02 2.626762e+02 2.154524e+01 7.709741e-01 4.884694e-01
306 3.427459e+02 2.613632e+02 2.171702e+01 8.472000e-01 6.065879e-01
307 3.431932e+02 2.619487e+02 2.216347e+01 8.158278e-01 5.319026e-01
308 3.438160e+02 2.615619e+02 2.236759e+01 8.518742e-01 5.161638e-01
309 3.487951e+02 2.623154e+02 2.293932e+01 8.759744e-01 5.726067e-01
310 3.472384e+02 2.628363e+02 2.297292e+01 8.553858e-01 4.915175e-01
311 3.484645e+02 2.625179e+02 2.368532e+01 8.723458e-01 5.114146e-01
312 3.485243e+02 2.629280e+02 2.391142e+01 8.644341e-01 4.446338e-01
313 3.501193e+02 2.636232e+02 2.425941e+01 9.117194e-01 4.744532e-01
314 3.547661e+02 2.633590e+02 2.436409e+01 1.015911e+00 5.727001e-01
315 3.565679e+02 2.620883e+02 2.466122e+01 1.059108e+00 5.527569e-01
316 3.588120e+02 2.640471e+02 2.549294e+01 1.010743e+00 5.379071e-01
317 3.617036e+02 2.665054e+02 2.665990e+01 9.004820e-01 4.961381e-01
318 3.568732e+02 2.652416e+02 2.635151e+01 9.188124e-01 4.744901e-01
319 3.619313e+02 2.675963e+02 2.656902e+01 1.017901e+00 4.931708e-01
320 3.616730e+02 2.688481e+02 2.690620e+01 1.115357e+00 5.288794e-01
321 3.600215e+02 2.701885e+02 2.704954e+01 1.211278e+00 4.962437e-01
322 3.569216e+02 2.723956e+02 2.743807e+01 1.386550e+00 4.872554e-01
323 3.588123e+02 2.744796e+02 2.793559e+01 1.507585e+00 4.601539e-01
324 3.597367e+02 2.763719e+02 2.850502e+01 1.524198e+00 4.513043e-01
325 3.625041e+02 2.768462e+02 2.897719e+01 1.539132e+00 4.313352e-01
326 3.655452e+02 2.780555e+02 2.952127e+01 1.591564e+00 4.113384e-01
327 3.597132e+02 2.797885e+02 2.989697e+01 1.756885e+00 3.826393e-01
328 3.604721e+02 2.804751e+02 3.045550e+01 1.818082e+00 3.952279e-01
329 3.630685e+02 2.821347e+02 3.051869e+01 1.992514e+00 3.508910e-01
330 3.643222e+02 2.829568e+02 3.106879e+01 2.168524e+00 3.612650e-01
331 3.553936e+02 2.850906e+02 3.161273e+01 1.719773e+00 2.728930e-01
332 3.478118e+02 2.881648e+02 3.250626e+01 1.325948e+00 1.700331e-01
333 3.413831e+02 2.903404e+02 3.275731e+01 1.492776e+00 1.635502e-01
334 3.323934e+02 2.959893e+02 3.398191e+01 1.468291e+00 1.370797e-01
335 3.172077e+02 3.018985e+02 3.627719e+01 1.203058e+00 7.466832e-02
336 3.038522e+02 3.059094e+02 3.656689e+01 1.103312e+00 5.097013e-02
337 2.853868e+02 3.065210e+02 3.583176e+01 2.516970e+00 7.869607e-02
338 3.611236e+02 3.045199e+02 3.692218e+01 2.213718e+00 5.460562e-02
339 3.613374e+02 3.040004e+02 3.703120e+01 2.508648e+00 3.751936e-02
340 3.480121e+02 3.025020e+02 3.726847e+01 3.117519e+00 3.786090e-02
341 3.295100e+02 3.056248e+02 3.752485e+01 3.684230e+00 3.584024e-02
342 3.192320e+02 3.086084e+02 3.765163e+01 4.104090e+00 0.000000e+00
result for iter 18: 4.298132e-01 2.206471e-01
iter 19
294 3.311840e+02 2.591550e+02 2.299999e+01 6.522067e-01 9.817031e-01
295 3.293878e+02 2.592065e+02 2.314156e+01 7.076522e-01 7.908882e-01
296 3.301443e+02 2.586811e+02 2.330398e+01 7.245940e-01 7.478892e-01
297 3.310803e+02 2.580477e+02 2.347594e+01 7.502203e-01 7.743883e-01
298 3.335751e+02 2.585657e+02 2.356701e+01 7.848262e-01 8.167345e-01
299 3.331938e+02 2.592132e+02 2.350734e+01 7.456865e-01 7.345588e-01
300 3.336034e+02 2.602339e+02 2.316456e+01 7.079446e-01 6.401859e-01
301 3.357234e+02 2.614888e+02 2.299832e+01 6.553333e-01 5.783494e-01
302 3.369235e+02 2.613228e+02 2.320407e+01 6.806464e-01 5.738537e-01
303 3.390226e+02 2.588600e+02 2.323870e+01 8.134250e-01 7.201499e-01
304 3.396647e+02 2.584903e+02 2.305546e+01 8.541237e-01 6.841477e-01
305 3.391446e+02 2.609678e+02 2.343401e+01 8.052827e-01 6.164099e-01
306 3.418503e+02 2.604066e+02 2.435896e+01 7.758894e-01 6.526564e-01
307 3.428802e+02 2.596491e+02 2.530106e+01 7.500155e-01 6.203627e-01
308 3.445046e+02 2.598341e+02 2.603861e+01 7.716095e-01 6.508534e-01
309 3.474794e+02 2.614949e+02 2.675768e+01 7.616859e-01 6.774496e-01
310 3.481339e+02 2.647189e+02 2.753652e+01 6.576780e-01 5.615885e-01
311 3.477362e+02 2.654878e+02 2.818851e+01 6.534110e-01 5.463380e-01
312 3.477469e+02 2.659879e+02 2.906810e+01 6.316969e-01 4.796404e-01
313 3.508226e+02 2.662127e+02 2.973518e+01 6.906548e-01 5.741168e-01
314 3.548916e+02 2.661432e+02 3.069660e+01 7.321665e-01 6.551819e-01
315 3.573455e+02 2.656678e+02 3.171916e+01 7.180529e-01 6.689226e-01
316 3.573777e+02 2.657289e+02 3.275415e+01 7.129246e-01 6.503824e-01
317 3.585597e+02 2.680674e+02 3.382945e+01 6.439263e-01 5.712635e-01
318 3.570201e+02 2.674411e+02 3.493401e+01 6.734322e-01 6.590585e-01
319 3.578478e+02 2.684330e+02 3.574372e+01 7.500367e-01 6.576925e-01
320 3.595894e+02 2.696361e+02 3.676246e+01 7.924821e-01 7.050838e-01
321 3.586645e+02 2.714092e+02 3.669944e+01 8.277798e-01 6.429606e-01
322 3.560476e+02 2.726799e+02 3.446880e+01 1.027897e+00 6.067731e-01
323 3.593282e+02 2.737813e+02 3.553098e+01 1.129352e+00 5.974571e-01
324 3.614959e+02 2.746368e+02 3.525020e+01 1.154979e+00 5.868919e-01
325 3.621441e+02 2.754194e+02 3.705394e+01 1.025394e+00 5.640465e-01
326 3.640110e+02 2.763476e+02 3.803778e+01 1.140786e+00 5.532477e-01
327 3.599442e+02 2.787343e+02 3.244959e+01 1.652044e+00 4.259329e-01
328 3.615795e+02 2.792505e+02 3.104723e+01 1.897551e+00 4.139884e-01
329 3.631765e+02 2.796171e+02 3.070270e+01 2.148952e+00 3.704787e-01
330 3.638334e+02 2.806918e+02 3.070672e+01 2.348785e+00 3.570549e-01
331 3.633954e+02 2.817625e+02 3.087652e+01 2.401576e+00 3.198328e-01
332 3.563310e+02 2.848600e+02 3.094332e+01 1.966706e+00 2.285315e-01
333 3.510421e+02 2.903241e+02 3.061084e+01 2.066451e+00 1.977040e-01
334 3.360632e+02 2.976666e+02 3.006851e+01 1.784476e+00 1.304368e-01
335 3.185596e+02 3.040593e+02 2.967871e+01 1.514776e+00 6.292465e-02
336 3.281229e+02 3.004091e+02 3.037020e+01 1.699344e+00 5.415243e-02
337 3.770334e+02 2.885492e+02 3.172017e+01 2.705831e+00 5.281954e-02
338 3.731173e+02 2.884544e+02 3.265330e+01 2.891264e+00 3.927413e-02
339 3.632307e+02 2.893686e+02 3.305506e+01 3.283336e+00 3.543807e-02
340 3.496981e+02 2.905932e+02 3.334245e+01 3.831741e+00 3.515812e-02
341 3.263853e+02 2.903803e+02 3.455256e+01 4.737220e+00 4.759814e-02
342 3.183986e+02 2.910675e+02 3.501120e+01 5.190132e+00 0.000000e+00
result for iter 19: 4.961745e-01 2.531538e-01
iter 20
294 3.310898e+02 2.585876e+02 2.300001e+01 6.521852e-01 9.687147e-01
295 3.283238e+02 2.597667e+02 2.310129e+01 6.981616e-01 7.200105e-01
296 3.287736e+02 2.604796e+02 2.322361e+01 7.047763e-01 6.204429e-01
297 3.305981e+02 2.594723e+02 2.341185e+01 7.189378e-01 6.904649e-01
298 3.335788e+02 2.603131e+02 2.359122e+01 6.909224e-01 7.357585e-01
299 3.331510e+02 2.617497e+02 2.400048e+01 6.132539e-01 6.301925e-01
300 3.340278e+02 2.613801e+02 2.423684e+01 6.317543e-01 6.408102e-01
301 3.357368e+02 2.613455e+02 2.460760e+01 6.121859e-01 6.233437e-01
302 3.366745e+02 2.611236e+02 2.485218e+01 6.451487e-01 6.193939e-01
303 3.385394e+02 2.596171e+02 2.512541e+01 7.248094e-01 7.430410e-01
304 3.389896e+02 2.585534e+02 2.518577e+01 7.709037e-01 7.218705e-01
305 3.401397e+02 2.599224e+02 2.541130e+01 7.689813e-01 7.275838e-01
306 3.412547e+02 2.594354e+02 2.537489e+01 7.896174e-01 6.704813e-01
307 3.428048e+02 2.609655e+02 2.516817e+01 7.345125e-01 6.104296e-01
308 3.446147e+02 2.629175e+02 2.520155e+01 7.269054e-01 5.813444e-01
309 3.486038e+02 2.663201e+02 2.662808e+01 6.087135e-01 5.361629e-01
310 3.474862e+02 2.670247e+02 2.670555e+01 5.975128e-01 4.706525e-01
311 3.489594e+02 2.645411e+02 2.508808e+01 7.706878e-01 5.319904e-01
312 3.485564e+02 2.645210e+02 2.415890e+01 8.378691e-01 4.413872e-01
313 3.506200e+02 2.651489e+02 2.351535e+01 8.972429e-01 4.471940e-01
314 3.546895e+02 2.648425e+02 2.404395e+01 9.839704e-01 5.402133e-01
315 3.551031e+02 2.633356e+02 2.319122e+01 1.053095e+00 5.101663e-01
316 3.570400e+02 2.639757e+02 2.279456e+01 1.060461e+00 4.486887e-01
317 3.598965e+02 2.654469e+02 2.377041e+01 1.053802e+00 4.615759e-01
318 3.575978e+02 2.641738e+02 2.386194e+01 1.096787e+00 4.467224e-01
319 3.580232e+02 2.659712e+02 2.520518e+01 1.128750e+00 4.743755e-01
320 3.580291e+02 2.669689e+02 2.470863e+01 1.250913e+00 4.697283e-01
321 3.581347e+02 2.694783e+02 2.476504e+01 1.357060e+00 4.644758e-01
322 3.572613e+02 2.724306e+02 2.412724e+01 1.564255e+00 4.280014e-01
323 3.600054e+02 2.741457e+02 2.434697e+01 1.769548e+00 4.050370e-01
324 3.604336e+02 2.756563e+02 2.487573e+01 1.797084e+00 4.022242e-01
325 3.610435e+02 2.762476e+02 2.589438e+01 1.791860e+00 3.916568e-01
326 3.630823e+02 2.768658e+02 2.693778e+01 1.777404e+00 3.868068e-01
327 3.614800e+02 2.783214e+02 2.685434e+01 1.999017e+00 3.559331e-01
328 3.633138e+02 2.792902e+02 2.600948e+01 2.207702e+00 3.465138e-01
329 3.661717e+02 2.817845e+02 2.612554e+01 2.422878e+00 3.024489e-01
330 3.656592e+02 2.839401e+02 2.870401e+01 2.473707e+00 3.337675e-01
331 3.565560e+02 2.852175e+02 3.449707e+01 1.923134e+00 3.384113e-01
332 3.460602e+02 2.899829e+02 3.947845e+01 1.036167e+00 1.959849e-01
333 3.379016e+02 2.945981e+02 4.042064e+01 1.089930e+00 1.818214e-01
334 3.264676e+02 3.022670e+02 4.120372e+01 1.036798e+00 1.423090e-01
335 3.141504e+02 3.066837e+02 4.157587e+01 9.916123e-01 8.083641e-02
336 2.991024e+02 3.094020e+02 4.196224e+01 9.892669e-01 6.018277e-02
337 2.814910e+02 3.114989e+02 4.206372e+01 1.908852e+00 8.224820e-02
338 3.657008e+02 3.078041e+02 4.276687e+01 1.634436e+00 4.594015e-02
339 3.547464e+02 3.072565e+02 4.248657e+01 2.109567e+00 4.645001e-02
340 3.433624e+02 3.051417e+02 4.229219e+01 2.607668e+00 4.306800e-02
341 3.237351e+02 3.066247e+02 4.219594e+01 3.316932e+00 4.873686e-02
342 3.141861e+02 3.100896e+02 4.195856e+01 3.974499e+00 0.000000e+00
result for iter 20: 4.319509e-01 2.289127e-01
