294 3.283429e+02 2.578279e+02 2.299998e+01 6.521674e-01 8.153489e-01
295 3.268619e+02 2.576000e+02 2.314432e+01 9.539862e-01 5.637817e-01
296 3.321888e+02 2.589948e+02 2.340880e+01 6.441683e-01 7.542433e-01
297 3.323499e+02 2.580808e+02 2.452698e+01 7.342521e-01 8.601304e-01
298 3.318347e+02 2.580447e+02 2.575596e+01 7.652146e-01 8.344369e-01
299 3.317917e+02 2.586905e+02 2.685868e+01 6.715944e-01 8.270674e-01
300 3.328253e+02 2.595597e+02 2.746003e+01 6.059269e-01 7.595462e-01
301 3.343928e+02 2.613728e+02 2.735780e+01 5.473486e-01 6.586052e-01
302 3.358004e+02 2.626707e+02 2.618905e+01 5.585666e-01 5.762321e-01
303 3.394262e+02 2.594237e+02 2.399335e+01 7.801649e-01 7.558375e-01
304 3.405611e+02 2.623911e+02 2.381552e+01 6.859281e-01 6.270500e-01
305 3.419664e+02 2.649393e+02 2.365996e+01 6.315931e-01 5.604120e-01
306 3.440875e+02 2.604169e+02 2.449902e+01 7.690966e-01 6.871400e-01
307 3.436442e+02 2.602322e+02 2.422497e+01 7.967194e-01 6.345539e-01
308 3.432175e+02 2.601272e+02 2.426262e+01 8.462723e-01 5.902552e-01
309 3.468466e+02 2.622954e+02 2.754293e+01 7.382149e-01 6.918019e-01
310 3.485051e+02 2.632334e+02 2.787380e+01 7.109337e-01 6.220258e-01
311 3.481038e+02 2.620392e+02 2.771439e+01 7.815275e-01 6.114490e-01
312 3.482546e+02 2.631156e+02 2.781716e+01 7.568378e-01 5.334575e-01
313 3.515378e+02 2.669989e+02 2.833307e+01 7.398036e-01 5.708183e-01
314 3.548658e+02 2.662578e+02 2.775107e+01 8.775194e-01 6.257099e-01
315 3.564875e+02 2.651648e+02 2.742141e+01 8.559416e-01 5.959366e-01
316 3.561860e+02 2.653929e+02 2.736858e+01 8.680600e-01 5.529001e-01
317 3.577991e+02 2.656047e+02 2.883870e+01 8.871944e-01 5.719798e-01
318 3.573160e+02 2.658482e+02 3.020773e+01 8.487648e-01 5.931918e-01
319 3.600928e+02 2.680431e+02 3.063776e+01 9.327237e-01 6.009078e-01
320 3.593533e+02 2.696065e+02 3.226514e+01 9.697724e-01 6.455898e-01
321 3.590867e+02 2.715423e+02 3.416275e+01 9.760121e-01 6.000681e-01
322 3.578176e+02 2.730826e+02 3.280267e+01 1.200784e+00 5.702482e-01
323 3.593623e+02 2.747726e+02 3.522051e+01 1.109906e+00 5.750787e-01
324 3.598472e+02 2.760490e+02 3.583653e+01 1.179416e+00 5.728282e-01
325 3.586711e+02 2.765463e+02 3.571248e+01 1.121262e+00 5.358826e-01
326 3.601129e+02 2.767308e+02 3.663910e+01 1.258206e+00 5.278811e-01
327 3.596198e+02 2.778817e+02 3.073426e+01 1.873305e+00 4.115556e-01
328 3.605864e+02 2.780815e+02 2.859776e+01 2.068287e+00 3.910711e-01
329 3.615700e+02 2.800113e+02 3.018789e+01 2.134409e+00 3.615769e-01
330 3.612420e+02 2.812492e+02 3.324877e+01 2.115718e+00 3.866136e-01
331 3.549622e+02 2.840717e+02 3.745038e+01 1.369933e+00 3.050768e-01
332 3.469314e+02 2.889983e+02 4.118765e+01 1.071417e+00 2.205796e-01
333 3.387385e+02 2.939115e+02 4.650802e+01 9.910578e-01 2.188741e-01
334 3.305626e+02 2.968720e+02 4.985936e+01 1.136006e+00 2.283177e-01
335 3.174819e+02 3.002746e+02 5.345257e+01 9.120046e-01 1.228900e-01
336 3.073148e+02 3.031470e+02 5.628232e+01 9.308139e-01 1.018704e-01
337 3.141852e+02 3.069416e+02 5.511159e+01 1.888841e+00 1.397076e-01
338 3.281876e+02 3.000082e+02 5.390741e+01 2.322626e+00 1.233169e-01
339 3.349771e+02 2.969225e+02 5.042145e+01 2.521415e+00 9.421893e-02
340 3.360416e+02 2.981136e+02 5.047432e+01 2.705813e+00 6.724221e-02
341 3.240407e+02 3.070868e+02 5.422860e+01 3.442159e+00 6.884842e-02
342 3.131156e+02 3.247113e+02 5.136133e+01 4.130046e+00 2.816579e-03
4.968770e-01 2.308076e-01
