294 3.259998e+02 2.659999e+02 2.300007e+01 6.521495e-01 4.173913e-01
295 3.269325e+02 2.653310e+02 2.293233e+01 5.100279e-01 4.033080e-01
296 3.280973e+02 2.640211e+02 2.306188e+01 5.185388e-01 4.494613e-01
297 3.305990e+02 2.625123e+02 2.351208e+01 5.643481e-01 5.580931e-01
298 3.337087e+02 2.603297e+02 2.407554e+01 7.118849e-01 7.544653e-01
299 3.345730e+02 2.602981e+02 2.431444e+01 6.764426e-01 7.620177e-01
300 3.346736e+02 2.601367e+02 2.336742e+01 7.048845e-01 6.824166e-01
301 3.361036e+02 2.615734e+02 2.332003e+01 6.462961e-01 5.979438e-01
302 3.369509e+02 2.611970e+02 2.454627e+01 6.724474e-01 6.368568e-01
303 3.385772e+02 2.591089e+02 2.391846e+01 8.002608e-01 7.423966e-01
304 3.382076e+02 2.582430e+02 2.462126e+01 8.089529e-01 6.867838e-01
305 3.393340e+02 2.602628e+02 2.633283e+01 7.395301e-01 7.315638e-01
306 3.411458e+02 2.608043e+02 2.744632e+01 6.706986e-01 7.159737e-01
307 3.435810e+02 2.599493e+02 2.686104e+01 7.070776e-01 6.898992e-01
308 3.447332e+02 2.600670e+02 2.704235e+01 7.719817e-01 7.147968e-01
309 3.466906e+02 2.609068e+02 2.836619e+01 7.638378e-01 7.519194e-01
310 3.470677e+02 2.625231e+02 2.961002e+01 6.866919e-01 6.566482e-01
311 3.472240e+02 2.643409e+02 3.061956e+01 6.537100e-01 6.376735e-01
312 3.478814e+02 2.664893e+02 3.195960e+01 5.826936e-01 5.457603e-01
313 3.500035e+02 2.667326e+02 3.278969e+01 6.327498e-01 6.288328e-01
314 3.524094e+02 2.672235e+02 3.376361e+01 6.379255e-01 6.580853e-01
315 3.546968e+02 2.672297e+02 3.561999e+01 6.064495e-01 7.124568e-01
316 3.558997e+02 2.668910e+02 3.470353e+01 6.527769e-01 6.685049e-01
317 3.568629e+02 2.680677e+02 3.617322e+01 6.446386e-01 6.538847e-01
318 3.559525e+02 2.660777e+02 3.167525e+01 8.127899e-01 6.295870e-01
319 3.563562e+02 2.690178e+02 3.434269e+01 7.972727e-01 6.453811e-01
320 3.577572e+02 2.707314e+02 3.362157e+01 8.333280e-01 6.201465e-01
321 3.578891e+02 2.714490e+02 3.394274e+01 9.115352e-01 5.980308e-01
322 3.571650e+02 2.721651e+02 3.235296e+01 1.234742e+00 5.785986e-01
323 3.586030e+02 2.733521e+02 3.233982e+01 1.272931e+00 5.506182e-01
324 3.584428e+02 2.750585e+02 3.143403e+01 1.393878e+00 5.171146e-01
325 3.589242e+02 2.756415e+02 3.123644e+01 1.295093e+00 4.800406e-01
326 3.611158e+02 2.761660e+02 3.206625e+01 1.466148e+00 4.684770e-01
327 3.585001e+02 2.778670e+02 3.106168e+01 1.779533e+00 4.160820e-01
328 3.595767e+02 2.797126e+02 2.973511e+01 1.992997e+00 3.924876e-01
329 3.624778e+02 2.830887e+02 2.881672e+01 2.225835e+00 3.251088e-01
330 3.624726e+02 2.837930e+02 3.039211e+01 2.294373e+00 3.533966e-01
331 3.536620e+02 2.846682e+02 3.445007e+01 1.512384e+00 2.849965e-01
332 3.490810e+02 2.878358e+02 3.322824e+01 1.311878e+00 1.757846e-01
333 3.433908e+02 2.914411e+02 3.464928e+01 1.464723e+00 1.795494e-01
334 3.385943e+02 2.947793e+02 3.524370e+01 2.002796e+00 2.011246e-01
335 3.377867e+02 2.962996e+02 3.583060e+01 2.065540e+00 1.250616e-01
336 3.372096e+02 2.968102e+02 3.733388e+01 2.327709e+00 1.079781e-01
337 3.503647e+02 2.875690e+02 4.383485e+01 2.305087e+00 8.818652e-02
338 3.541335e+02 2.857641e+02 4.615612e+01 2.580764e+00 8.610652e-02
339 3.539611e+02 2.882008e+02 4.645778e+01 2.799472e+00 6.164229e-02
340 3.475683e+02 2.959433e+02 3.787662e+01 3.709748e+00 4.712562e-02
341 3.342695e+02 2.920151e+02 3.468653e+01 5.304245e+00 3.803402e-02
342 3.220004e+02 2.789646e+02 3.490946e+01 7.058007e+00 0.000000e+00
4.781182e-01 2.347324e-01
