270 5.267025e+02 4.107793e+02 4.300000e+01 1.395351e+00 9.113215e-01
271 5.229295e+02 4.057957e+02 4.299946e+01 1.396320e+00 7.992872e-01
272 5.222392e+02 3.995315e+02 4.299661e+01 1.399702e+00 8.005140e-01
273 5.188695e+02 3.931250e+02 4.299290e+01 1.409304e+00 7.533758e-01
274 5.129833e+02 3.877457e+02 4.299042e+01 1.430387e+00 6.490241e-01
275 5.119673e+02 3.854771e+02 4.297197e+01 1.462261e+00 5.175849e-01
276 5.126787e+02 3.844147e+02 4.296532e+01 1.490605e+00 1.432515e-01
277 5.094308e+02 3.760325e+02 4.295801e+01 1.540060e+00 1.037027e-01
278 4.999802e+02 3.562787e+02 4.294943e+01 1.590805e+00 1.933644e-01
279 4.990271e+02 3.473389e+02 4.292906e+01 1.641031e+00 1.448560e-01
280 4.950578e+02 3.380523e+02 4.290591e+01 1.703163e+00 1.198538e-01
281 4.857509e+02 3.285202e+02 4.289667e+01 1.746745e+00 1.213290e-01
282 4.786580e+02 3.151428e+02 4.283128e+01 1.741770e+00 1.503789e-01
283 4.740795e+02 3.031054e+02 4.278143e+01 1.761420e+00 3.935363e-02
284 4.727475e+02 2.884700e+02 4.278876e+01 1.845256e+00 3.642468e-02
285 4.679866e+02 2.747974e+02 4.281987e+01 1.982627e+00 6.178306e-02
286 4.659273e+02 2.619852e+02 4.279377e+01 2.128387e+00 5.879128e-02
287 4.621292e+02 2.547397e+02 4.279260e+01 2.257120e+00 4.003828e-02
288 4.556198e+02 2.414241e+02 4.278290e+01 2.340595e+00 5.982524e-02
289 4.402013e+02 2.135591e+02 4.271829e+01 2.393695e+00 2.005295e-01
290 4.370611e+02 1.909448e+02 4.268789e+01 2.480942e+00 2.499968e-01
291 4.348566e+02 1.722983e+02 4.266729e+01 2.574663e+00 1.910933e-01
292 4.342296e+02 1.604377e+02 4.263476e+01 2.653302e+00 1.598692e-01
293 4.258240e+02 1.443816e+02 4.259264e+01 2.734980e+00 1.900312e-01
294 4.199616e+02 1.311922e+02 4.254827e+01 2.822227e+00 1.639108e-01
295 4.149717e+02 1.276530e+02 4.246946e+01 2.924161e+00 1.543333e-01
296 4.123151e+02 1.178451e+02 4.240770e+01 3.014305e+00 1.400066e-01
297 4.091922e+02 9.785415e+01 4.237723e+01 3.079105e+00 1.279424e-01
298 4.073129e+02 9.826009e+01 4.235159e+01 3.165156e+00 1.144358e-01
299 4.001231e+02 7.982202e+01 4.234090e+01 3.231711e+00 1.097862e-01
300 3.940064e+02 5.753077e+01 4.237081e+01 3.276613e+00 1.159046e-01
301 3.895813e+02 4.563008e+01 4.243089e+01 3.315116e+00 1.227388e-01
302 3.861650e+02 3.800168e+01 4.241904e+01 3.354103e+00 1.234487e-01
303 3.853443e+02 3.335646e+01 4.237666e+01 3.385676e+00 1.128322e-01
304 3.840127e+02 2.265474e+01 4.235909e+01 3.437141e+00 1.080925e-01
305 3.814747e+02 1.648633e+01 4.232927e+01 3.484262e+00 9.514658e-02
306 3.757573e+02 6.221238e+00 4.226694e+01 3.537934e+00 9.397972e-02
307 3.725067e+02 2.979114e+00 4.221386e+01 3.554060e+00 1.067362e-01
308 3.728702e+02 1.478548e+00 4.218517e+01 3.579754e+00 1.255791e-01
309 3.722835e+02 1.158876e+00 4.219827e+01 3.587240e+00 1.295541e-01
310 3.750070e+02 1.047485e+00 4.222483e+01 3.586531e+00 1.280934e-01
311 3.747325e+02 6.180007e-01 4.220627e+01 3.589229e+00 1.155468e-01
312 3.737238e+02 3.035610e-01 4.218710e+01 3.605550e+00 9.513585e-02
313 3.737323e+02 2.889080e-01 4.220794e+01 3.588189e+00 9.292031e-02
314 3.582210e+02 1.297452e-01 4.226062e+01 3.556887e+00 6.448394e-02
315 3.056452e+02 5.224324e-02 4.242619e+01 3.439917e+00 0.000000e+00
316 2.533156e+02 4.000827e-01 4.248258e+01 3.392016e+00 0.000000e+00
317 2.343247e+02 2.590896e-01 4.249236e+01 3.395612e+00 0.000000e+00
318 2.306124e+02 4.506975e-02 4.248538e+01 3.396031e+00 0.000000e+00
319 2.318789e+02 9.125269e-03 4.248391e+01 3.381655e+00 0.000000e+00
320 2.335700e+02 4.416451e-02 4.248377e+01 3.373607e+00 0.000000e+00
321 2.317174e+02 5.627568e-02 4.248019e+01 3.370576e+00 0.000000e+00
322 2.357155e+02 2.459652e-01 4.247814e+01 3.373878e+00 0.000000e+00
323 2.356831e+02 2.862905e-01 4.246673e+01 3.362192e+00 0.000000e+00
324 2.381194e+02 5.867779e-01 4.244908e+01 3.352333e+00 0.000000e+00
325 2.388417e+02 9.929736e-01 4.242519e+01 3.346796e+00 0.000000e+00
326 2.375702e+02 1.110328e+00 4.238898e+01 3.342680e+00 0.000000e+00
327 2.399919e+02 8.294903e-01 4.235503e+01 3.304062e+00 0.000000e+00
328 2.389226e+02 4.013324e-01 4.233288e+01 3.277126e+00 0.000000e+00
329 2.366676e+02 1.958667e-01 4.232738e+01 3.257220e+00 0.000000e+00
330 2.383866e+02 1.078222e-01 4.231955e+01 3.208851e+00 0.000000e+00
331 2.368908e+02 2.825278e-01 4.229994e+01 3.169373e+00 0.000000e+00
332 2.335224e+02 9.323912e-02 4.228525e+01 3.100232e+00 0.000000e+00
333 2.342622e+02 1.505716e-01 4.229377e+01 3.016668e+00 0.000000e+00
334 2.339676e+02 1.798583e-01 4.230740e+01 2.942741e+00 0.000000e+00
335 2.344911e+02 2.937149e-01 4.230835e+01 2.891678e+00 0.000000e+00
336 2.375699e+02 9.707590e-02 4.230338e+01 2.847606e+00 0.000000e+00
337 2.388643e+02 7.903149e-02 4.228629e+01 2.829143e+00 0.000000e+00
338 2.367580e+02 2.476452e-02 4.226290e+01 2.815304e+00 0.000000e+00
339 2.350647e+02 2.474795e-02 4.222969e+01 2.790746e+00 0.000000e+00
340 2.347934e+02 9.673089e-05 4.218463e+01 2.786163e+00 0.000000e+00
341 2.351380e+02 2.975426e-01 4.215657e+01 2.779523e+00 0.000000e+00
342 2.348656e+02 7.675758e-01 4.216718e+01 2.735202e+00 0.000000e+00
343 2.325680e+02 4.118896e-01 4.211746e+01 2.732436e+00 0.000000e+00
344 2.342789e+02 2.610998e-01 4.208700e+01 2.713850e+00 0.000000e+00
345 2.345720e+02 7.172470e-02 4.207842e+01 2.643546e+00 0.000000e+00
346 2.343122e+02 1.230235e-01 4.209607e+01 2.561928e+00 0.000000e+00
347 2.369297e+02 1.947868e-01 4.216886e+01 2.382680e+00 0.000000e+00
348 2.375960e+02 5.525424e-02 4.221954e+01 2.230973e+00 0.000000e+00
349 2.417816e+02 1.610061e-02 4.232340e+01 2.016742e+00 0.000000e+00
350 2.460508e+02 1.266967e-02 4.239331e+01 1.869620e+00 0.000000e+00
351 2.501465e+02 9.632079e-03 4.242130e+01 1.788815e+00 0.000000e+00
352 2.550300e+02 4.146033e-03 4.250671e+01 1.694418e+00 0.000000e+00
353 2.533326e+02 2.281436e-02 4.253749e+01 1.638287e+00 0.000000e+00
354 2.523915e+02 3.593673e-02 4.256988e+01 1.591716e+00 0.000000e+00
355 2.516185e+02 2.933729e-01 4.262269e+01 1.552019e+00 0.000000e+00
356 2.481943e+02 1.530444e+00 4.263104e+01 1.524066e+00 0.000000e+00
357 2.482504e+02 4.981191e+00 4.257691e+01 1.486575e+00 0.000000e+00
358 2.516629e+02 9.615758e+00 4.236425e+01 1.474744e+00 0.000000e+00
359 2.537349e+02 1.118476e+01 4.232888e+01 1.419328e+00 0.000000e+00
360 2.515782e+02 1.376472e+01 4.231409e+01 1.362940e+00 0.000000e+00
361 2.506616e+02 1.517668e+01 4.229705e+01 1.305821e+00 0.000000e+00
362 2.513712e+02 1.589310e+01 4.227141e+01 1.258598e+00 0.000000e+00
363 2.510630e+02 1.628480e+01 4.224921e+01 1.222646e+00 0.000000e+00
364 2.516988e+02 1.695782e+01 4.222693e+01 1.184409e+00 0.000000e+00
365 2.508622e+02 1.789204e+01 4.221434e+01 1.143784e+00 0.000000e+00
366 2.525820e+02 1.819271e+01 4.220039e+01 1.098492e+00 0.000000e+00
367 2.515575e+02 1.819511e+01 4.218986e+01 1.060742e+00 0.000000e+00
368 2.540391e+02 1.914854e+01 4.219163e+01 1.036659e+00 0.000000e+00
369 2.512633e+02 1.845306e+01 4.223896e+01 1.099481e+00 0.000000e+00
370 2.543981e+02 1.708361e+01 4.224057e+01 1.107975e+00 0.000000e+00
371 2.542091e+02 1.693207e+01 4.227359e+01 1.181084e+00 0.000000e+00
372 2.535100e+02 1.700371e+01 4.228771e+01 1.232430e+00 0.000000e+00
373 2.508155e+02 1.783692e+01 4.228580e+01 1.256452e+00 0.000000e+00
374 2.495433e+02 1.674032e+01 4.228181e+01 1.270820e+00 0.000000e+00
375 2.486451e+02 1.514001e+01 4.229047e+01 1.290511e+00 0.000000e+00
376 2.513617e+02 1.326778e+01 4.227870e+01 1.303259e+00 0.000000e+00
377 2.502523e+02 1.361121e+01 4.225627e+01 1.321454e+00 0.000000e+00
378 2.494737e+02 1.433561e+01 4.224061e+01 1.337959e+00 0.000000e+00
379 2.499188e+02 1.451102e+01 4.223540e+01 1.364940e+00 0.000000e+00
380 2.502752e+02 1.428284e+01 4.222174e+01 1.398800e+00 0.000000e+00
381 2.483341e+02 1.222074e+01 4.221221e+01 1.432603e+00 0.000000e+00
382 2.462163e+02 1.222688e+01 4.220574e+01 1.423697e+00 0.000000e+00
383 2.488394e+02 1.248893e+01 4.219194e+01 1.419885e+00 0.000000e+00
384 2.529957e+02 1.224567e+01 4.225410e+01 1.403820e+00 0.000000e+00
7.944511e-02 1.691933e-01
