344 5.238582e+02 2.638831e+02 5.700000e+01 3.157891e-01 9.213135e-01
345 5.237681e+02 2.626036e+02 5.699895e+01 3.167062e-01 8.541426e-01
346 5.260100e+02 2.633703e+02 5.699589e+01 3.183659e-01 9.315962e-01
347 5.293075e+02 2.645449e+02 5.699495e+01 3.206372e-01 9.333210e-01
348 5.293945e+02 2.646714e+02 5.699071e+01 3.189088e-01 9.302624e-01
349 5.306635e+02 2.642070e+02 5.698483e+01 3.153443e-01 9.431054e-01
350 5.295523e+02 2.644958e+02 5.697729e+01 3.138045e-01 9.459723e-01
351 5.276125e+02 2.646422e+02 5.697985e+01 3.121649e-01 9.574280e-01
352 5.286968e+02 2.650955e+02 5.696883e+01 3.064083e-01 9.276607e-01
353 5.295403e+02 2.641346e+02 5.694566e+01 3.034130e-01 9.339538e-01
354 5.291383e+02 2.642636e+02 5.692397e+01 2.968075e-01 9.198930e-01
355 5.316242e+02 2.649724e+02 5.690082e+01 3.023494e-01 8.858324e-01
356 5.314404e+02 2.653086e+02 5.687785e+01 2.963461e-01 8.713295e-01
357 5.320879e+02 2.654236e+02 5.686316e+01 2.974294e-01 8.548673e-01
358 5.309512e+02 2.639360e+02 5.683082e+01 3.007858e-01 8.979644e-01
359 5.304798e+02 2.627720e+02 5.680719e+01 3.051924e-01 8.560181e-01
360 5.298900e+02 2.627200e+02 5.678031e+01 3.111445e-01 8.807139e-01
361 5.282673e+02 2.635128e+02 5.678525e+01 3.176477e-01 9.546056e-01
362 5.268510e+02 2.635634e+02 5.677974e+01 3.208203e-01 9.562822e-01
363 5.287711e+02 2.630505e+02 5.679055e+01 3.215765e-01 9.386351e-01
364 5.297452e+02 2.629343e+02 5.676472e+01 3.305323e-01 9.181105e-01
365 5.306306e+02 2.638815e+02 5.678853e+01 3.338977e-01 9.255676e-01
366 5.310517e+02 2.635260e+02 5.681516e+01 3.345716e-01 8.991494e-01
367 5.296463e+02 2.625757e+02 5.679078e+01 3.371143e-01 9.021817e-01
368 5.300297e+02 2.631861e+02 5.674859e+01 3.382708e-01 9.082913e-01
369 5.294353e+02 2.628776e+02 5.670505e+01 3.446352e-01 9.025425e-01
370 5.295115e+02 2.620030e+02 5.668031e+01 3.459676e-01 8.792755e-01
371 5.288985e+02 2.630398e+02 5.667156e+01 3.504677e-01 8.971560e-01
372 5.289833e+02 2.622876e+02 5.665725e+01 3.477741e-01 9.027734e-01
373 5.286759e+02 2.631909e+02 5.661220e+01 3.412777e-01 9.269120e-01
374 5.287218e+02 2.634620e+02 5.655469e+01 3.321744e-01 9.534739e-01
375 5.285413e+02 2.637805e+02 5.652751e+01 3.317627e-01 9.586391e-01
376 5.284451e+02 2.642297e+02 5.650041e+01 3.244712e-01 9.693183e-01
377 5.302550e+02 2.640316e+02 5.644865e+01 3.232553e-01 9.594332e-01
378 5.309382e+02 2.641872e+02 5.642075e+01 3.164628e-01 9.385902e-01
379 5.309320e+02 2.633204e+02 5.640173e+01 3.175931e-01 9.081544e-01
380 5.283392e+02 2.650515e+02 5.639310e+01 3.232742e-01 9.296805e-01
381 5.282941e+02 2.639024e+02 5.641690e+01 3.282573e-01 9.719598e-01
382 5.304994e+02 2.633320e+02 5.643971e+01 3.321551e-01 9.271766e-01
383 5.314014e+02 2.640916e+02 5.638020e+01 3.286999e-01 9.186658e-01
384 5.327567e+02 2.640997e+02 5.632323e+01 3.268054e-01 9.020403e-01
385 5.301530e+02 2.641021e+02 5.631467e+01 3.190263e-01 9.567679e-01
386 5.296424e+02 2.635013e+02 5.626261e+01 3.245882e-01 9.570459e-01
387 5.281925e+02 2.635436e+02 5.623560e+01 3.307024e-01 9.678839e-01
388 5.282965e+02 2.637821e+02 5.620128e+01 3.294471e-01 9.721650e-01
389 5.299211e+02 2.628388e+02 5.616887e+01 3.249432e-01 9.174701e-01
390 5.299158e+02 2.636196e+02 5.612800e+01 3.264939e-01 9.610305e-01
391 5.289158e+02 2.636514e+02 5.609518e+01 3.306657e-01 9.702239e-01
392 5.298309e+02 2.633000e+02 5.605967e+01 3.362743e-01 9.396655e-01
393 5.314985e+02 2.636265e+02 5.603914e+01 3.425033e-01 8.953437e-01
394 5.319311e+02 2.632064e+02 5.601081e+01 3.516562e-01 8.658640e-01
395 5.315652e+02 2.630143e+02 5.598775e+01 3.563590e-01 8.610381e-01
396 5.308048e+02 2.633455e+02 5.595686e+01 3.557832e-01 8.756698e-01
397 5.321797e+02 2.638843e+02 5.594252e+01 3.428315e-01 8.861506e-01
398 5.319894e+02 2.645247e+02 5.590012e+01 3.154795e-01 9.028989e-01
399 5.305057e+02 2.646981e+02 5.584526e+01 3.067166e-01 9.097619e-01
400 5.314920e+02 2.642550e+02 5.578116e+01 3.107855e-01 9.041084e-01
401 5.306130e+02 2.628354e+02 5.568356e+01 3.358639e-01 9.158961e-01
402 5.311966e+02 2.624716e+02 5.562245e+01 3.427915e-01 8.897574e-01
403 5.300576e+02 2.638835e+02 5.558508e+01 3.395812e-01 9.536102e-01
404 5.301133e+02 2.633989e+02 5.552576e+01 3.314667e-01 9.524329e-01
405 5.314315e+02 2.641139e+02 5.547373e+01 3.192832e-01 9.257729e-01
406 5.322316e+02 2.645411e+02 5.540118e+01 3.176972e-01 8.979347e-01
407 5.322837e+02 2.645138e+02 5.535981e+01 3.165903e-01 8.971426e-01
408 5.332293e+02 2.645821e+02 5.532601e+01 3.182956e-01 8.619101e-01
409 5.326862e+02 2.645805e+02 5.527844e+01 3.202132e-01 8.522031e-01
410 5.308447e+02 2.639688e+02 5.523828e+01 3.212260e-01 8.658756e-01
411 5.297379e+02 2.635151e+02 5.519296e+01 3.362012e-01 8.665885e-01
412 5.266716e+02 2.626252e+02 5.515948e+01 3.341815e-01 8.367715e-01
413 5.256374e+02 2.629350e+02 5.512211e+01 3.417680e-01 8.277733e-01
414 5.252125e+02 2.624114e+02 5.508541e+01 3.428082e-01 7.750898e-01
415 5.214161e+02 2.624955e+02 5.504510e+01 3.388722e-01 7.780266e-01
416 5.146911e+02 2.630996e+02 5.500420e+01 3.410578e-01 8.628402e-01
417 5.122473e+02 2.631057e+02 5.496263e+01 3.408602e-01 8.218510e-01
418 5.112620e+02 2.627508e+02 5.492390e+01 3.419990e-01 7.452271e-01
419 5.094700e+02 2.639873e+02 5.488435e+01 3.363478e-01 7.136062e-01
420 5.059100e+02 2.649372e+02 5.484943e+01 3.339816e-01 6.540732e-01
421 4.989027e+02 2.649186e+02 5.482360e+01 3.332862e-01 6.860143e-01
422 4.922863e+02 2.640591e+02 5.478478e+01 3.350820e-01 7.330118e-01
423 4.872023e+02 2.635261e+02 5.472507e+01 3.380483e-01 7.079862e-01
424 4.838305e+02 2.633970e+02 5.471266e+01 3.261379e-01 6.394676e-01
425 4.767734e+02 2.631994e+02 5.469234e+01 3.249804e-01 6.373714e-01
426 4.695016e+02 2.635824e+02 5.467417e+01 3.163372e-01 6.373820e-01
427 4.585644e+02 2.628609e+02 5.463906e+01 3.145349e-01 6.575284e-01
428 4.512783e+02 2.624772e+02 5.456456e+01 3.242349e-01 6.513953e-01
429 4.459855e+02 2.609239e+02 5.448902e+01 3.514426e-01 5.776126e-01
430 4.423454e+02 2.613895e+02 5.440147e+01 3.564751e-01 5.251852e-01
431 4.314959e+02 2.629647e+02 5.433993e+01 3.404079e-01 5.868528e-01
432 4.257221e+02 2.620013e+02 5.426661e+01 3.530654e-01 5.318910e-01
433 4.150582e+02 2.613800e+02 5.418923e+01 3.479777e-01 4.913046e-01
434 4.027226e+02 2.609968e+02 5.414049e+01 3.716111e-01 5.525951e-01
435 3.898366e+02 2.580205e+02 5.407799e+01 4.017207e-01 5.147253e-01
436 3.806481e+02 2.574135e+02 5.406070e+01 4.257143e-01 5.143221e-01
437 3.712036e+02 2.584929e+02 5.404166e+01 4.424179e-01 5.706788e-01
438 3.621438e+02 2.595553e+02 5.399954e+01 4.523563e-01 5.608311e-01
439 3.536507e+02 2.603816e+02 5.396312e+01 4.555092e-01 4.932621e-01
440 3.462470e+02 2.620673e+02 5.392204e+01 4.714222e-01 4.262839e-01
441 3.351491e+02 2.622904e+02 5.387121e+01 4.745932e-01 4.089168e-01
442 3.251990e+02 2.611535e+02 5.381428e+01 4.696897e-01 3.440138e-01
443 3.101234e+02 2.617352e+02 5.378763e+01 4.668476e-01 3.450211e-01
444 2.951077e+02 2.612343e+02 5.371330e+01 4.616215e-01 3.362635e-01
445 2.757006e+02 2.595673e+02 5.365789e+01 4.656215e-01 3.388194e-01
446 2.548378e+02 2.584882e+02 5.365774e+01 4.776041e-01 3.667564e-01
447 2.370281e+02 2.576355e+02 5.363543e+01 4.882376e-01 3.649529e-01
448 2.258374e+02 2.567408e+02 5.361599e+01 5.041262e-01 2.933500e-01
449 2.159557e+02 2.578771e+02 5.356596e+01 5.189013e-01 2.170601e-01
450 2.015501e+02 2.573435e+02 5.355428e+01 5.417445e-01 1.656441e-01
451 1.856830e+02 2.580413e+02 5.352667e+01 5.599766e-01 1.258167e-01
452 1.670107e+02 2.579502e+02 5.348582e+01 5.680447e-01 1.203526e-01
453 1.473892e+02 2.564039e+02 5.343311e+01 5.683288e-01 8.804545e-02
454 1.268976e+02 2.550824e+02 5.340290e+01 5.859819e-01 7.809652e-02
455 1.098615e+02 2.539127e+02 5.336466e+01 5.749103e-01 2.296849e-02
456 8.326157e+01 2.536659e+02 5.333235e+01 5.920328e-01 8.091872e-02
457 6.222873e+01 2.548597e+02 5.321614e+01 5.466578e-01 8.518804e-02
458 3.314597e+01 2.577830e+02 5.316423e+01 5.132800e-01 2.084115e-01
459 8.877923e+00 2.577166e+02 5.314200e+01 5.185257e-01 2.253405e-01
7.348543e-01 2.663212e-01
