469 1.806582e+00 2.794169e+02 1.110000e+02 3.063059e-01 9.668533e-01
470 2.978502e+00 2.774575e+02 1.109996e+02 3.065023e-01 8.422098e-01
471 7.264115e+00 2.760295e+02 1.109985e+02 3.066408e-01 7.423981e-01
472 1.370410e+01 2.737403e+02 1.109948e+02 3.090057e-01 6.664773e-01
473 2.252607e+01 2.742612e+02 1.109921e+02 3.155485e-01 6.477982e-01
474 2.952642e+01 2.761620e+02 1.109920e+02 3.221028e-01 6.513469e-01
475 3.591391e+01 2.746057e+02 1.109855e+02 3.394736e-01 5.936765e-01
476 3.957413e+01 2.734736e+02 1.109926e+02 3.596243e-01 5.529574e-01
477 6.191343e+01 2.742590e+02 1.109912e+02 3.636543e-01 6.333711e-01
478 6.856504e+01 2.717590e+02 1.109893e+02 3.846332e-01 5.206359e-01
479 7.224375e+01 2.739464e+02 1.109931e+02 3.769407e-01 4.916952e-01
480 8.086303e+01 2.748010e+02 1.109921e+02 3.687492e-01 5.038053e-01
481 9.088609e+01 2.724860e+02 1.109854e+02 3.892205e-01 4.645855e-01
482 9.742039e+01 2.713945e+02 1.110150e+02 3.987802e-01 4.060629e-01
483 1.086595e+02 2.728750e+02 1.110356e+02 3.911566e-01 3.859015e-01
484 1.245426e+02 2.732502e+02 1.110212e+02 3.728178e-01 4.283686e-01
485 1.400070e+02 2.730538e+02 1.110307e+02 3.662924e-01 4.503142e-01
486 1.602222e+02 2.728289e+02 1.110278e+02 3.623251e-01 5.144626e-01
487 1.839717e+02 2.686660e+02 1.110310e+02 3.772050e-01 5.808637e-01
488 2.080132e+02 2.644916e+02 1.109992e+02 4.051261e-01 5.987089e-01
489 2.301531e+02 2.598663e+02 1.109803e+02 4.335657e-01 6.073549e-01
490 2.480532e+02 2.551690e+02 1.109855e+02 4.747155e-01 5.568851e-01
491 2.561355e+02 2.569180e+02 1.109743e+02 4.795856e-01 5.162080e-01
492 2.631036e+02 2.574214e+02 1.109254e+02 4.698561e-01 4.905487e-01
493 2.736847e+02 2.588652e+02 1.109379e+02 4.635801e-01 4.945851e-01
494 2.816756e+02 2.586099e+02 1.109449e+02 4.631867e-01 4.569332e-01
495 2.961114e+02 2.604513e+02 1.109170e+02 4.465568e-01 4.686995e-01
496 3.077050e+02 2.621857e+02 1.108605e+02 4.310100e-01 5.042776e-01
497 3.181774e+02 2.647414e+02 1.108455e+02 4.387796e-01 4.857535e-01
498 3.299705e+02 2.659863e+02 1.108519e+02 4.499895e-01 4.785138e-01
499 3.385825e+02 2.671030e+02 1.108504e+02 4.741325e-01 4.216031e-01
500 3.445045e+02 2.623133e+02 1.108164e+02 4.838758e-01 3.794246e-01
501 3.563545e+02 2.632699e+02 1.107670e+02 4.708920e-01 3.828428e-01
502 3.695741e+02 2.652056e+02 1.106944e+02 4.559015e-01 4.025202e-01
503 3.802613e+02 2.687915e+02 1.106011e+02 4.004888e-01 4.369542e-01
504 3.870381e+02 2.712048e+02 1.105270e+02 3.205769e-01 4.622845e-01
505 3.938727e+02 2.677123e+02 1.104241e+02 2.930237e-01 5.434343e-01
506 3.973923e+02 2.690678e+02 1.103676e+02 2.666292e-01 4.955536e-01
507 3.994846e+02 2.695514e+02 1.103296e+02 2.336002e-01 4.877584e-01
508 3.982053e+02 2.728451e+02 1.103407e+02 1.809941e-01 3.748522e-01
509 4.009474e+02 2.746614e+02 1.103252e+02 1.502716e-01 2.841526e-01
510 4.008949e+02 2.749315e+02 1.103379e+02 1.033814e-01 1.629019e-01
511 4.103483e+02 2.752880e+02 1.103088e+02 8.796983e-02 1.616838e-01
512 4.581045e+02 2.716372e+02 1.101317e+02 1.993715e-01 5.641884e-01
513 4.875097e+02 2.705490e+02 1.100394e+02 2.481609e-01 4.491884e-01
514 4.875995e+02 2.698698e+02 1.099942e+02 2.487618e-01 4.280603e-01
515 4.869125e+02 2.694160e+02 1.099507e+02 2.492797e-01 4.234864e-01
516 4.834548e+02 2.688074e+02 1.099109e+02 2.452128e-01 4.021789e-01
517 4.783749e+02 2.679863e+02 1.098761e+02 2.347958e-01 4.024425e-01
518 4.797710e+02 2.676666e+02 1.098289e+02 2.237107e-01 4.038822e-01
519 4.853541e+02 2.677349e+02 1.098011e+02 2.176060e-01 3.671620e-01
520 4.910514e+02 2.675520e+02 1.097716e+02 2.184253e-01 3.364406e-01
521 4.954792e+02 2.676041e+02 1.097420e+02 2.069560e-01 3.395124e-01
522 4.938582e+02 2.676939e+02 1.097376e+02 1.807148e-01 3.578559e-01
523 4.893766e+02 2.685172e+02 1.097285e+02 1.461875e-01 3.615732e-01
524 4.907158e+02 2.680582e+02 1.096762e+02 1.322636e-01 3.591668e-01
525 4.933994e+02 2.675039e+02 1.095732e+02 1.346022e-01 3.465500e-01
526 4.992896e+02 2.668284e+02 1.095590e+02 1.372211e-01 3.377175e-01
527 5.023527e+02 2.679560e+02 1.095163e+02 1.143384e-01 3.287182e-01
528 5.033384e+02 2.612808e+02 1.094589e+02 2.420169e-01 2.448183e-01
529 5.026607e+02 2.578117e+02 1.093979e+02 2.986070e-01 1.958758e-01
530 5.014698e+02 2.558372e+02 1.093574e+02 3.297158e-01 1.724538e-01
531 5.145338e+02 2.558539e+02 1.093312e+02 2.724236e-01 2.026802e-01
532 5.705618e+02 2.654030e+02 1.093474e+02 1.211409e-01 2.926453e-01
533 5.766230e+02 2.647312e+02 1.093161e+02 1.234376e-01 2.835813e-01
534 5.786087e+02 2.649133e+02 1.092851e+02 1.271121e-01 2.745114e-01
535 5.799413e+02 2.635032e+02 1.092527e+02 1.291524e-01 2.745927e-01
536 5.813235e+02 2.639970e+02 1.092189e+02 1.320782e-01 2.577472e-01
537 5.819952e+02 2.645317e+02 1.091879e+02 1.336932e-01 2.346772e-01
538 5.828434e+02 2.622369e+02 1.091576e+02 1.425498e-01 2.520582e-01
539 5.839727e+02 2.619512e+02 1.091292e+02 1.532940e-01 2.154723e-01
540 5.860849e+02 2.604514e+02 1.090925e+02 1.560349e-01 2.344433e-01
541 5.874939e+02 2.618081e+02 1.090819e+02 1.407334e-01 2.288236e-01
542 5.917064e+02 2.620745e+02 1.090588e+02 1.370199e-01 1.982810e-01
543 5.938610e+02 2.616296e+02 1.090288e+02 1.412470e-01 1.911148e-01
544 5.937110e+02 2.614286e+02 1.089939e+02 1.444854e-01 1.684542e-01
545 5.928547e+02 2.599818e+02 1.089736e+02 1.496162e-01 1.814680e-01
546 5.931346e+02 2.583300e+02 1.089684e+02 1.418412e-01 2.294242e-01
547 5.928721e+02 2.576855e+02 1.089676e+02 1.362505e-01 2.257143e-01
548 5.930655e+02 2.582350e+02 1.089594e+02 1.429428e-01 1.995404e-01
549 5.918645e+02 2.574960e+02 1.089504e+02 1.548429e-01 1.888085e-01
550 5.886194e+02 2.588177e+02 1.089401e+02 1.706219e-01 1.637537e-01
551 5.830241e+02 2.567132e+02 1.089258e+02 1.811273e-01 1.882879e-01
552 5.805340e+02 2.581788e+02 1.088994e+02 1.771889e-01 1.866746e-01
553 5.760196e+02 2.579448e+02 1.088718e+02 1.687632e-01 1.965994e-01
554 5.720296e+02 2.579083e+02 1.088429e+02 1.639853e-01 1.952297e-01
555 5.707700e+02 2.573500e+02 1.088349e+02 1.782896e-01 1.760026e-01
556 5.660951e+02 2.568317e+02 1.088035e+02 1.815929e-01 1.627010e-01
557 5.606798e+02 2.567361e+02 1.087731e+02 1.808571e-01 1.852872e-01
558 5.544229e+02 2.571371e+02 1.087409e+02 1.860884e-01 1.863395e-01
559 5.473149e+02 2.571308e+02 1.086901e+02 1.864944e-01 1.869615e-01
560 5.360747e+02 2.555352e+02 1.086754e+02 1.886184e-01 2.553717e-01
561 5.164403e+02 2.535937e+02 1.086404e+02 1.793896e-01 2.762965e-01
562 5.000852e+02 2.537016e+02 1.086116e+02 1.826498e-01 2.599061e-01
563 4.803088e+02 2.522949e+02 1.086019e+02 1.919072e-01 2.120678e-01
564 4.598021e+02 2.522565e+02 1.085703e+02 1.906451e-01 2.554251e-01
565 4.499039e+02 2.532441e+02 1.085596e+02 1.506592e-01 2.678518e-01
566 4.419613e+02 2.541491e+02 1.084811e+02 1.225471e-01 3.253250e-01
567 4.411537e+02 2.562375e+02 1.083697e+02 1.065539e-01 3.875622e-01
568 4.408378e+02 2.587561e+02 1.083180e+02 9.596113e-02 3.877473e-01
569 4.399425e+02 2.601564e+02 1.082699e+02 8.112490e-02 3.879195e-01
570 4.341960e+02 2.600805e+02 1.082286e+02 7.726233e-02 3.788276e-01
571 4.285210e+02 2.611005e+02 1.081824e+02 7.250889e-02 3.789895e-01
572 4.244997e+02 2.614055e+02 1.081373e+02 6.829359e-02 3.883951e-01
573 4.149047e+02 2.614108e+02 1.080954e+02 6.974325e-02 3.977968e-01
574 4.104318e+02 2.609860e+02 1.080504e+02 6.423366e-02 3.794525e-01
575 3.998128e+02 2.611683e+02 1.079964e+02 5.019074e-02 3.889018e-01
576 3.963460e+02 2.619410e+02 1.079330e+02 4.901840e-02 3.798653e-01
577 3.956285e+02 2.625899e+02 1.078729e+02 5.795884e-02 3.893472e-01
578 3.913907e+02 2.618715e+02 1.078258e+02 6.262581e-02 3.895172e-01
579 3.866669e+02 2.596893e+02 1.077747e+02 8.626865e-02 3.897018e-01
580 3.835860e+02 2.578119e+02 1.077303e+02 1.112116e-01 3.837419e-01
581 3.806848e+02 2.561059e+02 1.076957e+02 1.379080e-01 3.150968e-01
582 3.739560e+02 2.545755e+02 1.076936e+02 1.589973e-01 3.340498e-01
583 3.685463e+02 2.544720e+02 1.076620e+02 1.695703e-01 3.205280e-01
584 3.648042e+02 2.542457e+02 1.076621e+02 1.698842e-01 3.275523e-01
585 3.578165e+02 2.546442e+02 1.076382e+02 1.739462e-01 2.773732e-01
586 3.498844e+02 2.541193e+02 1.076194e+02 1.798821e-01 2.889527e-01
587 3.456225e+02 2.552963e+02 1.076002e+02 1.758896e-01 2.745025e-01
588 3.360341e+02 2.549741e+02 1.075722e+02 1.740422e-01 2.775603e-01
589 3.285010e+02 2.557087e+02 1.075413e+02 1.655014e-01 2.920518e-01
590 3.221157e+02 2.553223e+02 1.075152e+02 1.706179e-01 3.194306e-01
591 3.199820e+02 2.551582e+02 1.075488e+02 1.705014e-01 3.123500e-01
592 3.145652e+02 2.558551e+02 1.075203e+02 1.765319e-01 2.949794e-01
593 3.165091e+02 2.568205e+02 1.075232e+02 1.731607e-01 2.937131e-01
594 3.243639e+02 2.576190e+02 1.074768e+02 1.503828e-01 3.384925e-01
595 3.150447e+02 2.569909e+02 1.073996e+02 1.555394e-01 3.427911e-01
596 3.022394e+02 2.549190e+02 1.073677e+02 1.637352e-01 2.932196e-01
597 2.929122e+02 2.532637e+02 1.073706e+02 1.670010e-01 2.741376e-01
598 2.858078e+02 2.531619e+02 1.073587e+02 1.789915e-01 2.529046e-01
599 2.775757e+02 2.533845e+02 1.073154e+02 1.902138e-01 2.492447e-01
600 2.756690e+02 2.539360e+02 1.072656e+02 1.848915e-01 2.434957e-01
601 2.740205e+02 2.550280e+02 1.072135e+02 1.701358e-01 2.810703e-01
602 2.697295e+02 2.563738e+02 1.072058e+02 1.565457e-01 2.948400e-01
603 2.674968e+02 2.574330e+02 1.072627e+02 1.405687e-01 3.169789e-01
604 2.676201e+02 2.580033e+02 1.072685e+02 1.310570e-01 2.983168e-01
605 2.678818e+02 2.591407e+02 1.072701e+02 1.213300e-01 2.889900e-01
606 2.678697e+02 2.599500e+02 1.072776e+02 1.110276e-01 2.796482e-01
607 2.671414e+02 2.611494e+02 1.072142e+02 9.858492e-02 2.611595e-01
608 2.654318e+02 2.624689e+02 1.071432e+02 8.693314e-02 2.519992e-01
609 2.642630e+02 2.635251e+02 1.071897e+02 8.177873e-02 2.612192e-01
610 2.649745e+02 2.634292e+02 1.072984e+02 8.404833e-02 2.702743e-01
611 2.646131e+02 2.631263e+02 1.073733e+02 9.775969e-02 2.700859e-01
612 2.642702e+02 2.614044e+02 1.073746e+02 1.048461e-01 2.793958e-01
613 2.633995e+02 2.612030e+02 1.073623e+02 1.054643e-01 2.701134e-01
614 2.630591e+02 2.614740e+02 1.073443e+02 1.065768e-01 2.794744e-01
615 2.601018e+02 2.613760e+02 1.073077e+02 1.113103e-01 2.888889e-01
616 2.562887e+02 2.613649e+02 1.072806e+02 1.140362e-01 2.982832e-01
617 2.550210e+02 2.613860e+02 1.072397e+02 1.172510e-01 3.077219e-01
618 2.577887e+02 2.611188e+02 1.071924e+02 1.275408e-01 2.985287e-01
619 2.594544e+02 2.599026e+02 1.071371e+02 1.422870e-01 3.153239e-01
620 2.580716e+02 2.586907e+02 1.070956e+02 1.549684e-01 2.732991e-01
621 2.595150e+02 2.585193e+02 1.070613e+02 1.584519e-01 3.069059e-01
622 2.632807e+02 2.594934e+02 1.070214e+02 1.590348e-01 3.066061e-01
623 2.642471e+02 2.594546e+02 1.069936e+02 1.622997e-01 3.150400e-01
624 2.631676e+02 2.599439e+02 1.069547e+02 1.632672e-01 3.134569e-01
625 2.629925e+02 2.601025e+02 1.069126e+02 1.626284e-01 3.249731e-01
626 2.631861e+02 2.597692e+02 1.068795e+02 1.692815e-01 3.199066e-01
627 2.601115e+02 2.599626e+02 1.068431e+02 1.773891e-01 3.341347e-01
628 2.580769e+02 2.602490e+02 1.067977e+02 1.815752e-01 3.577563e-01
629 2.544233e+02 2.595631e+02 1.067613e+02 1.857263e-01 3.199133e-01
630 2.540283e+02 2.586503e+02 1.067100e+02 1.930173e-01 3.191102e-01
631 2.503343e+02 2.601256e+02 1.066499e+02 2.038379e-01 3.698576e-01
632 2.435574e+02 2.612098e+02 1.065852e+02 2.138386e-01 4.116424e-01
633 2.377050e+02 2.618445e+02 1.065280e+02 2.203968e-01 4.158152e-01
634 2.347800e+02 2.617828e+02 1.064736e+02 2.277005e-01 4.048267e-01
635 2.331828e+02 2.619563e+02 1.064345e+02 2.334424e-01 4.095282e-01
636 2.348897e+02 2.626629e+02 1.063899e+02 2.281376e-01 4.569662e-01
637 2.334249e+02 2.634594e+02 1.063596e+02 2.215513e-01 4.787991e-01
638 2.299938e+02 2.633691e+02 1.063480e+02 2.058361e-01 4.881575e-01
639 2.292299e+02 2.640397e+02 1.063770e+02 1.905020e-01 4.565705e-01
640 2.279647e+02 2.652182e+02 1.063616e+02 1.795778e-01 4.331365e-01
641 2.206589e+02 2.669516e+02 1.063248e+02 1.872229e-01 4.640603e-01
642 2.132552e+02 2.659140e+02 1.062413e+02 2.020588e-01 4.757238e-01
643 2.060165e+02 2.659517e+02 1.061280e+02 2.095882e-01 4.793530e-01
644 1.981639e+02 2.674459e+02 1.060367e+02 2.026001e-01 4.762422e-01
645 1.908784e+02 2.688389e+02 1.059632e+02 1.959698e-01 4.824472e-01
646 1.759339e+02 2.709796e+02 1.058953e+02 1.874851e-01 5.577785e-01
647 1.654114e+02 2.728772e+02 1.058025e+02 1.683726e-01 5.726570e-01
648 1.538953e+02 2.735886e+02 1.057156e+02 1.569206e-01 5.969289e-01
649 1.420809e+02 2.737776e+02 1.056636e+02 1.565763e-01 6.158077e-01
650 1.245774e+02 2.757817e+02 1.055998e+02 1.607261e-01 6.952912e-01
651 1.135297e+02 2.772027e+02 1.055467e+02 1.601519e-01 6.474561e-01
652 9.713288e+01 2.771677e+02 1.054923e+02 1.587780e-01 6.979107e-01
653 8.590909e+01 2.772311e+02 1.054421e+02 1.608410e-01 6.987026e-01
654 7.840774e+01 2.784917e+02 1.053918e+02 1.619247e-01 6.380306e-01
655 7.102642e+01 2.774602e+02 1.053449e+02 1.668574e-01 6.252939e-01
656 6.986088e+01 2.773863e+02 1.052906e+02 1.724404e-01 5.650991e-01
657 7.312051e+01 2.750829e+02 1.052440e+02 1.747443e-01 4.367771e-01
658 6.899653e+01 2.727693e+02 1.052080e+02 1.840134e-01 3.707271e-01
659 5.968111e+01 2.720817e+02 1.051587e+02 2.016772e-01 3.453722e-01
3.745245e-01 1.419363e-01
