197 3.690101e+02 2.736396e+02 6.800000e+01 6.176470e-01 8.339171e-01
198 3.735735e+02 2.686830e+02 6.800003e+01 6.176150e-01 7.660732e-01
199 3.744143e+02 2.641342e+02 6.800019e+01 6.172241e-01 6.447092e-01
200 3.805955e+02 2.611058e+02 6.800046e+01 6.171768e-01 6.095465e-01
201 3.853800e+02 2.611520e+02 6.800043e+01 6.176786e-01 6.116327e-01
202 3.910946e+02 2.618069e+02 6.800030e+01 6.177122e-01 6.018682e-01
203 3.979097e+02 2.632250e+02 6.799953e+01 6.174471e-01 5.537582e-01
204 4.020093e+02 2.660804e+02 6.800048e+01 6.170294e-01 5.152139e-01
205 4.077361e+02 2.634347e+02 6.799903e+01 6.153923e-01 4.790029e-01
206 4.117533e+02 2.605942e+02 6.800025e+01 6.165411e-01 4.419644e-01
207 4.161391e+02 2.583218e+02 6.800091e+01 6.136993e-01 3.756400e-01
208 4.151173e+02 2.558335e+02 6.800254e+01 6.137635e-01 3.435212e-01
209 4.123828e+02 2.484231e+02 6.799970e+01 6.108879e-01 3.094111e-01
210 4.140136e+02 2.482599e+02 6.799965e+01 6.117481e-01 2.927147e-01
211 4.164019e+02 2.483449e+02 6.799871e+01 6.077997e-01 2.661582e-01
212 4.159761e+02 2.476761e+02 6.799704e+01 6.046531e-01 2.553947e-01
213 4.164037e+02 2.443012e+02 6.799243e+01 6.021763e-01 2.370824e-01
214 4.155030e+02 2.433710e+02 6.798675e+01 5.987661e-01 2.312460e-01
215 4.138596e+02 2.449688e+02 6.798164e+01 5.963197e-01 1.894124e-01
216 4.161833e+02 2.431214e+02 6.798573e+01 5.932623e-01 1.903656e-01
217 4.237049e+02 2.413149e+02 6.798549e+01 5.889924e-01 1.851349e-01
218 4.296820e+02 2.410840e+02 6.797871e+01 5.807616e-01 1.877962e-01
219 4.336072e+02 2.393953e+02 6.797075e+01 5.796245e-01 1.650560e-01
220 4.319006e+02 2.395268e+02 6.796738e+01 5.809111e-01 1.490559e-01
221 4.341444e+02 2.395880e+02 6.796213e+01 5.799806e-01 1.433455e-01
222 4.378888e+02 2.409988e+02 6.796091e+01 5.750203e-01 1.355504e-01
223 4.398155e+02 2.405932e+02 6.794914e+01 5.690868e-01 1.370112e-01
224 4.343813e+02 2.403594e+02 6.794604e+01 5.700354e-01 1.329958e-01
225 4.371612e+02 2.411368e+02 6.794224e+01 5.669187e-01 1.444414e-01
226 4.411474e+02 2.415782e+02 6.793874e+01 5.604322e-01 1.356903e-01
227 4.383934e+02 2.423964e+02 6.793185e+01 5.489689e-01 1.547360e-01
228 4.306686e+02 2.418467e+02 6.793397e+01 5.408559e-01 1.626562e-01
229 4.234155e+02 2.409575e+02 6.792818e+01 5.336794e-01 1.762420e-01
230 4.121414e+02 2.401408e+02 6.791695e+01 5.270062e-01 1.785327e-01
231 4.081547e+02 2.405217e+02 6.791216e+01 5.215001e-01 1.729593e-01
232 4.071803e+02 2.412568e+02 6.790975e+01 5.155849e-01 1.804232e-01
233 4.087754e+02 2.412208e+02 6.790708e+01 5.081697e-01 1.886181e-01
234 4.084013e+02 2.420931e+02 6.791156e+01 4.982500e-01 1.923480e-01
235 4.105795e+02 2.446222e+02 6.791849e+01 4.946200e-01 1.994179e-01
236 4.063574e+02 2.457328e+02 6.791900e+01 4.903737e-01 2.048342e-01
237 4.000594e+02 2.471783e+02 6.791565e+01 4.850531e-01 1.930876e-01
238 3.908474e+02 2.475382e+02 6.791397e+01 4.768888e-01 2.127699e-01
239 3.862988e+02 2.489034e+02 6.791435e+01 4.707072e-01 2.210891e-01
240 3.836479e+02 2.494311e+02 6.791194e+01 4.665199e-01 2.230893e-01
241 3.804648e+02 2.485542e+02 6.791032e+01 4.598100e-01 2.320146e-01
242 3.741863e+02 2.493051e+02 6.790921e+01 4.523381e-01 2.751635e-01
243 3.708101e+02 2.517155e+02 6.791221e+01 4.424824e-01 2.881277e-01
244 3.681437e+02 2.528844e+02 6.791200e+01 4.303711e-01 2.418272e-01
245 3.620662e+02 2.529116e+02 6.790986e+01 4.171915e-01 2.557197e-01
246 3.614925e+02 2.516953e+02 6.790382e+01 4.055521e-01 2.695225e-01
247 3.625037e+02 2.517859e+02 6.789776e+01 3.961439e-01 2.759728e-01
248 3.604709e+02 2.520019e+02 6.789251e+01 3.861797e-01 2.831371e-01
249 3.621211e+02 2.510516e+02 6.789013e+01 3.769963e-01 3.142263e-01
250 3.625255e+02 2.531325e+02 6.788857e+01 3.676131e-01 3.145883e-01
251 3.593934e+02 2.537078e+02 6.788648e+01 3.590988e-01 3.299228e-01
252 3.566708e+02 2.529031e+02 6.788101e+01 3.489955e-01 3.395288e-01
253 3.576888e+02 2.530188e+02 6.787753e+01 3.394597e-01 3.350646e-01
254 3.558129e+02 2.541619e+02 6.787424e+01 3.295320e-01 3.377900e-01
255 3.507300e+02 2.536172e+02 6.787333e+01 3.168613e-01 3.319214e-01
256 3.344323e+02 2.538486e+02 6.786462e+01 3.024554e-01 3.826299e-01
257 3.281019e+02 2.528972e+02 6.786107e+01 2.923421e-01 3.959080e-01
258 3.260895e+02 2.533542e+02 6.786253e+01 2.803440e-01 4.128342e-01
259 3.178457e+02 2.541385e+02 6.786369e+01 2.683521e-01 4.644420e-01
260 3.132002e+02 2.559202e+02 6.785974e+01 2.571522e-01 4.610822e-01
261 3.094314e+02 2.576506e+02 6.785806e+01 2.466995e-01 5.299377e-01
262 3.042532e+02 2.581886e+02 6.785635e+01 2.361641e-01 5.556335e-01
263 3.031393e+02 2.586467e+02 6.785147e+01 2.261626e-01 4.855549e-01
264 3.024545e+02 2.602380e+02 6.784847e+01 2.151723e-01 4.064324e-01
265 2.984352e+02 2.596853e+02 6.784847e+01 2.046618e-01 2.975581e-01
266 2.917118e+02 2.602429e+02 6.784740e+01 1.937330e-01 2.759149e-01
267 2.798051e+02 2.597305e+02 6.784840e+01 1.832718e-01 3.488742e-01
268 2.710294e+02 2.601700e+02 6.784641e+01 1.726459e-01 3.533068e-01
269 2.598849e+02 2.610965e+02 6.784613e+01 1.647985e-01 3.849159e-01
270 2.489855e+02 2.635911e+02 6.783188e+01 1.499295e-01 4.129984e-01
271 2.397793e+02 2.652817e+02 6.782950e+01 1.377222e-01 3.955817e-01
272 2.351464e+02 2.657257e+02 6.782469e+01 1.252833e-01 2.875048e-01
273 2.308025e+02 2.657760e+02 6.782599e+01 1.134750e-01 2.141371e-01
274 2.220567e+02 2.661169e+02 6.781586e+01 1.028246e-01 1.942874e-01
275 1.914869e+02 2.664777e+02 6.781183e+01 9.027555e-02 3.583094e-01
276 1.760761e+02 2.672380e+02 6.780993e+01 7.818809e-02 3.619812e-01
277 1.615590e+02 2.679028e+02 6.780574e+01 6.652860e-02 2.527818e-01
278 1.496651e+02 2.680113e+02 6.780464e+01 5.472123e-02 2.061389e-01
279 1.394269e+02 2.694703e+02 6.780028e+01 4.284058e-02 1.506814e-01
280 1.217937e+02 2.695442e+02 6.779972e+01 3.164278e-02 1.314802e-01
281 1.217728e+02 2.697952e+02 6.779204e+01 2.065889e-02 6.573517e-02
282 9.934615e+01 2.711613e+02 6.779386e+01 1.085345e-02 4.657874e-02
283 9.417577e+01 2.698556e+02 6.778761e+01 7.490907e-04 2.745871e-03
