294 3.280251e+02 2.608306e+02 2.300000e+01 6.521742e-01 7.643981e-01
295 3.285029e+02 2.610329e+02 2.300125e+01 6.515085e-01 6.586230e-01
296 3.320088e+02 2.599928e+02 2.300105e+01 6.510380e-01 7.359627e-01
297 3.314580e+02 2.596064e+02 2.300007e+01 6.480167e-01 6.775921e-01
298 3.326354e+02 2.605708e+02 2.300418e+01 6.509475e-01 6.559565e-01
299 3.314584e+02 2.608678e+02 2.301014e+01 6.567347e-01 5.649569e-01
300 3.328813e+02 2.602197e+02 2.301274e+01 6.611222e-01 5.689335e-01
301 3.352163e+02 2.596144e+02 2.301461e+01 6.678448e-01 5.758400e-01
302 3.378290e+02 2.599822e+02 2.301451e+01 6.867028e-01 5.928099e-01
303 3.395233e+02 2.622244e+02 2.303257e+01 7.040903e-01 6.306717e-01
304 3.383806e+02 2.627001e+02 2.300908e+01 6.782229e-01 5.224736e-01
305 3.400207e+02 2.644363e+02 2.302088e+01 6.783334e-01 5.215591e-01
306 3.425256e+02 2.628522e+02 2.302774e+01 6.948826e-01 5.543625e-01
307 3.420526e+02 2.632802e+02 2.302124e+01 6.894914e-01 4.607480e-01
308 3.436236e+02 2.643565e+02 2.301973e+01 6.869110e-01 4.376401e-01
309 3.453751e+02 2.658773e+02 2.301356e+01 6.873013e-01 4.202602e-01
310 3.469967e+02 2.657432e+02 2.301051e+01 6.942855e-01 3.959276e-01
311 3.508396e+02 2.676040e+02 2.300709e+01 7.032792e-01 4.259317e-01
312 3.512846e+02 2.687480e+02 2.300755e+01 7.087650e-01 3.826483e-01
313 3.505734e+02 2.690017e+02 2.300288e+01 7.140743e-01 3.384783e-01
314 3.531745e+02 2.694597e+02 2.298666e+01 7.415106e-01 3.587220e-01
315 3.535035e+02 2.679146e+02 2.297469e+01 7.597882e-01 3.633120e-01
316 3.534999e+02 2.690499e+02 2.295240e+01 7.847384e-01 3.438800e-01
317 3.576090e+02 2.701614e+02 2.294168e+01 7.982084e-01 3.256695e-01
318 3.572395e+02 2.706013e+02 2.291921e+01 8.127639e-01 3.423711e-01
319 3.593749e+02 2.734514e+02 2.289263e+01 8.395955e-01 3.019968e-01
320 3.554774e+02 2.752746e+02 2.287602e+01 8.803791e-01 3.033003e-01
321 3.545258e+02 2.763648e+02 2.285762e+01 9.000360e-01 2.711893e-01
322 3.551693e+02 2.790056e+02 2.284558e+01 9.255569e-01 2.631083e-01
323 3.562965e+02 2.792396e+02 2.282946e+01 9.483145e-01 2.428731e-01
324 3.598993e+02 2.818173e+02 2.282314e+01 9.727959e-01 2.385714e-01
325 3.561175e+02 2.827133e+02 2.281048e+01 9.999985e-01 2.084605e-01
326 3.546539e+02 2.851449e+02 2.280086e+01 1.032662e+00 1.920787e-01
327 3.538046e+02 2.882278e+02 2.279772e+01 1.061601e+00 1.713516e-01
328 3.552466e+02 2.903843e+02 2.280414e+01 1.085868e+00 1.645824e-01
329 3.532408e+02 2.913662e+02 2.281692e+01 1.096963e+00 1.290894e-01
330 3.516028e+02 2.911043e+02 2.282988e+01 1.114476e+00 1.089402e-01
331 3.506954e+02 2.948459e+02 2.282164e+01 1.136382e+00 9.397564e-02
332 3.478654e+02 3.016396e+02 2.285914e+01 1.160649e+00 7.360262e-02
333 3.389555e+02 3.079713e+02 2.276838e+01 1.195500e+00 6.327814e-02
334 3.295721e+02 3.156658e+02 2.275977e+01 1.222279e+00 5.118842e-02
335 3.163893e+02 3.229453e+02 2.276529e+01 1.237001e+00 3.023424e-02
336 2.993655e+02 3.215172e+02 2.276535e+01 1.274160e+00 2.281466e-02
337 2.847466e+02 3.210316e+02 2.277028e+01 1.291794e+00 1.631056e-02
338 2.699482e+02 3.294982e+02 2.277458e+01 1.303543e+00 1.403329e-02
339 2.736184e+02 3.518610e+02 2.273574e+01 1.292403e+00 1.260256e-02
340 2.813509e+02 3.711943e+02 2.276678e+01 1.310685e+00 1.291736e-02
341 2.985397e+02 3.972311e+02 2.276099e+01 1.322897e+00 1.774212e-02
342 3.321074e+02 3.503781e+02 2.278723e+01 1.307480e+00 0.000000e+00
3.188565e-01 2.238666e-01
