849	0.662207
850	0.614634
851	0.604396
852	0.510288
853	0.432395
854	0.418883
855	0.354286
856	0.355556
857	0.338304
858	0.348796
859	0.357293
860	0.357143
861	0.346154
862	0.347764
863	0.366455
864	0.427326
865	0.418388
866	0.457938
867	0.445771
868	0.443478
869	0.49798
870	0.462451
871	0.519043
872	0.531056
873	0.531858
874	0.512566
875	0.54955
876	0.519481
877	0.442008
878	0.428571
879	0.364145
880	0.339869
881	0.470588
882	0.526166
883	0.508023
884	0.488276
885	0.497836
886	0.533505
887	0.589285
888	0.598214
889	0.624999
890	0.6203
891	0.617512
892	0.510638
893	0.491572
894	0.478022
895	0.606741
896	0.456389
897	0.38287
898	0.548517
899	0.392393
900	0.378716
901	0.504808
902	0.671053
903	0.722223
904	0.734787
905	0.718789
906	0.777778
907	0.76
908	0.691729
909	0.685246
910	0.775862
911	0.75283
912	0.708182
913	0.664773
914	0.690909
915	0.732426
916	0.666667
917	0.708134
918	0.742064
919	0.809524
920	0.801428
921	0.748538
922	0.696594
923	0.79257
924	0.778547
925	0.752595
926	0.729412
927	0.77957
928	0.650154
929	0.673684
930	0.637268
931	0.577778
932	0.529101
933	0.585858
934	0.632099
935	0.563204
936	0.643026
937	0.668981
938	0.698889
939	0.76923
940	0.787037
941	0.725644
942	0.700229
943	0.648366
944	0.516796
945	0.379404
946	0.283784
947	0.171123
948	0
949	0
950	0
951	0
952	0.229592
953	0.361328
954	0.425287
955	0.579048
956	0.686512
957	0.62253
958	0.609284
959	0.57913
960	0.527629
961	0.563478
962	0.661017
963	0.439669
964	0.428571
965	0.592593
966	0.535295
967	0.602942
968	0.626315
969	0.636757
970	0.613889
971	0.592593
972	0.545809
973	0.488769
974	0.365714
975	0.212766
976	0.0714286
977	0
978	0
979	0
980	0
981	0.229167
982	0.341137
983	0.357143
984	0.407805
985	0.428431
986	0.406731
987	0.42
988	0.381837
989	0.301659
990	0.361336
991	0.408571
992	0.479167
993	0.524069
994	0.448205
995	0.448205
996	0.452381
997	0.511111
998	0.467213
999	0.572075
1000	0.59071
1001	0.568817
1002	0.54661
1003	0.498986
1004	0.487701
1005	0.467532
1006	0.428353
1007	0.459285
1008	0.495888
1009	0.531895
1010	0.511628
1011	0.505102
1012	0.523002
1013	0.477642
1014	0.425926
1015	0.526215
1016	0.558167
1017	0.553991
1018	0.548246
1019	0.558451
1020	0.49789
1021	0.522103
1022	0.623655
1023	0.644444
1024	0.644006
1025	0.675
1026	0.659057
1027	0.636364
1028	0.528736
1029	0.520482
1030	0.539461
1031	0.668896
1032	0.709033
1033	0.667667
1034	0.767933
1035	0.697303
1036	0.750469
1037	0.776182
1038	0.843372
1039	0.852804
1040	0.828312
1041	0.828312
1042	0.818453
1043	0.781251
1044	0.818453
1045	0.790662
1046	0.850401
1047	0.806706
1048	0.789397
1049	0.801204
1050	0.839356
1051	0.819025
1052	0.748493
1053	0.75122
1054	0.717037
1055	0.723766
1056	0.702161
1057	0.665188
1058	0.659553
1059	0.650954
1060	0.684783
1061	0.670195
1062	0.576786
1063	0.68716
1064	0.629371
1065	0.690449
1066	0.669759
1067	0.731405
1068	0.712925
1069	0.746667
1070	0.703196
1071	0.696833
1072	0.637681
1073	0.586151
1074	0.563181
1075	0.510779
1076	0.420746
1077	0.421371
1078	0.377778
1079	0.43006
1080	0.533163
1081	0.572695
1082	0.572727
1083	0.669421
1084	0.669767
1085	0.654545
1086	0.621542
1087	0.566667
1088	0.654255
1089	0.63587
1090	0.6
1091	0.597447
1092	0.597447
1093	0.533752
1094	0.453901
1095	0.465517
1096	0.377778
1097	0.302775
1098	0.274038
1099	0.240275
1100	0.130435
1101	0.0494505
1102	0.0414747
1103	0
1104	0
1105	0
1106	0
1107	0.0521739
1108	0.237209
1109	0.271277
1110	0.314685
1111	0.33
1112	0.319853
1113	0.450281
1114	0.334302
1115	0.291667
1116	0.341615
1117	0.503473
1118	0.579546
1119	0.534591
1120	0.532922
1121	0.550314
1122	0.524691
1123	0.64488
1124	0.588235
1125	0.555556
1126	0.529915
1127	0.301961
1128	0.217391
1129	0.0664452
1130	0
1131	0
1132	0
1133	0.309694
1134	0.443778
1135	0.562718
1136	0.566434
1137	0.585145
1138	0.622893
1139	0.579048
1140	0.599048
1141	0.646259
1142	0.67589
1143	0.729167
1144	0.744681
1145	0.708333
1146	0.76087
1147	0.744186
1148	0.738095
1149	0.730769
1150	0.825
1151	0.829268
1152	0.746951
1153	0.772809
1154	0.726744
1155	0.777273
1156	0.717054
1157	0.728693
1158	0.700133
1159	0.764163
1160	0.774704
1161	0.78792
1162	0.82
1163	0.814165
1164	0.802432
1165	0.860504
1166	0.781379
1167	0.725927
1168	0.708061
1169	0.659775
1170	0.599452
1171	0.46409
1172	0.171679
1173	0.132306
1174	0.261682
1175	0.355859
1176	0.475346
1177	0.505391
1178	0.472756
1179	0.440704
1180	0.399233
1181	0.452319
1182	0.543185
1183	0.57842
1184	0.612449
1185	0.697168
1186	0.759041
1187	0.771084
1188	0.759734
1189	0.753086
1190	0.714657
1191	0.643836
1192	0.535117
1193	0.66
1194	0.791304
1195	0.790508
1196	0.722223
1197	0.704106
1198	0.690822
1199	0.653936
1200	0.674546
1201	0.630304
1202	0.626224
1203	0.684
1204	0.715054
1205	0.653438
1206	0.645723
1207	0.638889
1208	0.612972
1209	0.626441
1210	0.646552
1211	0.677895
1212	0.675439
1213	0.621118
1214	0.656276
1215	0.745342
1216	0.765217
1217	0.777778
1218	0.838095
1219	0.890774
1220	0.891304
1221	0.891305
1222	0.852174
1223	0.893617
1224	0.854764
1225	0.807692
1226	0.851852
1227	0.821429
1228	0.766667
1229	0.796708
1230	0.802667
1231	0.784348
1232	0.815455
1233	0.738889
1234	0.693333
1235	0.731707
1236	0.751667
1237	0.657142
1238	0.58906
1239	0.58371
1240	0.599315
1241	0.59936
1242	0.631097
1243	0.508235
1244	0.492042
1245	0.503889
1246	0.483517
1247	0.531772
1248	0.51923
1249	0.505852
1250	0.515216
1251	0.560017
1252	0.544
1253	0.579213
1254	0.612849
1255	0.690337
1256	0.689138
1257	0.596444
1258	0.639129
1259	0.606535
1260	0.566762
1261	0.55051
1262	0.520303
1263	0.504733
1264	0.443352
1265	0.573295
1266	0.493714
1267	0.517267
1268	0.511416
1269	0.486486
1270	0.481538
1271	0.450193
1272	0.46332
1273	0.459459
1274	0.436508
1275	0.444538
1276	0.395317
1277	0.389648
1278	0.384153
1279	0.378947
1280	0.445023
1281	0.480377
1282	0.556522
1283	0.515672
1284	0.449612
1285	0.441905
1286	0.455285
1287	0.430769
1288	0.483158
1289	0.505641
1290	0.506731
1291	0.544
1292	0.506567
1293	0.412088
1294	0.464727
1295	0.564685
1296	0.503497
1297	0.535427
1298	0.450431
1299	0.510204
1300	0.443077
1301	0.522763
1302	0.4896
1303	0.448718
1304	0.418552
1305	0.384314
1306	0.404412
1307	0.4
1308	0.466667
1309	0.485714
1310	0.6
1311	0.514706
1312	0.471429
1313	0.503145
1314	0.517007
1315	0.513158
1316	0.416667
1317	0.338629
1318	0.269886
1319	0.149068
1320	0.0356745
1321	0.034188
1322	0
1323	0
1324	0
1325	0
1326	0
1327	0
1328	0.171329
1329	0.362277
1330	0.494118
1331	0.631579
1332	0.638655
1333	0.54902
1334	0.609412
1335	0.569781
1336	0.533769
1337	0.538462
1338	0.472691
1339	0.526316
1340	0.570175
1341	0.537736
1342	0.603715
1343	0.62247
1344	0.700855
1345	0.5625
1346	0.555556
1347	0.623782
1348	0.654971
1349	0.561728
1350	0.526316
1351	0.389275
1352	0.306122
1353	0.2
1354	0.05
1355	0
1356	0
1357	0
1358	0.0770053
1359	0.293501
1360	0.384524
1361	0.597789
1362	0.565747
1363	0.67857
1364	0.573412
1365	0.571428
1366	0.568984
1367	0.597484
1368	0.649572
1369	0.56174
1370	0.646
1371	0.557692
1372	0.519231
1373	0.72
1374	0.772358
1375	0.72381
1376	0.704762
1377	0.714285
1378	0.652557
1379	0.695122
1380	0.706034
1381	0.766071
1382	0.782313
1383	0.755337
1384	0.721732
1385	0.700758
1386	0.685185
1387	0.648668
1388	0.611702
1389	0.599747
1390	0.637255
1391	0.683354
1392	0.634058
1393	0.679977
1394	0.720589
1395	0.637638
1396	0.620874
1397	0.596217
1398	0.563889
1399	0.535354
1400	0.559112
1401	0.516151
1402	0.497399
1403	0.441801
1404	0.405605
1405	0.421415
1406	0.400509
1407	0.423181
1408	0.432749
1409	0.386791
1410	0.359273
1411	0.331583
1412	0.387978
1413	0.324074
1414	0.36998
1415	0.382803
1416	0.449382
1417	0.402721
1418	0.531653
1419	0.560933
1420	0.614801
1421	0.608823
1422	0.632231
1423	0.62069
1424	0.598215
1425	0.646219
1426	0.659825
1427	0.707762
1428	0.759805
1429	0.766234
1430	0.765405
1431	0.760563
1432	0.73913
1433	0.615385
1434	0.571429
1435	0.599256
1436	0.656944
1437	0.648421
1438	0.701016
1439	0.725624
1440	0.597692
1441	0.604082
1442	0.688696
1443	0.68883
1444	0.640071
1445	0.6175
1446	0.663265
1447	0.580848
1448	0.504808
1449	0.68883
1450	0.703053
1451	0.612245
1452	0.592949
1453	0.578526
1454	0.582128
1455	0.60101
1456	0.61324
1457	0.574163
1458	0.550369
1459	0.674603
1460	0.728307
1461	0.738095
1462	0.712162
1463	0.617761
1464	0.598831
1465	0.653846
1466	0.597285
1467	0.651139
1468	0.702479
1469	0.727272
1470	0.638298
1471	0.634921
1472	0.615028
1473	0.636735
1474	0.606383
1475	0.56439
1476	0.568889
1477	0.471655
1478	0.477839
1479	0.342105
1480	0.248387
1481	0.0718391
1482	0
1483	0
1484	0
1485	0
1486	0.0541667
1487	0.278746
1488	0.290698
1489	0.353956
1490	0.421023
1491	0.354312
1492	0.303134
1493	0.270833
1494	0.266632
1495	0.304762
1496	0.379257
1497	0.40404
1498	0.383838
1499	0.325513
1500	0.432275
1501	0.412169
1502	0.368159
1503	0.358974
1504	0.358887
1505	0.32634
1506	0.348011
1507	0.342081
1508	0.353535
1509	0.338462
1510	0.360656
1511	0.333333
1512	0.317117
1513	0.344239
1514	0.396737
1515	0.450549
1516	0.420982
1517	0.482143
1518	0.56203
1519	0.505726
1520	0.527418
1521	0.530645
1522	0.522222
1523	0.57866
1524	0.588068
1525	0.597549
1526	0.482759
1527	0.418582
1528	0.572573
1529	0.617283
1530	0.621622
1531	0.607143
1532	0.522604
1533	0.56847
1534	0.461538
1535	0.575757
1536	0.499731
1537	0.474747
1538	0.518182
1539	0.501136
1540	0.545455
1541	0.593939
1542	0.50235
1543	0.59942
1544	0.563763
1545	0.648148
1546	0.624286
1547	0.472637
1548	0.297203
1549	0.16766
1550	0
1551	0
1552	0
1553	0.119324
1554	0.346654
1555	0.483324
1556	0.659623
1557	0.6336
1558	0.627451
1559	0.494118
1560	0.465725
1561	0.491802
1562	0.426229
1563	0.546219
1564	0.611953
1565	0.650915
1566	0.683111
1567	0.714026
1568	0.708774
1569	0.743169
1570	0.718724
1571	0.607344
1572	0.689655
1573	0.606702
1574	0.631579
1575	0.722332
1576	0.703075
1577	0.711538
1578	0.6875
1579	0.727273
1580	0.775
1581	0.842105
1582	0.82197
1583	0.770186
1584	0.864242
1585	0.822857
1586	0.92
1587	0.882675
1588	0.798947
1589	0.861598
1590	0.895408
1591	0.832512
1592	0.780195
1593	0.758333
1594	0.686275
1595	0.788741
1596	0.752727
1597	0.682258
1598	0.666835
1599	0.596878
1600	0.550021
1601	0.542941
1602	0.490952
1603	0.5
1604	0.430435
1605	0.479167
1606	0.487742
1607	0.465746
1608	0.349287
1609	0.348012
1610	0.327235
1611	0.357723
1612	0.365182
1613	0.393163
1614	0.381929
1615	0.363208
1616	0.430172
1617	0.484007
1618	0.609168
1619	0.633693
1620	0.683132
1621	0.676367
1622	0.722892
1623	0.725
1624	0.700701
1625	0.722164
1626	0.678349
1627	0.720551
1628	0.72428
1629	0.660377
1630	0.62678
1631	0.71267
1632	0.721569
1633	0.741759
1634	0.734694
1635	0.734694
1636	0.746528
1637	0.767659
1638	0.784348
1639	0.753623
1640	0.770751
1641	0.83004
1642	0.791304
1643	0.823965
1644	0.721941
1645	0.728008
1646	0.745493
1647	0.688406
1648	0.680736
1649	0.606061
1650	0.693878
1651	0.666667
1652	0.58204
1653	0.637007
1654	0.6
1655	0.710526
1656	0.744361
1657	0.727273
1658	0.700229
1659	0.654444
1660	0.617143
1661	0.519231
1662	0.545455
1663	0.472944
1664	0.34806
1665	0.294931
1666	0.222222
1667	0.166667
1668	0.0713436
1669	0.0606061
1670	0.0441176
1671	0.025641
1672	0.00242424
1673	0
1674	0
1675	0
1676	0
1677	0
1678	0
1679	0
1680	0.0156556
1681	0.0572426
1682	0.0537778
1683	0.0649618
1684	0.0542973
1685	0.0533167
1686	0.0605668
1687	0.0647283
1688	0.0901639
1689	0.111789
1690	0.11188
1691	0.119565
1692	0.0885057
1693	0.0891204
1694	0.120401
1695	0.12253
1696	0.116423
1697	0.125581
1698	0.14322
1699	0.165351
1700	0.116618
1701	0.130822
1702	0.134759
1703	0.115995
1704	0.156556
1705	0.247354
1706	0.150198
1707	0.235294
1708	0.202206
1709	0.167811
1710	0.145588
1711	0.0995025
1712	0.0717391
1713	0.0409731
1714	0.0235018
1715	0
1716	0
1717	0
1718	0
1719	0
1720	0
1721	0
1722	0
1723	0.0111317
1724	0.0378788
1725	0.0445714
1726	0.0658824
1727	0.084124
1728	0.0925124
1729	0.106512
1730	0.121495
1731	0.149844
1732	0.184813
1733	0.209128
1734	0.237872
1735	0.267081
1736	0.362987
1737	0.38322
1738	0.392063
1739	0.408602
1740	0.409861
1741	0.370315
1742	0.357704
1743	0.355385
1744	0.4
1745	0.305944
1746	0.318396
1747	0.313962
1748	0.260355
1749	0.314182
1750	0.364522
1751	0.365178
1752	0.381836
1753	0.388526
1754	0.410628
1755	0.359155
1756	0.404762
1757	0.475746
1758	0.535994
1759	0.5
1760	0.480549
1761	0.396429
1762	0.316092
1763	0.300242
1764	0.268519
1765	0.265252
1766	0.284444
1767	0.301659
1768	0.302343
1769	0.34219
1770	0.310559
1771	0.298851
1772	0.291667
1773	0.307751
1774	0.302469
1775	0.394022
1776	0.563636
1777	0.538043
1778	0.546006
1779	0.561173
1780	0.626087
1781	0.627178
1782	0.584416
1783	0.539683
1784	0.48419
1785	0.589792
1786	0.634921
1787	0.63
1788	0.658824
1789	0.54902
1790	0.591346
1791	0.554717
1792	0.428699
1793	0.510638
1794	0.45
1795	0.37561
1796	0.326923
1797	0.213889
1798	0.0882353
1799	0.0895317
1800	0
1801	0
1802	0
1803	0
1804	0
1805	0
1806	0
1807	0.0425532
1808	0.154739
1809	0.205432
1810	0.247619
1811	0.327857
1812	0.416268
1813	0.397059
1814	0.443772
1815	0.460227
1816	0.542411
1817	0.57931
1818	0.570634
1819	0.490909
1820	0.471507
1821	0.458036
1822	0.391608
1823	0.46252
1824	0.46875
1825	0.488487
1826	0.488176
1827	0.55
1828	0.641892
1829	0.671053
1830	0.712946
1831	0.725581
1832	0.647231
1833	0.634508
1834	0.632747
1835	0.670807
1836	0.684601
1837	0.62234
1838	0.658667
1839	0.664336
1840	0.622896
1841	0.629252
1842	0.692308
1843	0.725694
1844	0.595637
1845	0.627791
1846	0.612174
1847	0.488867
1848	0.547619
1849	0.476191
1850	0.343056
1851	0.275
1852	0.201942
1853	0.294811
1854	0.275367
1855	0.360941
1856	0.39525
1857	0.455833
1858	0.441801
1859	0.463286
1860	0.475779
1861	0.509957
1862	0.505226
1863	0.494859
1864	0.43734
1865	0.39265
1866	0.352767
1867	0.336379
1868	0.274725
1869	0.350379
1870	0.538462
1871	0.717949
1872	0.717378
1873	0.734085
1874	0.717845
1875	0.691955
1876	0.668124
1877	0.735
1878	0.752459
1879	0.786681
1880	0.763158
1881	0.75
1882	0.725
1883	0.690476
1884	0.671731
1885	0.570417
1886	0.46875
1887	0.446154
1888	0.490057
1889	0.537024
1890	0.645833
1891	0.640827
1892	0.634146
1893	0.585366
1894	0.609756
1895	0.641026
1896	0.76344
1897	0.747765
1898	0.821646
1899	0.740666
1900	0.758333
1901	0.721485
1902	0.745186
1903	0.754893
1904	0.654545
1905	0.596878
1906	0.615836
1907	0.537931
1908	0.419287
1909	0.380068
1910	0.304054
1911	0.176471
1912	0.0678571
1913	0.0986842
1914	0
1915	0
1916	0
1917	0
1918	0
1919	0.0139842
1920	0.062069
1921	0.0716846
1922	0.0963768
1923	0.112821
1924	0.17316
1925	0.144439
1926	0.138072
1927	0.128889
1928	0.0984848
1929	0.101292
1930	0.100102
1931	0.131271
1932	0.275944
1933	0.575658
1934	0.72093
1935	0.675
1936	0.717949
1937	0.72973
1938	0.8
1939	0.764706
1940	0.8
1941	0.748436
1942	0.800774
1943	0.771465
1944	0.784787
1945	0.834677
1946	0.84375
1947	0.821237
1948	0.84375
1949	0.84375
1950	0.764706
1951	0.742857
1952	0.823529
1953	0.755685
1954	0.741313
1955	0.756757
1956	0.670526
1957	0.736757
1958	0.763116
1959	0.763077
1960	0.846154
1961	0.871795
1962	0.787968
1963	0.721153
1964	0.675
1965	0.633562
1966	0.54791
1967	0.533701
1968	0.576219
1969	0.452366
1970	0.521318
1971	0.485294
1972	0.41558
1973	0.426418
1974	0.44424
1975	0.460978
1976	0.490385
1977	0.362982
1978	0.425617
1979	0.386082
1980	0.398233
1981	0.439872
1982	0.538427
1983	0.617647
1984	0.5816
1985	0.595931
1986	0.471154
1987	0.49303
1988	0.445323
1989	0.457467
1990	0.39881
1991	0.385158
1992	0.398809
1993	0.423963
1994	0.643116
1995	0.615764
1996	0.615699
1997	0.725275
1998	0.814815
1999	0.745524
2000	0.692308
2001	0.622881
2002	0.721154
2003	0.740741
2004	0.810345
2005	0.852769
2006	0.849673
2007	0.87037
2008	0.855967
2009	0.808081
2010	0.808201
2011	0.779727
2012	0.783251
2013	0.862245
2014	0.863409
2015	0.845865
2016	0.691567
2017	0.718166
2018	0.788506
2019	0.720588
2020	0.658823
2021	0.576576
2022	0.578794
2023	0.541063
2024	0.449064
2025	0.451019
2026	0.397024
2027	0.36558
2028	0.442631
2029	0.433567
2030	0.353398
2031	0.386452
2032	0.424539
2033	0.376993
2034	0.417497
2035	0.401653
2036	0.438416
