0	0.920764
1	0.889914
2	0.926392
3	0.934527
4	0.906759
5	0.919253
6	0.92087
7	0.931746
8	0.903481
9	0.894669
10	0.892903
11	0.879919
12	0.931499
13	0.923569
14	0.902608
15	0.914662
16	0.923479
17	0.888558
18	0.913668
19	0.907046
20	0.890555
21	0.886432
22	0.886432
23	0.886432
24	0.850075
25	0.886432
26	0.886432
27	0.886432
28	0.944528
29	0.927203
30	0.90613
31	0.906968
32	0.92806
33	0.890772
34	0.875926
35	0.896296
36	0.896296
37	0.9
38	0.859091
39	0.865127
40	0.860656
41	0.845007
42	0.824888
43	0.824888
44	0.804769
45	0.819672
46	0.824888
47	0.791789
48	0.769692
49	0.775319
50	0.775319
51	0.828441
52	0.828441
53	0.848647
54	0.868852
55	0.868852
56	0.848165
57	0.843091
58	0.848647
59	0.806202
60	0.804762
61	0.804762
62	0.809524
63	0.829268
64	0.813008
65	0.813008
66	0.826788
67	0.810252
68	0.798246
69	0.8125
70	0.791667
71	0.752814
72	0.766755
73	0.750441
74	0.718404
75	0.752033
76	0.766222
77	0.745513
78	0.742964
79	0.791966
80	0.766667
81	0.766667
82	0.782
83	0.821429
84	0.821429
85	0.865385
86	0.865385
87	0.889423
88	0.908347
89	0.903437
90	0.907055
91	0.881859
92	0.874194
93	0.845316
94	0.847214
95	0.824559
96	0.828866
97	0.808786
98	0.745349
99	0.740137
100	0.726362
101	0.6935
102	0.677558
103	0.675652
104	0.670853
105	0.687215
106	0.683509
107	0.703577
108	0.681489
109	0.718705
110	0.710139
111	0.692246
112	0.670476
113	0.691577
114	0.675859
115	0.70841
116	0.647074
117	0.666763
118	0.683842
119	0.680089
120	0.673793
121	0.623382
122	0.643029
123	0.623361
124	0.601807
125	0.568289
126	0.57629
127	0.552149
128	0.554686
129	0.553819
130	0.615377
131	0.618707
132	0.570052
133	0.558182
134	0.568074
135	0.570839
136	0.592536
137	0.587153
138	0.600109
139	0.554207
140	0.575604
141	0.544693
142	0.53683
143	0.549612
144	0.508819
145	0.537612
146	0.559344
147	0.527816
148	0.567573
149	0.524061
150	0.534489
151	0.555292
152	0.562461
153	0.607499
154	0.627917
155	0.604926
156	0.630213
157	0.618345
158	0.615952
159	0.599993
160	0.612847
161	0.635665
162	0.619774
163	0.591727
164	0.568936
165	0.568095
166	0.588334
167	0.589232
168	0.573427
169	0.551451
170	0.572675
171	0.566861
172	0.56748
173	0.545965
174	0.570155
175	0.587955
176	0.585806
177	0.597879
178	0.61477
179	0.605349
180	0.599224
181	0.593598
182	0.602078
183	0.628129
184	0.606402
185	0.608432
186	0.621411
187	0.63527
188	0.640325
189	0.655943
190	0.612175
191	0.625011
192	0.592491
193	0.606974
194	0.634812
195	0.631299
196	0.619194
197	0.633561
198	0.640674
199	0.641082
200	0.598576
201	0.629274
202	0.625434
203	0.586218
204	0.606921
205	0.671113
206	0.734402
207	0.751888
208	0.668321
209	0.639428
210	0.614558
211	0.616091
212	0.618502
213	0.616089
214	0.576539
215	0.560744
216	0.510359
217	0.536846
218	0.541839
219	0.546862
220	0.483027
221	0.502692
222	0.518826
223	0.545401
224	0.535576
225	0.530056
226	0.585175
227	0.575159
228	0.63302
229	0.614291
230	0.59447
231	0.5375
232	0.516379
233	0.582552
234	0.699777
235	0.811179
236	0.860301
237	0.856699
238	0.832771
239	0.8362
240	0.777047
241	0.758601
242	0.737391
243	0.748258
244	0.729825
245	0.752435
246	0.740614
247	0.753127
248	0.748468
249	0.740905
250	0.731187
251	0.754369
252	0.735322
253	0.726927
254	0.765863
255	0.73467
256	0.750429
257	0.754357
258	0.735133
259	0.758352
260	0.756586
261	0.769525
262	0.788195
263	0.790181
264	0.75809
265	0.743363
266	0.747474
267	0.767477
268	0.744498
269	0.773364
270	0.76851
271	0.78857
272	0.809974
273	0.778747
274	0.760323
275	0.744918
276	0.732805
277	0.711097
278	0.692601
279	0.697523
280	0.704338
281	0.726742
282	0.71545
283	0.70703
284	0.662357
285	0.635255
286	0.635255
287	0.614245
288	0.60029
289	0.582577
290	0.596855
291	0.581737
292	0.568947
293	0.555374
294	0.56196
295	0.552186
296	0.533819
297	0.543105
298	0.525639
299	0.511669
300	0.504081
301	0.476243
302	0.470153
303	0.466286
304	0.486281
305	0.492371
306	0.49921
307	0.514323
308	0.531284
309	0.546732
310	0.581221
311	0.556716
312	0.570903
313	0.590339
314	0.589731
315	0.590852
316	0.581475
317	0.604095
318	0.617835
319	0.630861
320	0.644355
321	0.663186
322	0.651969
323	0.649184
324	0.625412
325	0.636997
326	0.653287
327	0.656079
328	0.640477
329	0.662144
330	0.633015
331	0.63173
332	0.648236
333	0.675743
334	0.625733
335	0.58177
336	0.607414
337	0.607414
338	0.598408
339	0.585183
340	0.578209
341	0.562871
342	0.569982
343	0.560119
344	0.567484
345	0.56452
346	0.526413
347	0.547665
348	0.530318
349	0.510735
350	0.513926
351	0.525044
352	0.510735
353	0.539005
354	0.534884
355	0.531914
356	0.541204
357	0.554959
358	0.555644
359	0.533855
360	0.546512
361	0.59456
362	0.557968
363	0.575492
364	0.580334
365	0.572925
366	0.629019
367	0.591779
368	0.601501
369	0.558786
370	0.570863
371	0.568454
372	0.592516
373	0.601411
374	0.584908
375	0.577281
376	0.577867
377	0.54457
378	0.540675
379	0.517732
380	0.533937
381	0.527158
382	0.524059
383	0.49596
384	0.511237
385	0.484618
386	0.483892
387	0.486161
388	0.449657
389	0.482708
390	0.494623
391	0.472895
392	0.450905
393	0.473507
394	0.503495
395	0.486919
396	0.481595
397	0.499432
398	0.494035
399	0.521452
400	0.509455
401	0.524799
402	0.505985
403	0.485427
404	0.499189
405	0.488101
406	0.49235
407	0.487711
408	0.476348
409	0.49622
410	0.441182
411	0.443479
412	0.434428
413	0.431446
414	0.412887
415	0.397476
416	0.415008
417	0.399559
418	0.391426
419	0.385692
420	0.396166
421	0.390347
422	0.401535
423	0.396398
424	0.400467
425	0.412318
426	0.404787
427	0.413816
428	0.437149
429	0.438751
430	0.436454
431	0.446898
432	0.468698
433	0.464215
434	0.470973
435	0.468064
436	0.507879
437	0.505999
438	0.499634
439	0.529915
440	0.539183
441	0.54427
442	0.557091
443	0.567485
444	0.573216
445	0.571262
446	0.586169
447	0.615353
448	0.620103
449	0.62737
450	0.648876
451	0.625078
452	0.634413
453	0.644734
454	0.667832
455	0.654314
456	0.662946
457	0.63474
458	0.657412
459	0.694743
460	0.677837
461	0.681126
462	0.702136
463	0.687882
464	0.68607
465	0.67514
466	0.69132
467	0.69121
468	0.711719
469	0.691194
470	0.667718
471	0.675935
472	0.647543
473	0.675089
474	0.653246
475	0.653246
476	0.701029
477	0.67302
478	0.660769
479	0.688624
480	0.688624
481	0.666143
482	0.664251
483	0.661404
484	0.675951
485	0.647747
486	0.657714
487	0.65319
488	0.649908
489	0.664532
490	0.670425
491	0.66131
492	0.669717
493	0.671908
494	0.652974
495	0.647488
496	0.644099
497	0.659227
498	0.623704
499	0.621703
500	0.618483
501	0.612137
502	0.58864
503	0.59454
504	0.58723
505	0.592708
506	0.603051
507	0.584519
508	0.607062
509	0.564047
510	0.570843
511	0.554766
512	0.54271
513	0.536325
514	0.532945
515	0.535608
516	0.521108
517	0.528231
518	0.548567
519	0.545879
520	0.540516
521	0.551831
522	0.535041
523	0.552396
524	0.56052
525	0.570737
526	0.565085
527	0.581703
528	0.58269
529	0.603399
530	0.613419
531	0.631733
532	0.618292
533	0.58924
534	0.610667
535	0.647554
536	0.648965
537	0.655163
538	0.63375
539	0.638668
540	0.668515
541	0.710714
542	0.710714
543	0.685364
544	0.720764
545	0.70575
546	0.685805
547	0.727587
548	0.678584
549	0.685765
550	0.7074
551	0.702549
552	0.694789
553	0.690967
554	0.688784
555	0.672011
556	0.706495
557	0.673557
558	0.727473
559	0.699603
560	0.705055
561	0.720306
562	0.72442
563	0.723563
564	0.748104
565	0.719288
566	0.737731
567	0.701623
568	0.701623
569	0.70596
570	0.699269
571	0.713627
572	0.699069
573	0.651367
574	0.675565
575	0.68037
576	0.685321
577	0.682303
578	0.666499
579	0.646462
580	0.649746
581	0.602323
582	0.588705
583	0.58009
584	0.592089
585	0.541322
586	0.549893
587	0.539498
588	0.533186
589	0.527024
590	0.543832
591	0.535505
592	0.537654
593	0.543539
594	0.527395
595	0.543539
596	0.554355
597	0.573567
598	0.594562
599	0.581581
600	0.551678
601	0.558069
602	0.561519
603	0.561519
604	0.521419
605	0.502619
606	0.536068
607	0.524869
608	0.550634
609	0.549909
610	0.533003
611	0.525698
612	0.566275
613	0.550505
614	0.546879
615	0.533957
616	0.557867
617	0.59877
618	0.581848
619	0.581362
620	0.597831
621	0.58768
622	0.608229
623	0.630046
624	0.6064
625	0.612238
626	0.63616
627	0.667337
628	0.661606
