0	0.917591
1	0.917591
2	0.92753
3	0.91389
4	0.94117
5	0.96845
6	0.95481
7	0.94117
8	0.942247
9	0.955708
10	0.942247
11	0.929684
12	0.929684
13	0.942965
14	0.930222
15	0.904019
16	0.877815
17	0.877815
18	0.877815
19	0.877815
20	0.877815
21	0.86579
22	0.852868
23	0.86579
24	0.866508
25	0.866508
26	0.879251
27	0.879251
28	0.879251
29	0.879431
30	0.891994
31	0.904737
32	0.891994
33	0.891994
34	0.904737
35	0.904737
36	0.904737
37	0.904737
38	0.904737
39	0.891994
40	0.891994
41	0.8875
42	0.8875
43	0.876543
44	0.876543
45	0.876543
46	0.876543
47	0.865854
48	0.865854
49	0.865854
50	0.865854
51	0.865854
52	0.865854
53	0.865854
54	0.865854
55	0.865854
56	0.865854
57	0.865854
58	0.855422
59	0.855422
60	0.855422
61	0.855422
62	0.855422
63	0.845238
64	0.833333
65	0.833333
66	0.835294
67	0.835294
68	0.835294
69	0.835294
70	0.835294
71	0.835294
72	0.835294
73	0.835294
74	0.835294
75	0.835294
76	0.835294
77	0.835294
78	0.835294
79	0.835294
80	0.825581
81	0.825581
82	0.825581
83	0.825581
84	0.825581
85	0.825581
86	0.825581
87	0.835294
88	0.825581
89	0.825581
90	0.825581
91	0.825581
92	0.816092
93	0.816092
94	0.816092
95	0.816092
96	0.806818
97	0.816092
98	0.816092
99	0.816092
100	0.816092
101	0.804265
102	0.804265
103	0.816092
104	0.804433
105	0.806818
106	0.806818
107	0.806818
108	0.806818
109	0.806818
110	0.806818
111	0.797753
112	0.797753
113	0.786356
114	0.797753
115	0.788889
116	0.788889
117	0.788889
118	0.788889
119	0.788889
120	0.78022
121	0.78022
122	0.78022
123	0.771739
124	0.771739
125	0.771739
126	0.763441
127	0.763441
128	0.763441
129	0.763441
130	0.763441
131	0.763441
132	0.763441
133	0.763441
134	0.763441
135	0.763441
136	0.755319
137	0.755319
138	0.755319
139	0.755319
140	0.755319
141	0.747368
142	0.747368
143	0.747368
144	0.747368
145	0.747368
146	0.747368
147	0.739583
148	0.739583
149	0.739583
150	0.739583
151	0.729018
152	0.739583
153	0.747368
154	0.747368
155	0.739583
156	0.739583
157	0.739583
158	0.729167
159	0.739583
160	0.729167
161	0.729167
162	0.739583
163	0.739583
164	0.747368
165	0.739583
166	0.739583
167	0.739583
168	0.739583
169	0.739583
170	0.731959
171	0.731959
172	0.731959
173	0.731959
174	0.739583
175	0.739583
176	0.739583
177	0.739583
178	0.739583
179	0.731959
180	0.739583
181	0.731959
182	0.731959
183	0.739583
184	0.739583
185	0.739583
186	0.739583
187	0.739583
188	0.739583
189	0.739583
190	0.739583
191	0.739583
192	0.721502
193	0.721502
194	0.721502
195	0.731959
196	0.731959
197	0.731959
198	0.739583
199	0.731959
200	0.731959
201	0.739583
202	0.739583
203	0.739583
204	0.739583
205	0.731959
206	0.729018
207	0.739583
208	0.739583
209	0.739583
210	0.739583
211	0.739583
212	0.739583
213	0.739583
214	0.739583
215	0.739583
216	0.718146
217	0.678918
218	0.657702
219	0.657702
220	0.641697
221	0.653835
222	0.625878
223	0.636486
224	0.625878
225	0.604662
226	0.61527
227	0.624318
228	0.625878
229	0.61527
230	0.625878
231	0.640491
232	0.628601
233	0.639256
234	0.613554
235	0.607293
236	0.617947
237	0.617947
238	0.628601
239	0.628601
240	0.648797
241	0.648797
242	0.648797
243	0.662841
244	0.662841
245	0.680581
246	0.691558
247	0.680581
248	0.66876
249	0.679906
250	0.702198
251	0.691052
252	0.691052
253	0.701849
254	0.71317
255	0.71317
256	0.71299
257	0.71299
258	0.72449
259	0.72449
260	0.72449
261	0.712804
262	0.712804
263	0.712804
264	0.712613
265	0.712613
266	0.72449
267	0.72449
268	0.72449
269	0.72449
270	0.717172
271	0.72449
272	0.72449
273	0.717172
274	0.717172
275	0.717172
276	0.717172
277	0.72449
278	0.72449
279	0.72449
280	0.72449
281	0.72449
282	0.72449
283	0.72449
284	0.72449
285	0.72449
286	0.72449
287	0.72449
288	0.72449
289	0.72449
290	0.72449
291	0.72449
292	0.717172
293	0.717172
294	0.705604
295	0.705604
296	0.717172
297	0.705415
298	0.717172
299	0.717172
300	0.717172
301	0.717172
302	0.717172
303	0.717172
304	0.717172
305	0.72449
306	0.72449
307	0.72449
308	0.72449
309	0.72449
310	0.72449
311	0.72449
312	0.717172
313	0.717172
314	0.717172
315	0.717172
316	0.717172
317	0.717172
318	0.717172
319	0.717172
320	0.717172
321	0.717172
322	0.717172
323	0.717172
324	0.717172
325	0.717172
326	0.717172
327	0.717172
328	0.717172
329	0.717172
330	0.717172
331	0.717172
332	0.71
333	0.71
334	0.71
335	0.70297
336	0.71
337	0.71
338	0.71
339	0.70297
340	0.70297
341	0.70297
342	0.70297
343	0.71
344	0.71
345	0.71
346	0.71
347	0.71
348	0.71
349	0.71
350	0.71
351	0.71
352	0.71
353	0.71
354	0.71
355	0.71
356	0.71
357	0.71
358	0.71
359	0.71
360	0.71
361	0.71
362	0.71
363	0.71
364	0.71
365	0.71
366	0.71
367	0.71
368	0.71
369	0.71
370	0.71
371	0.71
372	0.71
373	0.717172
374	0.717172
375	0.717172
376	0.717172
377	0.717172
378	0.717172
379	0.717172
380	0.717172
381	0.71
382	0.71
383	0.71
384	0.71
385	0.71
386	0.71
387	0.71
388	0.71
389	0.71
390	0.71
391	0.71
392	0.71
393	0.71
394	0.71
395	0.70297
396	0.71
397	0.71
398	0.71
399	0.71
400	0.71
401	0.71
402	0.71
403	0.71
404	0.71
405	0.71
406	0.70297
407	0.70297
408	0.70297
409	0.70297
410	0.71
411	0.689714
