0.825911
0.819262
0.800479
0.801826
0.802418
0.802394
0.804007
0.796427
0.788125
0.777434
0.787512
0.7789
0.80175
0.788625
0.775648
0.799619
0.806294
0.800146
0.794976
0.795512
0.800485
0.800888
0.775366
0.79759
0.790634
0.788496
0.789571
0.787807
0.795562
0.810578
0.826631
0.804902
0.794543
0.794129
0.816203
0.799597
0.822759
0.827088
0.810446
0.807957
0.814034
0.816519
0.810911
0.79311
0.78922
0.770625
0.78332
0.761973
0.774947
0.789671
0.780734
0.7512
0.750731
0.756662
0.756711
0.743746
0.745176
0.759455
0.755962
0.774615
0.742525
0.759954
0.72945
0.770496
0.745674
0.734235
0.747912
0.742565
0.769855
0.753288
0.779556
0.767666
0.751535
0.722766
0.778665
0.770879
0.782907
0.767962
0.763329
0.757112
0.756335
0.745442
0.746124
0.734854
0.745552
0.740465
0.74767
0.753703
0.764888
0.736206
0.752111
0.762259
0.72104
0.729747
0.741158
0.712692
0.722916
0.714629
0.736731
0.736807
0.743243
0.729813
0.735956
0.745546
0.719871
0.729711
0.754226
0.704763
0.711874
0.710626
0.736689
0.738333
0.736686
0.771688
0.753017
0.746768
0.771996
0.769568
0.753772
0.762711
0.749913
0.76276
0.773879
0.786259
0.780734
0.764083
0.744309
0.755265
0.708085
0.729524
0.708005
0.714025
0.714161
0.713795
0.724702
0.775476
0.798158
0.78109
0.759467
0.786327
0.790212
0.79665
0.777025
0.800739
0.797793
0.809585
0.796898
0.816679
0.799317
0.834511
0.826448
0.834651
0.82031
0.798979
0.805452
0.809422
0.796311
0.786865
0.773006
0.772244
0.741773
0.737605
0.741667
0.761168
0.746781
0.753163
0.744385
0.760856
0.758775
0.762826
0.736796
0.771311
0.772388
0.776224
0.750765
0.755856
0.759905
0.753028
0.744611
0.766965
0.773654
0.741555
0.753545
0.766207
0.784864
0.780152
0.769435
0.785689
0.791542
0.790482
0.791134
0.771
0.768056
0.788187
0.789904
0.782015
0.785551
0.807791
0.794007
0.824014
0.794862
0.769747
0.800937
0.788909
0.796011
0.782017
0.829579
0.822305
0.822129
0.841108
0.84228
0.822329
0.830751
0.818821
0.811674
0.82443
0.830139
0.849663
0.844767
0.82896
0.822276
0.829216
0.826877
0.840428
0.826138
0.81251
0.846088
0.830233
0.833813
0.817975
0.826241
0.828231
0.841279
0.84276
0.839845
0.850104
0.81739
0.816065
0.831132
0.834369
0.834394
0.84105
0.835522
0.844215
0.854177
0.846409
0.849264
0.839735
0.838137
0.842463
0.852616
0.853975
0.843074
0.84673
0.845034
0.844817
0.815684
0.82169
0.81922
0.845396
0.835855
0.828332
0.819852
0.837434
0.830692
0.814845
0.830872
0.813385
0.828232
0.835116
0.828155
0.847285
0.848021
0.847953
0.863242
0.86548
0.882729
0.873791
0.878191
0.891648
0.882384
0.8789
0.879309
0.883997
0.882673
0.881878
0.883025
0.87273
0.868719
0.875094
0.868975
0.869641
0.873365
0.87241
0.864095
0.879024
0.872833
0.873804
0.854012
0.861759
0.869309
0.867994
0.859456
0.866845
0.867536
0.857673
0.864053
0.859352
0.856513
0.866219
0.869577
0.861882
0.859343
0.855432
0.86879
0.866911
0.866105
0.86351
0.859447
0.853613
0.858242
0.865616
0.839236
0.842832
0.840735
0.847939
0.837757
0.847342
0.850141
0.84897
0.849512
0.855288
0.857803
0.849922
0.841369
0.857807
0.85567
0.879328
0.874915
0.869467
0.878789
0.895363
0.893744
0.889641
0.88866
0.892816
0.899279
0.869937
0.880509
0.880144
0.883478
0.890386
0.87808
0.885785
0.891557
0.889612
0.896829
0.885152
0.879403
0.875794
0.8765
0.886626
0.889407
0.867021
0.874817
0.868876
0.872993
0.851068
0.871922
0.885496
0.874445
0.893373
0.878062
0.879715
0.884783
0.879059
0.887167
0.884618
0.891197
0.889215
0.893783
0.886876
0.886138
0.889996
0.892614
0.893619
0.890176
0.903919
0.886484
0.890399
0.883866
0.878492
0.873501
0.884912
0.874449
0.886399
0.883842
0.878769
0.876661
0.8847
0.890781
0.88499
0.888955
0.876363
0.8682
0.869344
0.858978
0.837114
0.830525
0.847736
0.826892
0.843268
0.845804
0.857403
0.845893
0.844974
0.843153
0.850119
0.827056
0.823306
0.828122
0.830602
0.817237
0.815772
0.804184
0.815123
0.820025
0.81249
0.794268
0.810643
0.805002
0.82281
0.820857
0.801675
0.796584
0.801589
0.812112
0.810184
0.803117
0.807359
0.804153
0.813559
0.804338
0.812012
0.806681
0.800855
0.820113
0.804891
0.81186
0.799662
0.811714
0.821151
0.797821
0.802391
0.804945
0.793913
0.803387
0.782037
0.780644
0.774607
0.76474
0.767856
0.771649
0.780495
0.782004
0.787172
0.783474
0.783967
0.774129
0.793872
0.802431
0.819308
0.816448
0.796959
0.811592
0.803002
0.794709
0.802237
0.801933
0.810049
0.825427
0.815906
0.799037
0.810536
0.808826
0.819037
0.825553
0.794325
0.799219
0.815516
0.81374
0.798705
0.820175
0.815835
0.816019
0.815447
0.800962
0.802576
0.808833
0.81134
0.812658
0.79796
0.808773
0.810652
0.807063
0.801018
0.795467
0.804078
0.797969
0.808845
0.793017
0.785442
0.788004
0.801485
0.788997
0.778347
0.76956
0.777764
0.777185
0.787947
0.783941
0.794739
0.788225
0.773577
0.787675
0.801437
0.798522
0.795479
0.795738
0.795047
0.77973
0.771052
0.792244
0.781879
0.790912
0.788812
0.799473
0.804418
0.787052
0.786037
0.796272
0.80133
0.78296
0.783108
0.770077
0.786386
0.788132
0.781642
0.802723
0.797348
0.791342
0.774309
0.789139
0.793882
0.77075
0.767674
0.765498
0.759018
0.768976
0.768778
0.768586
0.777307
0.782364
0.791064
0.780766
0.781299
0.784978
0.77144
0.782978
0.780637
0.784474
0.786786
0.801734
0.813784
0.822478
0.813949
0.796439
0.801619
0.815607
0.829942
0.814166
0.816778
0.816718
0.816455
0.834668
0.851787
0.84297
0.836313
0.830175
0.834538
0.841075
0.831456
0.84489
0.86144
0.837653
0.858741
0.858876
0.855785
0.863171
0.862197
0.861822
0.875926
0.878166
0.888676
0.882541
0.883988
0.88391
0.880184
0.889979
0.878734
0.883607
0.885269
0.884222
0.891354
0.884019
0.899794
0.887485
0.894092
0.887016
0.886638
0.886684
0.881816
0.892594
0.88945
0.890553
0.891648
0.905847
0.893347
0.903981
