0.204559
0.192408
0.193393
0.184104
0.180015
0.184924
0.192212
0.20282
0.196398
0.197015
0.188728
0.195543
0.202086
0.191343
0.19348
0.191865
0.193107
0.1896
0.193511
0.197293
0.223355
0.206217
0.19705
0.177643
0.177504
0.184982
0.169475
0.186523
0.186593
0.207624
0.226343
0.212783
0.200693
0.195655
0.202694
0.180743
0.196253
0.178292
0.175982
0.180719
0.165552
0.169492
0.177513
0.200223
0.214227
0.208634
0.189786
0.180639
0.19021
0.213026
0.192475
0.199664
0.189086
0.198622
0.196472
0.204311
0.200756
0.190714
0.18414
0.198583
0.212872
0.212117
0.215225
0.199385
0.224774
0.241436
0.242114
0.250735
0.243422
0.221519
0.251484
0.262726
0.267174
0.256596
0.241578
0.235653
0.248052
0.24243
0.226931
0.227638
0.202496
0.199769
0.214228
0.208074
0.207954
0.235512
0.216592
0.226826
0.219443
0.213958
0.199292
0.20689
0.198963
0.196427
0.209424
0.207245
0.204673
0.203305
0.191246
0.179799
0.194107
0.18847
0.18745
0.178384
0.20304
0.197827
0.187696
0.186235
0.188437
0.176306
0.176676
0.18891
0.182982
0.192275
0.199762
0.185905
0.183835
0.194414
0.218535
0.19772
0.20378
0.183496
0.189026
0.199022
0.176524
0.173614
0.178338
0.178377
0.185599
0.175344
0.167042
0.171324
0.167676
0.182281
0.178755
0.220212
0.217307
0.216259
0.206337
0.208315
0.208805
0.205217
0.204243
0.204847
0.184651
0.190534
0.20075
0.187828
0.198691
0.179676
0.186989
0.205861
0.205594
0.203415
0.205687
0.202864
0.197672
0.19698
0.212746
0.191724
0.223728
0.209365
0.185709
0.182164
0.17416
0.19217
0.213074
0.196642
0.203806
0.233516
0.214375
0.21681
0.211473
0.216045
0.206798
0.212265
0.22165
0.215456
0.185014
0.19148
0.20032
0.198094
0.18653
0.197221
0.187713
0.212782
0.211729
0.19492
0.20472
0.19821
0.203783
0.203644
0.195955
0.194312
0.190876
0.184872
0.203211
0.195468
0.210023
0.201794
0.20898
0.191801
0.202847
0.183018
0.177638
0.186975
0.17454
0.164351
0.174344
0.188388
0.191029
0.2002
0.192623
0.191692
0.180456
0.185337
0.202745
0.192813
0.186368
0.196582
0.189589
0.197031
0.195949
0.207294
0.209744
0.210415
0.201361
0.191526
0.203436
0.202219
0.192729
0.182428
0.178427
0.180621
0.191054
0.209301
0.20407
0.225267
0.233348
0.243495
0.227803
0.228109
0.220507
0.212847
0.214904
0.229283
0.229071
0.246409
0.222999
0.207789
0.234842
0.226066
0.224267
0.228185
0.23503
0.221759
0.212339
0.215079
0.232356
0.235073
0.228672
0.235556
0.24066
0.223352
0.226443
0.22951
0.228142
0.231245
0.232901
0.232739
0.245218
0.245144
0.244149
0.234265
0.241274
0.235747
0.234881
0.220639
0.213496
0.214454
0.215373
0.220244
0.232801
0.215468
0.219517
0.192921
0.199347
0.187881
0.197844
0.185407
0.203013
0.201253
0.185142
0.18461
0.197395
0.188671
0.178403
0.185159
0.179391
0.176168
0.162835
0.146504
0.142964
0.142817
0.144721
0.148603
0.150312
0.164804
0.169344
0.17286
0.191255
0.174191
0.184406
0.198389
0.222808
0.214637
0.183718
0.198165
0.216179
0.220021
0.214573
0.23921
0.22328
0.205665
0.213245
0.199128
0.18296
0.199926
0.189659
0.201051
0.188796
0.206977
0.227
0.228924
0.191688
0.206132
0.203299
0.222251
0.205301
0.215181
0.224582
0.255469
0.252203
0.245737
0.246349
0.250471
0.269263
0.250619
0.251978
0.247647
0.253062
0.23229
0.227715
0.231804
0.253151
0.271189
0.277843
0.245556
0.264059
0.243482
0.245971
0.253719
0.254403
0.248812
0.256278
0.216434
0.213243
0.220897
0.211099
0.240585
0.253967
0.288345
0.228896
0.230966
0.255923
0.249839
0.243382
0.225186
0.217972
0.219262
0.243979
0.227854
0.219443
0.234113
0.245919
0.239204
0.227999
0.259433
0.23075
0.230092
0.207485
0.212826
0.212077
0.227413
0.222513
0.21643
0.211827
0.222972
0.197499
0.210305
0.235139
0.236186
0.240366
0.234406
0.227906
0.23343
0.226514
0.216897
0.195826
0.200716
0.197423
0.192677
0.18546
0.166773
0.161545
0.162154
0.176283
0.171129
0.143798
0.132541
0.142221
0.157538
0.153755
0.154218
0.15244
0.141278
0.139269
0.14408
0.147214
0.146718
0.16432
0.175509
0.190856
0.176633
0.177441
0.17604
0.199167
0.178329
0.178967
0.196365
0.174276
0.184202
0.173897
0.176568
0.178611
0.181364
0.171021
0.183112
0.174426
0.184837
0.190306
0.187915
0.195487
0.19063
0.186976
0.189715
0.204543
0.187302
0.179367
0.192895
0.171759
0.195829
0.190896
0.199406
0.19554
0.191248
0.188643
0.184128
0.174077
0.172476
0.175569
0.1805
0.17175
0.184563
0.186892
0.193464
0.193709
0.19864
0.203943
0.208586
0.192308
0.184023
0.179343
0.194225
0.189694
0.187657
0.202974
0.18172
0.183738
0.199032
0.199208
0.199204
0.218692
0.198115
0.201665
0.192114
0.190806
0.197994
0.18781
0.173752
0.19153
0.183162
0.198139
0.173892
0.176275
0.183764
0.17352
0.176229
0.185807
0.172432
0.203531
0.199849
0.199832
0.197896
0.193034
0.198162
0.21081
0.214732
0.221509
0.21634
0.1992
0.213662
0.204335
0.202895
0.183084
0.18582
0.181672
0.208554
0.180481
0.171629
0.174412
0.186966
0.205142
0.189782
0.213892
0.194183
0.195769
0.194288
0.199872
0.187209
0.204546
0.194019
0.198705
0.209515
0.221228
0.200688
0.197092
0.216257
0.204815
0.218215
0.214954
0.236203
0.229871
0.193296
0.224659
0.235407
0.206501
0.229128
0.222185
0.208948
0.235563
0.198159
0.234588
0.20611
0.231943
0.254051
0.229525
0.227657
0.211022
0.212935
0.203167
0.21435
0.239566
0.204936
0.214328
0.208871
0.210408
0.216187
0.193996
0.19408
0.198204
0.196251
0.186179
0.190423
0.199368
0.162136
0.171374
0.184359
0.17903
0.171167
0.187176
0.190939
0.214639
0.198688
0.188275
0.205285
0.195705
0.203894
0.222242
0.241315
0.240831
0.22105
0.219063
0.220305
0.231685
0.19994
0.20642
0.245158
0.269303
0.235682
0.229601
0.216767
0.225767
0.198717
0.223878
0.207629
0.23745
0.256678
0.242039
0.230697
0.235209
0.230189
0.243735
0.239629
0.238261
0.280326
0.264343
0.246991
0.270205
