0.790357
0.740618
0.722548
0.749135
0.71925
0.736473
0.726869
0.729683
0.745704
0.72309
0.737033
0.730305
0.720676
0.706813
0.687209
0.707467
0.700322
0.704735
0.685176
0.691144
0.709903
0.698897
0.707402
0.69209
0.691823
0.701934
0.717226
0.686052
0.705022
0.685568
0.691708
0.703394
0.695715
0.685157
0.673286
0.688288
0.695739
0.697071
0.680291
0.666775
0.676762
0.669222
0.67697
0.665015
0.682388
0.684586
0.68766
0.701384
0.695974
0.679396
0.696509
0.670408
0.674845
0.674814
0.691782
0.723735
0.727463
0.745856
0.716383
0.696958
0.733892
0.725504
0.712216
0.703359
0.707928
0.714551
0.731845
0.720439
0.746152
0.724797
0.734356
0.727809
0.731376
0.742338
0.737984
0.753294
0.741039
0.727643
0.716031
0.69697
0.705872
0.712737
0.718091
0.688022
0.702015
0.704014
0.717289
0.718949
0.700237
0.703531
0.696312
0.713652
0.729235
0.730798
0.692621
0.684038
0.717697
0.703826
0.713247
0.702596
0.731872
0.739682
0.724664
0.728836
0.718424
0.72718
0.741778
0.721916
0.724368
0.736524
0.734313
0.795273
0.76441
0.745073
0.727114
0.748325
0.754536
0.767914
0.761558
0.741382
0.768482
0.737699
0.731226
0.742628
0.752748
0.700624
0.713697
0.70443
0.692233
0.705564
0.717478
0.721424
0.701493
0.706499
0.733699
0.734898
0.741403
0.775613
0.768831
0.773314
0.783731
0.816118
0.938278
0.990178
0.977388
0.959322
1
0.99258
0.951904
0.968768
0.967538
0.974088
1
1
0.852857
0.828291
0.785406
0.741194
0.750075
0.757992
0.752255
0.742904
0.763789
0.762375
0.7261
0.726076
0.705689
0.706554
0.682742
0.665638
0.676886
0.696432
0.694757
0.734412
0.716832
0.689296
0.679046
0.633512
0.637376
0.630836
0.637509
0.619674
0.617004
0.616789
0.607438
0.62527
0.614617
0.624084
0.645768
0.652204
0.64918
0.646894
0.616489
0.611734
0.6199
0.630128
0.610169
0.635153
0.647083
0.624837
0.639131
0.63229
0.666115
0.687914
0.637093
0.608665
0.607595
0.60617
0.621829
0.612672
0.632292
0.631173
0.609232
0.621552
0.64034
0.633269
0.638016
0.643718
0.698243
0.712689
0.709293
0.685101
0.737453
0.736292
0.744162
0.767362
0.772699
0.760873
0.749789
0.697472
0.67035
0.679415
0.665876
0.680775
0.690684
0.702521
0.630645
0.659183
0.625501
0.61738
0.628107
0.643781
0.668184
0.708908
0.701981
0.733723
0.775143
0.775313
1
1
1
1
1
1
1
1
1
1
1
1
0.813763
0.798621
0.766078
0.79485
0.769076
0.7501
0.717889
0.713309
0.737803
0.694093
0.715162
0.687423
0.688128
0.688685
0.696131
0.722808
0.732687
0.724319
0.741021
0.732605
0.734089
0.722033
0.717868
0.687651
0.700003
0.697063
0.673598
0.671572
0.673948
0.658153
0.661401
0.661659
0.647741
0.667732
0.676651
0.681646
0.692542
0.650482
0.645245
0.6385
0.68197
0.681226
0.665616
0.682436
0.677044
0.65952
0.654512
0.660741
0.674425
0.668959
0.637345
0.65264
0.659143
0.668801
0.640043
0.643297
0.670898
0.656677
0.677806
0.690205
0.681341
0.663835
0.671591
0.677269
0.675827
0.669463
0.670334
0.704304
0.692852
0.661416
0.694139
0.711128
0.725173
0.707265
0.736303
0.729048
0.724727
0.722119
0.725922
0.724138
0.707709
0.69846
0.72293
0.701305
0.660797
0.636823
0.648038
0.635527
0.638893
0.647091
0.666488
0.689761
0.701939
0.695509
1
1
0.924187
1
1
1
0.964894
0.908827
0.974363
0.969473
0.975812
0.985248
1
0.727475
0.714982
0.723323
0.720649
0.72354
0.688858
0.692354
0.702228
0.695065
0.687615
0.67041
0.697193
0.719504
0.737527
0.737423
0.726405
0.733704
0.716751
0.703952
0.691313
0.70532
0.708591
0.712321
0.725724
0.719758
0.708739
0.710143
0.728411
0.734276
0.736665
0.713793
0.723905
0.712573
0.728121
0.730462
0.732494
0.746009
0.755176
0.783492
0.768915
0.744342
0.721531
0.714627
0.695277
0.689424
0.681818
0.699031
0.72112
0.731594
0.735961
0.730061
0.728961
0.740932
0.75314
0.750493
0.744473
0.738455
0.731119
0.73229
0.750661
0.731918
0.732877
0.706901
0.710116
0.691696
0.69656
0.67944
0.705093
0.721396
0.723743
0.75545
0.756307
0.785002
0.763088
0.761615
0.7579
0.742974
0.732289
0.749255
0.773082
0.76725
0.756036
0.772638
0.773707
0.764626
0.757984
