0.874357
0.851551
0.832998
0.849527
0.834189
0.836692
0.835969
0.834222
0.844766
0.824728
0.835042
0.826585
0.819036
0.813825
0.801576
0.821438
0.807307
0.810821
0.802319
0.809273
0.823239
0.810068
0.813043
0.804731
0.801245
0.81189
0.815819
0.788683
0.809381
0.797142
0.80496
0.815341
0.809921
0.802173
0.792346
0.802554
0.803569
0.804004
0.797118
0.786341
0.793812
0.78709
0.794693
0.784033
0.796892
0.807196
0.807606
0.817162
0.809447
0.802028
0.810775
0.790802
0.801888
0.796301
0.806519
0.829319
0.838563
0.846039
0.834023
0.815373
0.833638
0.834806
0.81678
0.809778
0.815352
0.820059
0.830907
0.823945
0.83691
0.825499
0.826098
0.821417
0.834195
0.836899
0.842812
0.852949
0.854754
0.850646
0.838088
0.827244
0.823675
0.81587
0.820975
0.798051
0.805698
0.802461
0.812449
0.811148
0.794798
0.800512
0.802408
0.814412
0.830249
0.830726
0.809761
0.812807
0.836174
0.824692
0.829955
0.813753
0.83538
0.839557
0.823066
0.822961
0.815878
0.818
0.830093
0.819042
0.827454
0.840488
0.847442
0.890294
0.876899
0.857329
0.825784
0.843328
0.846028
0.85719
0.848372
0.832883
0.859755
0.831154
0.833231
0.840587
0.845807
0.81086
0.824908
0.828724
0.816541
0.826523
0.836392
0.827066
0.801693
0.806861
0.823994
0.827907
0.833156
0.858571
0.850458
0.860159
0.876754
0.902434
0.976587
0.99475
0.988848
0.979661
1
1
0.981447
0.986131
0.987731
0.988895
1
1
0.919107
0.902059
0.871743
0.845962
0.848207
0.85926
0.858026
0.844785
0.861871
0.845026
0.824045
0.821302
0.802145
0.793648
0.775909
0.763558
0.781891
0.807154
0.819715
0.856626
0.841516
0.815886
0.789136
0.740849
0.741105
0.723092
0.72929
0.718975
0.712332
0.712832
0.703321
0.727168
0.718402
0.73332
0.760026
0.774116
0.776666
0.760002
0.728463
0.71408
0.717605
0.724144
0.71397
0.724347
0.731512
0.716119
0.72662
0.731781
0.766651
0.785868
0.763704
0.723621
0.719385
0.71145
0.722202
0.710136
0.728563
0.723969
0.709219
0.72182
0.740128
0.736214
0.741372
0.753538
0.810684
0.830332
0.839318
0.819847
0.845559
0.843896
0.837233
0.850909
0.859807
0.855529
0.854415
0.810339
0.785807
0.801517
0.787342
0.811367
0.824679
0.837734
0.773816
0.77771
0.747817
0.740006
0.742068
0.756907
0.774556
0.816486
0.815036
0.834862
0.867987
0.869055
1
1
1
1
1
1
1
1
1
1
1
1
0.89392
0.882578
0.862718
0.878997
0.86708
0.855233
0.839036
0.833112
0.83816
0.80332
0.810161
0.793094
0.787795
0.796024
0.800456
0.816154
0.832185
0.829618
0.842268
0.832296
0.845215
0.831418
0.831758
0.811406
0.809832
0.804247
0.774695
0.775169
0.775531
0.757084
0.756474
0.759699
0.751636
0.765056
0.778041
0.787299
0.805152
0.778938
0.780531
0.761935
0.790236
0.7836
0.770503
0.780497
0.770583
0.758627
0.757785
0.75905
0.77389
0.767253
0.748704
0.767746
0.78001
0.789824
0.762444
0.763951
0.782836
0.760967
0.778108
0.787975
0.777663
0.764136
0.770524
0.776063
0.778666
0.778629
0.78493
0.824706
0.813565
0.793196
0.811237
0.817656
0.827035
0.811875
0.829495
0.825473
0.827858
0.818499
0.825254
0.822741
0.813454
0.816992
0.849005
0.834793
0.804312
0.780805
0.771245
0.753474
0.748597
0.758713
0.773195
0.79952
0.812925
0.81081
1
1
0.963385
1
1
1
0.987142
0.953391
0.99227
0.979289
0.991448
1
1
0.802395
0.808147
0.817662
0.815761
0.820288
0.792133
0.796945
0.80652
0.806638
0.796371
0.792379
0.814759
0.829548
0.842729
0.836261
0.830326
0.826797
0.810525
0.798298
0.793467
0.806021
0.816016
0.820175
0.843898
0.849479
0.840618
0.834503
0.846774
0.841622
0.844205
0.828962
0.834629
0.825975
0.834339
0.837852
0.840338
0.851438
0.859177
0.876388
0.867525
0.858148
0.839516
0.837996
0.825695
0.810705
0.800695
0.811785
0.828594
0.833988
0.833491
0.831245
0.83132
0.841436
0.855729
0.857857
0.859757
0.858345
0.855736
0.857383
0.858061
0.843048
0.839551
0.82135
0.82043
0.805168
0.812203
0.797583
0.819567
0.828757
0.841405
0.866835
0.865537
0.884212
0.866015
0.869748
0.860314
0.851623
0.842707
0.850385
0.866584
0.864243
0.859317
0.867128
0.872788
0.867099
0.860512
