0.839793
0.845918
0.851111
0.847522
0.847709
0.851296
0.853297
0.854991
0.85239
0.857898
0.858642
0.86144
0.849137
0.85468
0.852137
0.82148
0.839097
0.851074
0.852439
0.860843
0.852739
0.868233
0.862535
0.859525
0.861833
0.867819
0.877816
0.87988
0.885239
0.888476
0.833121
0.84391
0.84782
0.8566
0.861812
0.86011
0.860467
0.86268
0.858994
0.850994
0.858322
0.856202
0.862946
0.857727
0.852679
0.839665
0.849873
0.850969
0.858276
0.857311
0.865136
0.862746
0.88275
0.889868
0.885588
0.878676
0.876803
0.878864
0.877835
0.87146
0.84121
0.859733
0.868942
0.879492
0.879097
0.88414
0.894772
0.894749
0.892381
0.887173
0.889852
0.885296
0.888345
0.889505
0.898229
0.848927
0.856416
0.873411
0.885638
0.889742
0.890732
0.885503
0.891894
0.89231
0.892679
0.893101
0.888152
0.886835
0.881269
0.888499
0.846999
0.868075
0.874251
0.879938
0.872491
0.862828
0.865948
0.861242
0.865337
0.855643
0.857251
0.853137
0.845745
0.855157
0.852289
0.825704
0.818325
0.817621
0.818483
0.84039
0.850408
0.851407
0.856273
0.858436
0.8501
0.866457
0.875981
0.86994
0.871993
0.86542
0.817273
0.818807
0.832083
0.829152
0.832531
0.841563
0.821276
0.797742
0.788747
0.809413
0.830807
0.828425
0.853424
0.855341
0.823537
0.815667
0.817735
0.835403
0.864805
0.870792
0.849171
0.85564
0.85587
0.838683
0.864368
0.870161
0.888985
0.885687
0.892354
0.887962
0.838721
0.858891
0.867488
0.865972
0.883555
0.881605
0.874262
0.876906
0.873163
0.871848
0.864281
0.858211
0.86526
0.867195
0.862888
0.824148
0.824154
0.825415
0.822855
0.814271
0.831067
0.84779
0.850331
0.85846
0.879591
0.865737
0.869666
0.869298
0.870938
0.886097
0.864269
0.862267
0.869179
0.877289
0.871752
0.877126
0.871105
0.864727
0.85557
0.858049
0.880195
0.869539
0.875933
0.86406
0.872837
0.8409
0.844095
0.840068
0.837918
0.840623
0.847015
0.8343
0.855263
0.86375
0.871866
0.865007
0.863124
0.879699
0.891912
0.872178
0.842283
0.824088
0.819457
0.839604
0.834725
0.833513
0.82876
0.825252
0.818066
0.784382
0.782212
0.781502
0.775771
0.761225
0.785383
0.764523
0.74891
0.77144
0.781788
0.801352
0.803747
0.814759
0.812525
0.806072
0.838028
0.82033
0.817359
0.844534
0.860866
0.850612
0.811881
0.808804
0.809541
0.819458
0.829991
0.81608
0.828214
0.816107
0.803736
0.802519
0.830908
0.820312
0.837356
0.82258
0.82773
0.798578
0.80016
0.81812
0.813182
0.829262
0.83842
0.854773
0.856559
0.855294
0.857831
0.867684
0.883622
0.851304
0.856287
0.867389
0.820618
0.835866
0.832549
0.840761
0.860195
0.844693
0.859988
0.857569
0.83917
0.853854
0.861641
0.861723
0.875201
0.883842
0.873924
0.821317
0.835926
0.834604
0.853225
0.855611
0.852979
0.86506
0.877325
0.878126
0.88693
0.876602
0.895515
0.904072
0.895366
0.899315
0.859232
0.867669
0.872719
0.875078
0.866992
0.865892
0.860817
0.863435
0.870098
0.868592
0.868863
0.870579
0.857934
0.858022
0.871977
0.82792
0.843766
0.847764
0.873515
0.865289
0.861707
0.856482
0.870088
0.878091
0.885197
0.879348
0.859251
0.891922
0.90008
0.899729
0.876671
0.887795
0.887721
0.893126
0.87788
0.877484
0.879442
0.852776
0.870288
0.863931
0.862421
0.872356
0.863236
0.853537
0.842737
0.812228
0.81379
0.822125
0.832814
0.826005
0.830493
0.861936
0.855185
0.865277
0.864644
0.864692
0.86548
0.86401
0.857576
0.855317
0.832566
0.84431
0.850007
0.856117
0.872534
0.860383
0.883926
0.885356
0.871979
0.864034
0.88453
0.881316
0.875153
0.852582
0.845832
0.829462
0.833278
0.870743
0.852101
0.861092
0.864824
0.880594
0.877462
0.87084
0.879108
0.879872
0.87251
0.859188
0.857977
0.848127
0.838388
0.851209
0.849605
0.867125
0.869213
0.857743
0.873329
0.864247
0.866149
0.86875
0.852877
0.863767
0.859158
0.863394
0.860293
0.838242
0.839645
0.842331
0.854008
0.870635
0.872081
0.868961
0.868448
0.848693
0.844672
0.860961
0.864707
0.853442
0.848685
0.851613
0.814615
0.820824
0.821389
0.83592
0.839263
0.829161
0.828085
0.818448
0.821068
0.826209
0.838084
0.844061
0.845031
0.827835
0.821596
0.796134
0.78195
0.815007
0.842343
0.829636
0.833218
0.808102
0.810845
0.798641
0.797711
0.806311
0.81498
0.834359
0.831576
0.82006
0.810213
0.804978
0.829499
0.834629
0.843349
0.849143
0.844889
0.854587
0.845563
0.845857
0.857747
0.853106
0.849904
0.842908
0.855086
0.83957
0.843824
0.862896
0.854734
0.844961
0.859955
0.863185
0.854807
0.867108
0.854481
0.837125
0.849188
0.832508
0.841387
0.848483
0.827907
0.842969
0.852465
0.866381
0.847505
0.856092
0.854876
0.853478
0.841131
0.846086
0.848735
0.848943
0.850947
0.856181
0.853831
0.825154
0.829191
0.841702
0.855286
0.845462
0.851749
0.845457
0.84085
0.845038
0.83591
0.831347
0.830413
0.844557
0.832521
0.833157
0.825597
0.842314
0.83358
0.850133
0.864825
0.85707
0.858659
0.854288
0.863423
0.877916
0.877079
0.876287
0.87309
0.889292
0.878527
0.850517
0.848033
0.848907
0.85739
0.835139
0.847608
0.871185
0.8604
0.845964
0.85624
0.852312
0.84861
0.844612
0.836756
0.842091
0.825477
0.841519
0.855633
0.850191
0.863708
0.896765
0.893676
0.904452
0.9048
0.902908
0.897011
0.905261
0.884274
0.864276
0.885161
0.852161
0.851534
0.845245
0.816601
0.816155
0.823705
0.829883
0.827168
0.833561
0.831793
0.82275
0.842717
0.83124
0.82737
0.834074
0.798814
0.798788
0.812599
0.817931
0.835231
0.841632
0.848086
0.853497
0.858058
0.846266
0.848617
0.852802
0.844891
0.856514
0.861417
0.816593
0.841029
0.847506
0.848814
0.840938
0.833925
0.80627
0.800502
0.797934
0.782604
0.802708
0.795773
0.808126
0.805132
0.829555
0.828129
0.81662
0.827293
0.790095
0.813894
0.794568
0.789723
0.787939
0.800664
0.80667
0.803305
0.823087
0.82105
0.814048
0.841646
0.811775
0.830309
0.822978
0.8351
0.828822
0.851676
0.853816
0.8302
0.863552
0.859497
0.861589
0.874804
0.849624
0.844322
0.846684
0.829369
0.848001
0.845493
0.852336
0.848004
0.861613
0.849095
0.852347
0.856993
0.855294
0.851981
0.843507
0.854206
0.854908
0.840824
0.8238
0.828912
0.84523
0.853289
0.860306
0.861084
0.862174
0.84043
0.847067
0.858393
0.869486
0.84839
0.872127
0.861425
0.86536
0.851238
0.844688
0.863244
0.867216
0.874067
0.849795
0.855841
0.857222
0.847677
0.84683
0.823475
0.850622
0.855525
1
1
1
1
1
1
0.980851
1
1
1
1
1
1
1
0.989221
0.902481
0.926261
0.875369
0.861759
0.861921
0.869454
0.861151
0.863922
0.878039
0.87973
0.896077
0.893365
0.892783
0.910645
0.901019
0.881815
0.882059
0.856388
0.861637
0.860564
0.855324
0.865175
0.85662
0.86081
0.855597
0.880643
0.867913
0.857505
0.855754
0.847549
0.858831
0.860006
0.845461
0.867514
0.860394
0.859633
0.875291
0.87833
0.880218
0.865874
0.856984
0.846249
0.849838
0.85053
0.849115
0.837461
0.821499
0.8068
0.810931
0.824246
0.818748
0.907375
0.981733
1
0.909395
0.877152
0.860813
0.817302
0.817796
0.827735
0.836755
0.848881
0.861309
0.882016
0.871791
0.878657
0.892343
0.883992
0.878014
0.871611
0.862433
0.873707
0.879252
0.891725
0.906529
0.877883
0.876853
0.859479
0.864842
0.873072
0.858419
0.858125
0.832621
0.846533
0.859216
0.861328
0.852944
0.847407
0.855547
0.869307
0.861901
0.877717
0.830547
0.838952
0.851999
0.843935
0.845068
0.844063
0.84561
0.839333
0.845211
0.862676
0.862855
0.855579
0.856408
0.850346
0.839559
0.838621
0.835734
0.846173
0.860093
0.898766
0.901399
0.90493
0.909137
0.902183
0.886228
0.869981
0.841883
0.861343
0.833183
0.852924
0.834248
0.837037
0.850185
0.849555
0.848491
0.840176
0.842543
0.841386
0.841962
0.831601
0.83852
0.832211
0.832215
0.823108
0.839676
0.824081
0.821372
0.837491
0.840731
0.853804
0.852479
0.856313
0.842289
0.847967
0.850676
0.860019
0.853186
0.843675
0.845828
0.851489
0.835219
0.847905
0.845427
0.850684
0.837908
0.841045
0.848688
0.83507
0.8294
0.811985
0.823049
0.829886
0.824037
0.833233
0.832598
0.792577
0.813852
0.812994
0.835304
0.827936
0.839246
0.810334
0.846672
0.883959
0.859524
0.850142
0.843873
0.840724
0.835332
0.833816
0.800312
0.80669
0.812935
0.798452
0.78904
0.810311
0.796451
0.783941
0.766824
0.787814
0.799423
0.792465
0.785668
0.789599
0.780905
0.791444
0.78381
0.787854
0.805452
0.797677
0.786513
0.800002
0.784712
0.789883
0.768047
0.762864
0.768149
0.783201
0.779015
0.763083
0.722817
0.732008
0.749843
0.764574
0.771091
0.788381
0.793924
0.994631
0.983843
0.979452
0.981682
0.987318
0.786568
0.786457
0.764239
0.763863
0.742313
0.724924
0.710049
0.737062
0.750113
0.767768
0.774871
0.764504
0.769324
0.793278
0.810694
0.786816
0.782129
0.776707
0.768989
0.775208
0.803987
0.808017
0.829884
0.860153
0.899261
0.994446
0.909472
0.880591
0.895048
0.862983
0.869136
0.824429
0.82598
0.788316
0.797879
0.83957
0.852064
0.843049
0.85412
0.845203
0.851774
0.854539
0.865187
0.843712
0.868228
0.866514
0.870873
0.861877
0.850214
0.857048
0.857357
0.8662
0.865893
0.868408
0.881422
0.886002
0.897801
0.905952
0.902266
0.896007
0.887644
0.883702
0.892391
0.874589
0.876065
0.887646
0.893739
0.913452
0.915297
0.901762
0.908237
0.913128
0.918585
0.89765
0.912825
0.911286
0.907477
0.900424
0.89069
0.880987
0.883942
0.881147
0.884707
0.906603
0.906219
0.911505
0.892564
0.897862
0.909081
0.90881
0.906721
0.905525
0.904669
0.864759
0.889255
0.891195
0.896569
0.900658
0.895356
0.885111
0.883919
0.895505
0.888969
0.88287
0.893167
