2.609647e-01 1.503259e-01
2.859497e-01 1.511585e-01
2.868144e-01 1.217033e-01
2.589782e-01 1.395071e-01
1.490364e-03 7.832381e-03
2.993530e-01 1.925475e-01
1.062586e-02 2.081725e-02
2.281397e-01 1.246409e-01
2.596163e-01 9.505335e-02
3.129963e-01 1.590673e-01
2.506089e-01 1.287372e-01
2.733820e-01 1.454843e-01
3.055270e-01 1.280987e-01
3.026068e-01 1.279017e-01
2.345630e-01 1.418214e-01
2.629488e-01 1.213825e-01
2.186955e-01 1.067741e-01
3.112177e-01 1.373838e-01
3.018275e-01 1.561182e-01
3.241816e-01 1.900905e-01
