3.195095e-01 1.797383e-01
2.580477e-01 1.592973e-01
2.621858e-01 1.307637e-01
3.000774e-01 1.667647e-01
3.383676e-01 1.605815e-01
2.880314e-01 1.468268e-01
2.442971e-01 1.586992e-01
2.730116e-01 1.446396e-01
2.957162e-01 1.574435e-01
3.130274e-01 1.774030e-01
2.841733e-01 1.596642e-01
2.861038e-01 1.652507e-01
3.307388e-01 1.565675e-01
3.181366e-01 1.545760e-01
2.719958e-01 1.858232e-01
1.886940e-01 1.689732e-01
2.930884e-01 1.594922e-01
3.035550e-01 1.463220e-01
2.985746e-01 1.224902e-01
2.410824e-01 2.065745e-01
