849 17 261 38 0.552632 0 0 0 0 0.0190278 
850 17 261 35 0.6 0 0 0 0 0.0501361 
851 18 261 33 0.636364 0 0 0 0 0.0882758 
852 19 261 31 0.677419 0 0 0 0 0.0971621 
853 21 261 30 0.733333 0 0 0 0 0.0768071 
854 23 262 30 0.7 0 0 0 0 0.101794 
855 23 262 31 0.677419 0 0 0 0 0.0871636 
856 23 262 32 0.6875 0 0 0 0 0.0744244 
857 23 262 33 0.666667 0 0 0 0 0.0820708 
858 23 262 34 0.676471 0 0 0 0 0.0797413 
859 24 262 34 0.764706 0 0 0 0 0.0725872 
860 24 262 36 0.722222 0 0 0 0 0.0703857 
861 25 262 35 0.771429 0 0 0 0 0.0909658 
862 26 263 36 0.805556 0 0 0 0 0.0796136 
863 28 263 40 0.725 0 0 0 0 0.0975942 
864 29 263 42 0.714286 0 0 0 0 0.064871 
865 31 264 45 0.666667 0 0 0 0 0.0656146 
866 33 264 50 0.6 0 0 0 0 0.0607174 
867 36 264 55 0.527273 0 0 0 0 0.0624757 
868 39 265 61 0.47541 0 0 0 0 0.047104 
869 43 264 66 0.454545 0 0 0 0 0.0471864 
870 48 266 71 0.394366 0 0 0 0 0.0556358 
871 53 266 76 0.381579 0 0 0 0 0.0797213 
872 60 268 80 0.3375 0 0 0 0 0.0827682 
873 67 269 85 0.317647 0 0 0 0 0.0818354 
874 75 270 91 0.285714 0 0 0 0 0.086891 
875 85 270 94 0.287234 0 0 0 0 0.0830784 
876 96 270 98 0.27551 0 0 0 0 0.0933189 
877 121 270 101 0.277228 0 0 0 0 0.0797469 
878 135 272 101 0.257426 0 0 0 0 0.086322 
879 166 270 102 0.27451 0 0 0 0 0.0565352 
880 182 270 102 0.294118 0 0 0 0 0.0810319 
881 196 270 102 0.294118 0 0 0 0 0.0903012 
882 211 270 101 0.277228 0 0 0 0 0.085652 
883 223 269 101 0.287129 0 0 0 0 0.0850087 
884 236 269 100 0.29 0 0 0 0 0.0812181 
885 249 269 99 0.282828 0 0 0 0 0.0759231 
886 261 269 97 0.28866 0 0 0 0 0.0659404 
887 273 269 96 0.291667 0 0 0 0 0.082555 
888 283 269 96 0.291667 0 0 0 0 0.0760994 
889 294 269 96 0.291667 0 0 0 0 0.0690718 
890 305 268 95 0.294737 0 0 0 0 0.076967 
891 317 268 93 0.301075 0 0 0 0 0.0713363 
892 329 268 94 0.340426 0 0 0 0 0.062132 
893 342 268 89 0.359551 0 0 0 0 0.0591161 
894 354 267 91 0.395604 0 0 0 0 0.0691984 
895 366 267 89 0.325843 0 0 0 0 0.0612519 
896 377 267 87 0.390805 0 0 0 0 0.0714573 
897 387 267 86 0.476744 0 0 0 0 0.128014 
898 396 267 86 0.337209 0 0 0 0 0.081195 
899 408 267 81 0.45679 0 0 0 0 0.155406 
900 414 267 80 0.4625 0 0 0 0 0.160581 
901 420 267 78 0.410256 0 0 0 0 0.121179 
902 426 267 76 0.368421 0 0 0 0 0.109668 
903 432 267 72 0.347222 0 0 0 0 0.0840394 
904 439 266 67 0.38806 0 0 0 0 0.0911151 
905 447 266 61 0.42623 0 0 0 0 0.10905 
906 452 266 56 0.446429 0 0 0 0 0.0975489 
907 457 266 51 0.490196 0 0 0 0 0.109391 
908 461 266 46 0.521739 0 0 0 0 0.0871567 
909 464 266 44 0.545455 0 0 0 0 0.122869 
910 466 265 45 0.533333 0 0 0 0 0.126986 
911 469 265 43 0.55814 0 0 0 0 0.124222 
912 472 265 42 0.547619 0 0 0 0 0.141678 
913 474 265 42 0.52381 0 0 0 0 0.113792 
914 476 265 41 0.536585 0 0 0 0 0.133112 
915 478 265 41 0.512195 0 0 0 0 0.142989 
916 480 265 40 0.525 0 0 0 0 0.142387 
917 483 264 38 0.578947 0 0 0 0 0.112728 
918 486 264 36 0.583333 0 0 0 0 0.151486 
919 487 264 36 0.583333 0 0 0 0 0.134589 
920 489 264 35 0.571429 0 0 0 0 0.142919 
921 491 264 34 0.588235 0 0 0 0 0.135306 
922 493 264 33 0.575758 0 0 0 0 0.136499 
923 494 264 32 0.59375 0 0 0 0 0.135351 
924 496 264 30 0.6 0 0 0 0 0.193299 
925 497 264 29 0.62069 0 0 0 0 0.177194 
926 495 264 31 0.580645 0 0 0 0 0.163325 
927 493 264 31 0.580645 0 0 0 0 0.183844 
928 490 263 34 0.558824 0 0 0 0 0.111945 
929 487 262 35 0.542857 0 0 0 0 0.108339 
930 483 262 37 0.513514 0 0 0 0 0.121994 
931 478 262 40 0.45 0 0 0 0 0.110678 
932 473 262 42 0.428571 0 0 0 0 0.113706 
933 468 262 44 0.409091 0 0 0 0 0.131253 
934 464 261 45 0.4 0 0 0 0 0.093876 
935 459 262 47 0.361702 0 0 0 0 0.0734007 
936 455 261 47 0.382979 0 0 0 0 0.0944647 
937 451 261 48 0.375 0 0 0 0 0.0930071 
938 446 261 50 0.36 0 0 0 0 0.102912 
939 440 260 52 0.346154 0 0 0 0 0.120201 
940 439 260 48 0.375 0 0 0 0 0.108135 
941 439 260 43 0.418605 0 0 0 0 0.104678 
942 439 260 37 0.486486 0 0 0 0 0.1221 
943 440 260 31 0.580645 0 0 0 0 0.147302 
944 440 260 25 0.72 0 0 0 0 0.0922003 
945 440 262 20 0.75 0 0 0 0 0.103154 
946 440 263 14 1 0 0 0 0 0.155867 
947 440 264 8 1.625 0 0 0 0 0.296064 
948 388 268 6 1.16667 0 0 0 0 0.294585 
949 383 266 10 1.1 0 0 0 0 0.155636 
950 376 264 18 0.722222 0 0 0 0 0.154985 
951 370 262 24 0.625 0 0 0 0 0.126727 
952 364 261 30 0.533333 0 0 0 0 0.137222 
953 357 261 37 0.432432 0 0 0 0 0.147421 
954 350 261 44 0.363636 0 0 0 0 0.156091 
955 342 260 51 0.333333 0 0 0 0 0.139538 
956 335 260 55 0.327273 0 0 0 0 0.141137 
957 327 260 55 0.327273 0 0 0 0 0.144688 
958 320 260 55 0.327273 0 0 0 0 0.154075 
959 313 261 56 0.321429 0 0 0 0 0.122316 
960 306 261 56 0.303571 0 0 0 0 0.132979 
961 298 260 58 0.327586 0 0 0 0 0.104424 
962 291 260 59 0.322034 0 0 0 0 0.0816308 
963 271 260 60 0.316667 0 0 0 0 0.0889755 
964 264 261 60 0.3 0 0 0 0 0.0794039 
965 258 261 60 0.3 0 0 0 0 0.0932435 
966 251 262 60 0.283333 0 0 0 0 0.0934789 
967 244 262 60 0.283333 0 0 0 0 0.0622018 
968 237 260 60 0.316667 0 0 0 0 0.0599724 
969 229 260 61 0.311475 0 0 0 0 0.0818329 
970 228 261 55 0.327273 0 0 0 0 0.103885 
971 228 261 48 0.375 0 0 0 0 0.132336 
972 228 261 40 0.45 0 0 0 0 0.130562 
973 228 262 32 0.53125 0 0 0 0 0.151504 
974 228 262 24 0.708333 0 0 0 0 0.144255 
975 228 264 15 1 0 0 0 0 0.259398 
976 228 266 6 2 0 0 0 0 0.438836 
977 168 267 9 1.22222 0 0 0 0 0.181555 
978 161 266 16 0.75 0 0 0 0 0.1576 
979 154 263 23 0.652174 0 0 0 0 0.106927 
980 148 261 29 0.62069 0 0 0 0 0.0472781 
981 142 261 35 0.514286 0 0 0 0 0.0581862 
982 137 261 40 0.45 0 0 0 0 0.0687562 
983 132 260 45 0.422222 0 0 0 0 0.0835875 
984 128 259 49 0.408163 0 0 0 0 0.0913485 
985 124 261 53 0.358491 0 0 0 0 0.0635278 
986 119 261 58 0.327586 0 0 0 0 0.056453 
987 113 258 59 0.372881 0 0 0 0 0.0752471 
988 107 259 59 0.355932 0 0 0 0 0.0817694 
989 101 259 59 0.355932 0 0 0 0 0.131235 
990 95 260 60 0.35 0 0 0 0 0.0633529 
991 90 259 60 0.366667 0 0 0 0 0.0781678 
992 84 260 60 0.35 0 0 0 0 0.0653799 
993 79 260 60 0.366667 0 0 0 0 0.0586935 
994 74 262 59 0.338983 0 0 0 0 0.0391973 
995 69 262 59 0.338983 0 0 0 0 0.032816 
996 65 262 57 0.350877 0 0 0 0 0.0334878 
997 62 262 56 0.375 0 0 0 0 0.0519553 
998 59 264 54 0.351852 0 0 0 0 0.0427744 
999 56 262 52 0.423077 0 0 0 0 0.0472277 
1000 54 261 49 0.469388 0 0 0 0 0.0347758 
1001 53 261 46 0.5 0 0 0 0 0.0420833 
1002 52 261 43 0.55814 0 0 0 0 0.0506834 
1003 52 262 41 0.609756 0 0 0 0 0.0528087 
1004 53 262 38 0.763158 0 0 0 0 0.0631809 
1005 54 262 36 0.777778 0 0 0 0 0.0767311 
1006 56 263 35 0.828571 0 0 0 0 0.0981675 
1007 57 263 37 0.702703 0 0 0 0 0.0748857 
1008 58 263 41 0.634146 0 0 0 0 0.0936533 
1009 59 263 45 0.6 0 0 0 0 0.0627053 
1010 61 264 50 0.54 0 0 0 0 0.0596003 
1011 63 264 54 0.5 0 0 0 0 0.0559895 
1012 66 264 60 0.466667 0 0 0 0 0.0646884 
1013 69 266 66 0.393939 0 0 0 0 0.0625125 
1014 73 268 73 0.328767 0 0 0 0 0.0789629 
1015 78 268 79 0.316456 0 0 0 0 0.0683782 
1016 85 268 83 0.301205 0 0 0 0 0.0711738 
1017 93 268 87 0.298851 0 0 0 0 0.0726891 
1018 103 268 91 0.285714 0 0 0 0 0.102375 
1019 114 268 93 0.27957 0 0 0 0 0.112483 
1020 126 272 94 0.234043 0 0 0 0 0.0974151 
1021 139 269 93 0.268817 0 0 0 0 0.0693945 
1022 150 268 93 0.290323 0 0 0 0 0.0818433 
1023 163 270 90 0.277778 0 0 0 0 0.0717201 
1024 175 269 86 0.302326 0 0 0 0 0.0872587 
1025 187 267 80 0.35 0 0 0 0 0.0929383 
1026 200 267 71 0.408451 0 0 0 0 0.103017 
1027 213 267 60 0.516667 0 0 0 0 0.0873649 
1028 224 267 51 0.607843 0 0 0 0 0.103508 
1029 234 267 46 0.608696 0 0 0 0 0.0942111 
1030 238 267 51 0.529412 0 0 0 0 0.104951 
1031 238 266 59 0.474576 0 0 0 0 0.0913367 
1032 237 266 68 0.411765 0 0 0 0 0.0654215 
1033 236 266 74 0.364865 0 0 0 0 0.0518849 
1034 235 266 79 0.341772 0 0 0 0 0.0585918 
1035 234 266 81 0.333333 0 0 0 0 0.0627376 
1036 234 266 82 0.317073 0 0 0 0 0.0602235 
1037 233 266 83 0.313253 0 0 0 0 0.0483692 
1038 232 267 83 0.289157 0 0 0 0 0.0752439 
1039 231 268 83 0.277108 0 0 0 0 0.0845409 
1040 230 267 83 0.289157 0 0 0 0 0.0789734 
1041 230 267 83 0.289157 0 0 0 0 0.0848979 
1042 229 267 84 0.285714 0 0 0 0 0.087483 
1043 229 267 84 0.285714 0 0 0 0 0.0685888 
1044 229 267 84 0.285714 0 0 0 0 0.0681435 
1045 229 267 83 0.289157 0 0 0 0 0.0765237 
1046 229 267 83 0.289157 0 0 0 0 0.0799079 
1047 228 268 83 0.277108 0 0 0 0 0.0674345 
1048 226 266 83 0.301205 0 0 0 0 0.0774201 
1049 224 267 83 0.289157 0 0 0 0 0.0702364 
1050 221 267 83 0.289157 0 0 0 0 0.078372 
1051 218 266 82 0.304878 0 0 0 0 0.072162 
1052 214 267 83 0.289157 0 0 0 0 0.0774636 
1053 210 266 82 0.304878 0 0 0 0 0.0790867 
1054 206 266 81 0.308642 0 0 0 0 0.0877175 
1055 202 266 81 0.296296 0 0 0 0 0.0789589 
1056 196 266 81 0.296296 0 0 0 0 0.0866657 
1057 190 268 82 0.268293 0 0 0 0 0.0958622 
1058 184 266 82 0.292683 0 0 0 0 0.108388 
1059 178 268 81 0.271605 0 0 0 0 0.0884788 
1060 172 267 80 0.2875 0 0 0 0 0.0750629 
1061 165 268 81 0.259259 0 0 0 0 0.0734254 
1062 158 268 80 0.2625 0 0 0 0 0.0808993 
1063 151 268 79 0.265823 0 0 0 0 0.0785061 
1064 144 267 78 0.282051 0 0 0 0 0.0805879 
1065 135 267 79 0.278481 0 0 0 0 0.0841229 
1066 127 267 77 0.272727 0 0 0 0 0.0991437 
1067 120 266 76 0.289474 0 0 0 0 0.0922194 
1068 114 265 73 0.315068 0 0 0 0 0.089874 
1069 108 264 71 0.338028 0 0 0 0 0.0554343 
1070 105 264 68 0.338235 0 0 0 0 0.0655359 
1071 101 264 65 0.353846 0 0 0 0 0.0688228 
1072 99 264 61 0.377049 0 0 0 0 0.0686472 
1073 97 264 56 0.392857 0 0 0 0 0.0867629 
1074 97 264 49 0.44898 0 0 0 0 0.0615847 
1075 98 262 42 0.547619 0 0 0 0 0.105244 
1076 99 264 38 0.552632 0 0 0 0 0.0849053 
1077 101 264 33 0.606061 0 0 0 0 0.129292 
1078 102 264 32 0.625 0 0 0 0 0.162314 
1079 102 265 34 0.558824 0 0 0 0 0.113066 
1080 103 262 33 0.636364 0 0 0 0 0.159607 
1081 103 262 34 0.617647 0 0 0 0 0.132249 
1082 104 263 35 0.542857 0 0 0 0 0.115016 
1083 104 262 38 0.526316 0 0 0 0 0.0883174 
1084 105 262 41 0.487805 0 0 0 0 0.0865479 
1085 106 263 45 0.4 0 0 0 0 0.0991838 
1086 108 262 46 0.391304 0 0 0 0 0.114357 
1087 112 263 44 0.386364 0 0 0 0 0.12588 
1088 115 261 44 0.431818 0 0 0 0 0.105944 
1089 119 261 44 0.431818 0 0 0 0 0.0857093 
1090 122 261 45 0.4 0 0 0 0 0.120878 
1091 126 261 47 0.382979 0 0 0 0 0.10244 
1092 130 261 47 0.382979 0 0 0 0 0.100672 
1093 135 262 42 0.404762 0 0 0 0 0.100572 
1094 140 261 37 0.459459 0 0 0 0 0.133664 
1095 144 260 33 0.545455 0 0 0 0 0.130024 
1096 149 260 28 0.642857 0 0 0 0 0.15246 
1097 153 262 24 0.625 0 0 0 0 0.149895 
1098 158 262 19 0.789474 0 0 0 0 0.158764 
1099 163 262 14 1.07143 0 0 0 0 0.212999 
1100 168 264 9 1.44444 0 0 0 0 0.186415 
1101 172 265 5 1.8 0 0 0 0 0.598072 
1102 172 265 5 1.8 0 0 0 0 0.598072 
1103 228 267 6 1.33333 0 0 0 0 0.520236 
1104 228 265 12 0.916667 0 0 0 0 0.230273 
1105 228 265 19 0.578947 0 0 0 0 0.158487 
1106 228 260 26 0.615385 0 0 0 0 0.13031 
1107 228 260 33 0.484848 0 0 0 0 0.147865 
1108 228 260 39 0.410256 0 0 0 0 0.148167 
1109 228 260 46 0.347826 0 0 0 0 0.105428 
1110 228 260 54 0.296296 0 0 0 0 0.133264 
1111 235 260 53 0.301887 0 0 0 0 0.105383 
1112 244 260 52 0.307692 0 0 0 0 0.116591 
1113 251 260 53 0.301887 0 0 0 0 0.136073 
1114 259 261 53 0.283019 0 0 0 0 0.11755 
1115 275 261 54 0.277778 0 0 0 0 0.146724 
1116 282 260 54 0.296296 0 0 0 0 0.138948 
1117 290 260 54 0.296296 0 0 0 0 0.126849 
1118 298 260 55 0.290909 0 0 0 0 0.123808 
1119 307 260 54 0.296296 0 0 0 0 0.106454 
1120 314 261 55 0.272727 0 0 0 0 0.107065 
1121 323 260 55 0.309091 0 0 0 0 0.0939898 
1122 332 261 54 0.296296 0 0 0 0 0.118205 
1123 340 260 53 0.320755 0 0 0 0 0.103828 
1124 348 261 46 0.347826 0 0 0 0 0.101824 
1125 355 261 39 0.410256 0 0 0 0 0.142429 
1126 363 260 31 0.548387 0 0 0 0 0.122758 
1127 372 262 22 0.681818 0 0 0 0 0.11554 
1128 380 262 14 1.07143 0 0 0 0 0.161996 
1129 388 265 6 1.83333 0 0 0 0 0.389453 
1130 440 267 13 0.846154 0 0 0 0 0.171618 
1131 440 267 21 0.571429 0 0 0 0 0.115875 
1132 440 265 29 0.482759 0 0 0 0 0.147644 
1133 439 262 38 0.473684 0 0 0 0 0.106636 
1134 439 263 46 0.369565 0 0 0 0 0.116412 
1135 439 262 54 0.333333 0 0 0 0 0.0973172 
1136 444 262 56 0.321429 0 0 0 0 0.113708 
1137 450 264 57 0.298246 0 0 0 0 0.0762445 
1138 457 262 56 0.339286 0 0 0 0 0.0807344 
1139 464 264 55 0.327273 0 0 0 0 0.0693951 
1140 472 264 52 0.346154 0 0 0 0 0.0575769 
1141 479 261 49 0.428571 0 0 0 0 0.0774496 
1142 486 260 44 0.522727 0 0 0 0 0.0765418 
1143 492 260 41 0.560976 0 0 0 0 0.108858 
1144 498 261 38 0.578947 0 0 0 0 0.102146 
1145 503 261 36 0.638889 0 0 0 0 0.0993717 
1146 507 261 35 0.657143 0 0 0 0 0.127009 
1147 510 260 32 0.78125 0 0 0 0 0.11734 
1148 512 261 31 0.774194 0 0 0 0 0.152316 
1149 512 260 31 0.83871 0 0 0 0 0.151121 
1150 511 261 33 0.757576 0 0 0 0 0.148731 
1151 510 260 34 0.794118 0 0 0 0 0.187429 
1152 509 261 35 0.742857 0 0 0 0 0.152509 
1153 508 261 36 0.75 0 0 0 0 0.181717 
1154 508 261 35 0.771429 0 0 0 0 0.162922 
1155 506 261 38 0.736842 0 0 0 0 0.140543 
1156 505 261 37 0.783784 0 0 0 0 0.144784 
1157 504 261 38 0.763158 0 0 0 0 0.139539 
1158 503 262 39 0.74359 0 0 0 0 0.119163 
1159 501 262 40 0.75 0 0 0 0 0.143049 
1160 499 263 42 0.690476 0 0 0 0 0.116104 
1161 498 263 42 0.714286 0 0 0 0 0.103566 
1162 496 264 42 0.690476 0 0 0 0 0.0863804 
1163 493 264 44 0.681818 0 0 0 0 0.113725 
1164 489 264 46 0.673913 0 0 0 0 0.134385 
1165 483 264 51 0.627451 0 0 0 0 0.110802 
1166 475 265 57 0.54386 0 0 0 0 0.112321 
1167 466 267 63 0.47619 0 0 0 0 0.0800192 
1168 457 271 68 0.397059 0 0 0 0 0.0703546 
1169 445 271 76 0.368421 0 0 0 0 0.0788064 
1170 434 272 81 0.333333 0 0 0 0 0.0839229 
1171 423 272 86 0.395349 0 0 0 0 0.102768 
1172 371 270 103 0.398058 0 0 0 0 0.116294 
1173 355 269 106 0.386792 0 0 0 0 0.112886 
1174 340 271 107 0.364486 0 0 0 0 0.0973102 
1175 325 271 107 0.364486 0 0 0 0 0.0732042 
1176 310 272 107 0.271028 0 0 0 0 0.0740941 
1177 298 272 106 0.264151 0 0 0 0 0.0690145 
1178 285 270 104 0.288462 0 0 0 0 0.0877638 
1179 272 270 104 0.288462 0 0 0 0 0.0858587 
1180 260 269 101 0.306931 0 0 0 0 0.0576271 
1181 250 268 97 0.329897 0 0 0 0 0.0818527 
1182 242 268 93 0.333333 0 0 0 0 0.0683396 
1183 235 268 87 0.356322 0 0 0 0 0.0764543 
1184 229 268 83 0.361446 0 0 0 0 0.0501633 
1185 224 268 79 0.367089 0 0 0 0 0.0514429 
1186 220 267 74 0.391892 0 0 0 0 0.0631404 
1187 216 267 70 0.414286 0 0 0 0 0.0892374 
1188 214 267 66 0.409091 0 0 0 0 0.13078 
1189 213 266 61 0.459016 0 0 0 0 0.100074 
1190 213 266 55 0.509091 0 0 0 0 0.127948 
1191 215 265 47 0.574468 0 0 0 0 0.144346 
1192 218 265 40 0.675 0 0 0 0 0.153643 
1193 215 265 44 0.590909 0 0 0 0 0.121515 
1194 213 265 52 0.480769 0 0 0 0 0.121444 
1195 212 265 59 0.423729 0 0 0 0 0.100172 
1196 212 265 66 0.363636 0 0 0 0 0.093028 
1197 216 264 69 0.347826 0 0 0 0 0.0741628 
1198 219 264 72 0.319444 0 0 0 0 0.0691589 
1199 223 264 74 0.310811 0 0 0 0 0.0800972 
1200 228 264 75 0.293333 0 0 0 0 0.0943016 
1201 234 264 75 0.293333 0 0 0 0 0.0618832 
1202 241 264 73 0.287671 0 0 0 0 0.0784957 
1203 246 266 74 0.256757 0 0 0 0 0.0977354 
1204 252 266 74 0.27027 0 0 0 0 0.0667392 
1205 259 265 72 0.291667 0 0 0 0 0.0571842 
1206 267 264 68 0.323529 0 0 0 0 0.0914341 
1207 275 264 64 0.34375 0 0 0 0 0.0764148 
1208 282 264 60 0.366667 0 0 0 0 0.0657941 
1209 290 264 54 0.407407 0 0 0 0 0.066102 
1210 296 265 50 0.42 0 0 0 0 0.0701073 
1211 301 264 47 0.468085 0 0 0 0 0.0725484 
1212 306 264 42 0.52381 0 0 0 0 0.072554 
1213 309 264 40 0.55 0 0 0 0 0.0848788 
1214 310 264 40 0.55 0 0 0 0 0.0851101 
1215 310 264 40 0.55 0 0 0 0 0.0727552 
1216 310 264 40 0.55 0 0 0 0 0.0776852 
1217 310 264 40 0.55 0 0 0 0 0.0770829 
1218 310 264 40 0.55 0 0 0 0 0.0976932 
1219 309 264 42 0.52381 0 0 0 0 0.0883538 
1220 309 264 42 0.547619 0 0 0 0 0.0647745 
1221 308 264 44 0.522727 0 0 0 0 0.0531816 
1222 307 264 45 0.511111 0 0 0 0 0.0669573 
1223 306 264 47 0.489362 0 0 0 0 0.0594394 
1224 306 264 47 0.489362 0 0 0 0 0.0673446 
1225 305 266 47 0.446809 0 0 0 0 0.0556622 
1226 305 265 47 0.489362 0 0 0 0 0.0731667 
1227 305 265 47 0.489362 0 0 0 0 0.085014 
1228 306 265 46 0.5 0 0 0 0 0.0741718 
1229 307 265 44 0.522727 0 0 0 0 0.0712235 
1230 308 265 43 0.55814 0 0 0 0 0.0748804 
1231 309 265 41 0.585366 0 0 0 0 0.0798862 
1232 310 265 39 0.615385 0 0 0 0 0.112122 
1233 310 266 38 0.605263 0 0 0 0 0.108081 
1234 306 267 41 0.560976 0 0 0 0 0.0941833 
1235 305 268 43 0.511628 0 0 0 0 0.121109 
1236 300 267 50 0.48 0 0 0 0 0.100971 
1237 295 266 56 0.446429 0 0 0 0 0.0780426 
1238 289 268 62 0.370968 0 0 0 0 0.0658884 
1239 282 266 68 0.382353 0 0 0 0 0.0744954 
1240 275 268 73 0.328767 0 0 0 0 0.082727 
1241 267 268 78 0.307692 0 0 0 0 0.0764603 
1242 259 268 82 0.292683 0 0 0 0 0.0615099 
1243 251 268 85 0.294118 0 0 0 0 0.0617754 
1244 243 267 87 0.298851 0 0 0 0 0.0771147 
1245 234 268 89 0.292135 0 0 0 0 0.0672366 
1246 223 268 91 0.285714 0 0 0 0 0.0771522 
1247 213 268 92 0.282609 0 0 0 0 0.0770745 
1248 203 268 92 0.282609 0 0 0 0 0.0851052 
1249 194 268 92 0.282609 0 0 0 0 0.0989163 
1250 185 268 91 0.285714 0 0 0 0 0.102414 
1251 176 268 91 0.285714 0 0 0 0 0.0795308 
1252 168 269 90 0.277778 0 0 0 0 0.0700969 
1253 159 269 91 0.263736 0 0 0 0 0.104158 
1254 150 268 91 0.285714 0 0 0 0 0.0563621 
1255 142 268 89 0.280899 0 0 0 0 0.0796419 
1256 132 269 89 0.269663 0 0 0 0 0.0691719 
1257 121 269 90 0.277778 0 0 0 0 0.0684883 
1258 110 269 90 0.255556 0 0 0 0 0.0742596 
1259 100 269 88 0.272727 0 0 0 0 0.0762237 
1260 88 269 88 0.272727 0 0 0 0 0.0945035 
1261 78 269 86 0.267442 0 0 0 0 0.0890909 
1262 67 268 85 0.282353 0 0 0 0 0.0793428 
1263 57 268 83 0.289157 0 0 0 0 0.0689261 
1264 49 266 78 0.346154 0 0 0 0 0.0530782 
1265 42 265 75 0.373333 0 0 0 0 0.0691332 
1266 36 266 72 0.375 0 0 0 0 0.056985 
1267 32 264 68 0.426471 0 0 0 0 0.0745004 
1268 28 264 66 0.439394 0 0 0 0 0.0747459 
1269 23 264 64 0.453125 0 0 0 0 0.0724623 
1270 18 264 63 0.460317 0 0 0 0 0.0817915 
1271 14 264 62 0.467742 0 0 0 0 0.0942162 
1272 12 263 58 0.517241 0 0 0 0 0.0870696 
1273 10 264 54 0.537037 0 0 0 0 0.0653098 
1274 9 264 50 0.58 0 0 0 0 0.0808107 
1275 9 264 46 0.608696 0 0 0 0 0.0679889 
1276 10 264 41 0.536585 0 0 0 0 0.0854706 
1277 10 264 38 0.552632 0 0 0 0 0.105338 
1278 9 264 37 0.540541 0 0 0 0 0.124813 
1279 8 264 36 0.555556 0 0 0 0 0.124319 
1280 7 264 36 0.527778 0 0 0 0 0.113802 
1281 8 264 34 0.558824 0 0 0 0 0.100805 
1282 8 264 32 0.59375 0 0 0 0 0.115526 
1283 10 264 30 0.6 0 0 0 0 0.175612 
1284 10 264 29 0.62069 0 0 0 0 0.152648 
1285 10 264 29 0.62069 0 0 0 0 0.151619 
1286 10 263 28 0.678571 0 0 0 0 0.166423 
1287 10 264 28 0.642857 0 0 0 0 0.133528 
1288 11 263 27 0.703704 0 0 0 0 0.0875556 
1289 11 262 29 0.689655 0 0 0 0 0.0804747 
1290 12 262 31 0.645161 0 0 0 0 0.0819585 
1291 13 262 34 0.588235 0 0 0 0 0.0758784 
1292 15 261 36 0.5 0 0 0 0 0.0787162 
1293 18 262 37 0.432432 0 0 0 0 0.104501 
1294 21 261 40 0.475 0 0 0 0 0.0806984 
1295 24 260 42 0.452381 0 0 0 0 0.0842512 
1296 28 260 43 0.465116 0 0 0 0 0.0823192 
1297 33 260 44 0.477273 0 0 0 0 0.0789748 
1298 38 260 45 0.466667 0 0 0 0 0.0843628 
1299 43 260 46 0.456522 0 0 0 0 0.0988603 
1300 48 259 46 0.478261 0 0 0 0 0.072873 
1301 54 259 45 0.422222 0 0 0 0 0.0891058 
1302 58 259 45 0.377778 0 0 0 0 0.120734 
1303 63 259 45 0.355556 0 0 0 0 0.122933 
1304 68 259 44 0.363636 0 0 0 0 0.12643 
1305 74 260 44 0.340909 0 0 0 0 0.112912 
1306 80 259 44 0.363636 0 0 0 0 0.0951412 
1307 85 259 46 0.326087 0 0 0 0 0.0959645 
1308 91 259 45 0.333333 0 0 0 0 0.113424 
1309 97 259 47 0.319149 0 0 0 0 0.128409 
1310 103 258 47 0.340426 0 0 0 0 0.127803 
1311 110 258 46 0.347826 0 0 0 0 0.118186 
1312 115 258 48 0.333333 0 0 0 0 0.0905819 
1313 122 258 47 0.340426 0 0 0 0 0.075409 
1314 127 258 49 0.326531 0 0 0 0 0.1074 
1315 134 259 43 0.348837 0 0 0 0 0.139971 
1316 142 258 35 0.428571 0 0 0 0 0.172826 
1317 150 258 27 0.555556 0 0 0 0 0.132101 
1318 158 258 19 0.789474 0 0 0 0 0.137565 
1319 165 260 12 1.08333 0 0 0 0 0.150598 
1320 173 264 4 2 0 0 0 0 0.406208 
1321 173 264 4 2 0 0 0 0 0.406208 
1322 228 266 6 1 0 0 0 0 0.68971 
1323 228 262 13 0.846154 0 0 0 0 0.255393 
1324 228 261 20 0.6 0 0 0 0 0.158257 
1325 228 259 26 0.576923 0 0 0 0 0.136105 
1326 227 259 34 0.441176 0 0 0 0 0.115541 
1327 228 260 38 0.342105 0 0 0 0 0.136917 
1328 228 259 44 0.340909 0 0 0 0 0.098943 
1329 229 259 48 0.3125 0 0 0 0 0.107074 
1330 235 259 48 0.333333 0 0 0 0 0.0888021 
1331 239 259 50 0.3 0 0 0 0 0.077445 
1332 245 258 49 0.326531 0 0 0 0 0.0938441 
1333 251 258 49 0.346939 0 0 0 0 0.126231 
1334 256 259 49 0.326531 0 0 0 0 0.105536 
1335 261 260 49 0.306122 0 0 0 0 0.0992643 
1336 268 260 48 0.3125 0 0 0 0 0.141385 
1337 274 260 50 0.3 0 0 0 0 0.124095 
1338 279 260 51 0.294118 0 0 0 0 0.114092 
1339 286 260 50 0.3 0 0 0 0 0.146347 
1340 291 260 51 0.313725 0 0 0 0 0.13812 
1341 297 260 51 0.313725 0 0 0 0 0.151235 
1342 303 260 51 0.313725 0 0 0 0 0.124448 
1343 309 260 51 0.313725 0 0 0 0 0.118054 
1344 315 260 53 0.301887 0 0 0 0 0.124039 
1345 322 260 52 0.307692 0 0 0 0 0.123247 
1346 330 260 52 0.307692 0 0 0 0 0.146847 
1347 336 260 53 0.301887 0 0 0 0 0.126642 
1348 342 260 52 0.326923 0 0 0 0 0.118574 
1349 350 261 44 0.340909 0 0 0 0 0.106634 
1350 358 261 36 0.444444 0 0 0 0 0.105512 
1351 366 261 28 0.535714 0 0 0 0 0.116243 
1352 374 262 20 0.75 0 0 0 0 0.122987 
1353 382 262 12 1.25 0 0 0 0 0.112956 
1354 388 265 5 1.8 0 0 0 0 0.28888 
1355 440 268 10 1 0 0 0 0 0.269466 
1356 440 266 17 0.705882 0 0 0 0 0.153637 
1357 440 262 24 0.708333 0 0 0 0 0.130918 
1358 440 260 29 0.655172 0 0 0 0 0.142261 
1359 439 262 35 0.485714 0 0 0 0 0.0957112 
1360 439 262 42 0.428571 0 0 0 0 0.104925 
1361 439 260 49 0.408163 0 0 0 0 0.0985092 
1362 439 262 57 0.315789 0 0 0 0 0.0890063 
1363 446 262 56 0.321429 0 0 0 0 0.0999253 
1364 453 262 56 0.321429 0 0 0 0 0.101514 
1365 460 262 56 0.339286 0 0 0 0 0.079454 
1366 466 264 55 0.309091 0 0 0 0 0.0758224 
1367 473 264 53 0.339623 0 0 0 0 0.0717534 
1368 480 264 52 0.346154 0 0 0 0 0.0826979 
1369 486 264 52 0.365385 0 0 0 0 0.0540179 
1370 494 264 49 0.387755 0 0 0 0 0.0636489 
1371 512 261 43 0.534884 0 0 0 0 0.0900579 
1372 518 261 41 0.560976 0 0 0 0 0.11049 
1373 521 261 41 0.585366 0 0 0 0 0.0962468 
1374 524 261 41 0.585366 0 0 0 0 0.105717 
1375 527 261 42 0.595238 0 0 0 0 0.112012 
1376 530 261 42 0.595238 0 0 0 0 0.0980161 
1377 532 261 42 0.619048 0 0 0 0 0.0989489 
1378 535 261 42 0.642857 0 0 0 0 0.124146 
1379 537 261 41 0.682927 0 0 0 0 0.102166 
1380 539 261 40 0.725 0 0 0 0 0.138583 
1381 541 262 40 0.7 0 0 0 0 0.113781 
1382 542 263 42 0.666667 0 0 0 0 0.111936 
1383 544 263 42 0.690476 0 0 0 0 0.131171 
1384 546 264 43 0.674419 0 0 0 0 0.135281 
1385 548 264 44 0.681818 0 0 0 0 0.120968 
1386 549 265 45 0.666667 0 0 0 0 0.1156 
1387 551 265 46 0.673913 0 0 0 0 0.153482 
1388 553 265 47 0.680851 0 0 0 0 0.129449 
1389 554 265 48 0.6875 0 0 0 0 0.11013 
1390 556 265 48 0.708333 0 0 0 0 0.128096 
1391 557 266 47 0.723404 0 0 0 0 0.117377 
1392 557 266 46 0.782609 0 0 0 0 0.110525 
1393 555 266 48 0.75 0 0 0 0 0.131973 
1394 551 267 51 0.705882 0 0 0 0 0.158867 
1395 546 267 54 0.685185 0 0 0 0 0.135706 
1396 539 267 59 0.644068 0 0 0 0 0.197587 
1397 532 268 64 0.59375 0 0 0 0 0.166125 
1398 524 270 70 0.514286 0 0 0 0 0.134224 
1399 515 271 77 0.467532 0 0 0 0 0.124478 
1400 505 275 83 0.385542 0 0 0 0 0.129692 
1401 494 275 91 0.362637 0 0 0 0 0.136554 
1402 481 276 99 0.333333 0 0 0 0 0.11949 
1403 468 276 107 0.308411 0 0 0 0 0.103457 
1404 454 273 113 0.318584 0 0 0 0 0.0729607 
1405 441 273 117 0.307692 0 0 0 0 0.0664067 
1406 427 273 121 0.322314 0 0 0 0 0.0647985 
1407 413 273 123 0.317073 0 0 0 0 0.0880411 
1408 397 273 126 0.301587 0 0 0 0 0.101366 
1409 383 274 125 0.344 0 0 0 0 0.098704 
1410 368 273 125 0.352 0 0 0 0 0.109813 
1411 354 274 124 0.346774 0 0 0 0 0.0930108 
1412 344 273 122 0.319672 0 0 0 0 0.0787965 
1413 337 272 117 0.410256 0 0 0 0 0.0929179 
1414 328 272 114 0.394737 0 0 0 0 0.0894204 
1415 322 272 109 0.46789 0 0 0 0 0.118333 
1416 314 272 108 0.416667 0 0 0 0 0.0792616 
1417 305 271 105 0.466667 0 0 0 0 0.0763659 
1418 298 271 102 0.343137 0 0 0 0 0.0725825 
1419 291 271 98 0.357143 0 0 0 0 0.0799424 
1420 285 271 93 0.365591 0 0 0 0 0.074048 
1421 279 270 90 0.377778 0 0 0 0 0.0788546 
1422 272 270 88 0.375 0 0 0 0 0.0772044 
1423 265 269 87 0.37931 0 0 0 0 0.0726043 
1424 259 269 84 0.380952 0 0 0 0 0.0747805 
1425 253 268 81 0.395062 0 0 0 0 0.0627385 
1426 248 268 77 0.402597 0 0 0 0 0.0543422 
1427 244 268 73 0.410959 0 0 0 0 0.0606097 
1428 241 267 68 0.441176 0 0 0 0 0.0739411 
1429 239 267 63 0.460317 0 0 0 0 0.0645272 
1430 238 267 59 0.474576 0 0 0 0 0.0816816 
1431 238 266 54 0.518519 0 0 0 0 0.0777593 
1432 238 266 51 0.54902 0 0 0 0 0.113495 
1433 241 266 45 0.6 0 0 0 0 0.101161 
1434 244 265 39 0.666667 0 0 0 0 0.11695 
1435 245 265 42 0.619048 0 0 0 0 0.0953014 
1436 246 265 46 0.543478 0 0 0 0 0.0961526 
1437 248 265 49 0.510204 0 0 0 0 0.101051 
1438 251 263 51 0.509804 0 0 0 0 0.0929743 
1439 255 263 50 0.5 0 0 0 0 0.133623 
1440 258 264 49 0.489796 0 0 0 0 0.131675 
1441 262 264 47 0.489362 0 0 0 0 0.132222 
1442 265 263 46 0.521739 0 0 0 0 0.144348 
1443 268 264 45 0.488889 0 0 0 0 0.131839 
1444 271 264 44 0.5 0 0 0 0 0.149362 
1445 273 264 44 0.5 0 0 0 0 0.141983 
1446 276 264 43 0.488372 0 0 0 0 0.13646 
1447 279 264 41 0.512195 0 0 0 0 0.129825 
1448 281 264 41 0.487805 0 0 0 0 0.112722 
1449 283 263 40 0.525 0 0 0 0 0.139581 
1450 285 262 40 0.525 0 0 0 0 0.118872 
1451 287 263 39 0.512821 0 0 0 0 0.148132 
1452 290 262 38 0.526316 0 0 0 0 0.141964 
1453 292 262 38 0.526316 0 0 0 0 0.163617 
1454 294 262 36 0.555556 0 0 0 0 0.188232 
1455 295 264 35 0.514286 0 0 0 0 0.150457 
1456 297 264 33 0.515152 0 0 0 0 0.147069 
1457 298 264 30 0.566667 0 0 0 0 0.172385 
1458 298 264 28 0.571429 0 0 0 0 0.203393 
1459 296 263 30 0.566667 0 0 0 0 0.158657 
1460 293 262 33 0.545455 0 0 0 0 0.117051 
1461 290 261 35 0.514286 0 0 0 0 0.143597 
1462 286 261 38 0.473684 0 0 0 0 0.108388 
1463 280 262 42 0.404762 0 0 0 0 0.102331 
1464 275 260 45 0.422222 0 0 0 0 0.0886232 
1465 269 261 49 0.346939 0 0 0 0 0.0890529 
1466 262 261 52 0.326923 0 0 0 0 0.114849 
1467 256 260 54 0.314815 0 0 0 0 0.122175 
1468 250 260 55 0.309091 0 0 0 0 0.100614 
1469 244 260 55 0.309091 0 0 0 0 0.0962628 
1470 238 261 55 0.290909 0 0 0 0 0.0952652 
1471 232 260 56 0.303571 0 0 0 0 0.0760999 
1472 228 260 53 0.320755 0 0 0 0 0.0923321 
1473 228 260 47 0.361702 0 0 0 0 0.094719 
1474 228 260 42 0.380952 0 0 0 0 0.103952 
1475 228 261 36 0.416667 0 0 0 0 0.103437 
1476 228 260 32 0.5 0 0 0 0 0.124021 
1477 228 260 26 0.615385 0 0 0 0 0.119224 
1478 227 261 23 0.652174 0 0 0 0 0.0963763 
1479 228 262 17 0.823529 0 0 0 0 0.123183 
1480 228 262 11 1.27273 0 0 0 0 0.178437 
1481 228 264 5 2 0 0 0 0 0.606545 
1482 173 269 4 1.25 0 0 0 0 0.488741 
1483 166 266 11 0.909091 0 0 0 0 0.170496 
1484 159 264 18 0.666667 0 0 0 0 0.132471 
1485 153 264 24 0.5 0 0 0 0 0.109806 
1486 147 260 30 0.533333 0 0 0 0 0.118799 
1487 141 260 36 0.444444 0 0 0 0 0.124725 
1488 135 261 42 0.357143 0 0 0 0 0.159653 
1489 128 260 48 0.354167 0 0 0 0 0.108512 
1490 121 258 55 0.345455 0 0 0 0 0.117769 
1491 114 258 55 0.345455 0 0 0 0 0.0638775 
1492 108 258 54 0.351852 0 0 0 0 0.096724 
1493 101 258 55 0.345455 0 0 0 0 0.0900628 
1494 94 258 54 0.351852 0 0 0 0 0.0864271 
1495 88 257 54 0.37037 0 0 0 0 0.0925529 
1496 82 257 54 0.388889 0 0 0 0 0.0846827 
1497 78 258 51 0.392157 0 0 0 0 0.0764475 
1498 74 258 50 0.4 0 0 0 0 0.0658218 
1499 71 260 47 0.404255 0 0 0 0 0.0489538 
1500 68 259 44 0.454545 0 0 0 0 0.0802479 
1501 66 260 41 0.463415 0 0 0 0 0.0712458 
1502 65 260 37 0.540541 0 0 0 0 0.0742117 
1503 64 260 35 0.571429 0 0 0 0 0.096265 
1504 62 260 35 0.6 0 0 0 0 0.0744454 
1505 61 261 35 0.571429 0 0 0 0 0.0986264 
1506 59 260 35 0.628571 0 0 0 0 0.0816201 
1507 57 260 36 0.611111 0 0 0 0 0.0685077 
1508 56 260 35 0.628571 0 0 0 0 0.092169 
1509 56 260 34 0.647059 0 0 0 0 0.0829612 
1510 56 260 33 0.69697 0 0 0 0 0.0791697 
1511 57 260 31 0.774194 0 0 0 0 0.0832487 
1512 58 262 32 0.6875 0 0 0 0 0.0597371 
1513 60 262 33 0.666667 0 0 0 0 0.0902532 
1514 60 262 37 0.621622 0 0 0 0 0.0987004 
1515 61 262 41 0.585366 0 0 0 0 0.0695568 
1516 62 262 46 0.521739 0 0 0 0 0.0530349 
1517 64 262 51 0.490196 0 0 0 0 0.0423607 
1518 67 261 56 0.464286 0 0 0 0 0.0400891 
1519 70 264 63 0.380952 0 0 0 0 0.0455232 
1520 75 265 67 0.343284 0 0 0 0 0.0620767 
1521 81 266 71 0.309859 0 0 0 0 0.0714535 
1522 87 266 75 0.293333 0 0 0 0 0.088609 
1523 95 266 78 0.294872 0 0 0 0 0.0781329 
1524 104 266 81 0.283951 0 0 0 0 0.0916795 
1525 115 266 81 0.283951 0 0 0 0 0.0979605 
1526 126 268 81 0.259259 0 0 0 0 0.10523 
1527 137 269 82 0.243902 0 0 0 0 0.109781 
1528 147 267 81 0.271605 0 0 0 0 0.0991694 
1529 157 266 81 0.283951 0 0 0 0 0.0798279 
1530 167 266 80 0.2875 0 0 0 0 0.0972773 
1531 178 268 80 0.2625 0 0 0 0 0.0832469 
1532 188 268 79 0.265823 0 0 0 0 0.0839443 
1533 198 267 79 0.278481 0 0 0 0 0.0883049 
1534 209 266 78 0.294872 0 0 0 0 0.0765383 
1535 217 266 81 0.271605 0 0 0 0 0.0994141 
1536 229 266 81 0.283951 0 0 0 0 0.0793459 
1537 240 266 81 0.271605 0 0 0 0 0.0871009 
1538 253 266 80 0.275 0 0 0 0 0.12686 
1539 265 266 80 0.275 0 0 0 0 0.0991902 
1540 278 266 80 0.275 0 0 0 0 0.101883 
1541 291 266 78 0.269231 0 0 0 0 0.0718212 
1542 303 265 76 0.289474 0 0 0 0 0.0517866 
1543 315 264 75 0.306667 0 0 0 0 0.0786614 
1544 327 265 67 0.328358 0 0 0 0 0.0782116 
1545 337 265 57 0.368421 0 0 0 0 0.0829785 
1546 348 264 46 0.478261 0 0 0 0 0.0843601 
1547 359 264 35 0.628571 0 0 0 0 0.0955632 
1548 369 266 25 0.76 0 0 0 0 0.116676 
1549 379 268 15 1.13333 0 0 0 0 0.181613 
1550 440 271 11 1.09091 0 0 0 0 0.300094 
1551 439 268 19 0.789474 0 0 0 0 0.185236 
1552 439 265 27 0.666667 0 0 0 0 0.119539 
1553 438 264 36 0.527778 0 0 0 0 0.089789 
1554 438 264 43 0.44186 0 0 0 0 0.0991794 
1555 437 264 52 0.365385 0 0 0 0 0.0788389 
1556 438 264 59 0.322034 0 0 0 0 0.0782924 
1557 443 264 63 0.301587 0 0 0 0 0.0816156 
1558 452 265 62 0.274194 0 0 0 0 0.101173 
1559 461 266 63 0.253968 0 0 0 0 0.0786378 
1560 472 266 62 0.258065 0 0 0 0 0.0976943 
1561 482 266 61 0.278689 0 0 0 0 0.112053 
1562 490 266 61 0.278689 0 0 0 0 0.13733 
1563 496 266 63 0.269841 0 0 0 0 0.0864578 
1564 504 266 62 0.274194 0 0 0 0 0.100066 
1565 512 266 61 0.278689 0 0 0 0 0.0736202 
1566 518 266 62 0.274194 0 0 0 0 0.0823184 
1567 524 266 62 0.274194 0 0 0 0 0.0876389 
1568 531 266 61 0.278689 0 0 0 0 0.0902088 
1569 537 266 61 0.295082 0 0 0 0 0.0888882 
1570 544 265 61 0.311475 0 0 0 0 0.100921 
1571 552 266 59 0.305085 0 0 0 0 0.0860896 
1572 558 266 58 0.310345 0 0 0 0 0.0851154 
1573 565 264 54 0.388889 0 0 0 0 0.0919474 
1574 572 266 50 0.38 0 0 0 0 0.0745924 
1575 577 264 46 0.478261 0 0 0 0 0.0789251 
1576 582 263 41 0.560976 0 0 0 0 0.0780701 
1577 585 263 37 0.621622 0 0 0 0 0.099419 
1578 588 263 33 0.69697 0 0 0 0 0.114796 
1579 588 263 32 0.75 0 0 0 0 0.111535 
1580 588 263 31 0.774194 0 0 0 0 0.120418 
1581 586 264 32 0.75 0 0 0 0 0.155735 
1582 586 264 32 0.75 0 0 0 0 0.143379 
1583 586 265 33 0.69697 0 0 0 0 0.188759 
1584 585 264 33 0.757576 0 0 0 0 0.161988 
1585 584 264 34 0.735294 0 0 0 0 0.173527 
1586 583 264 35 0.714286 0 0 0 0 0.152715 
1587 582 265 36 0.694444 0 0 0 0 0.131253 
1588 580 265 38 0.657895 0 0 0 0 0.171708 
1589 579 265 39 0.666667 0 0 0 0 0.171204 
1590 577 265 41 0.658537 0 0 0 0 0.149029 
1591 575 265 42 0.642857 0 0 0 0 0.161974 
1592 572 265 44 0.613636 0 0 0 0 0.209569 
1593 568 265 46 0.608696 0 0 0 0 0.158961 
1594 563 266 49 0.571429 0 0 0 0 0.129719 
1595 558 266 51 0.588235 0 0 0 0 0.165983 
1596 551 266 55 0.545455 0 0 0 0 0.160011 
1597 543 265 60 0.516667 0 0 0 0 0.126124 
1598 537 265 62 0.516129 0 0 0 0 0.127672 
1599 528 265 66 0.5 0 0 0 0 0.132552 
1600 517 265 73 0.452055 0 0 0 0 0.121776 
1601 506 268 77 0.402597 0 0 0 0 0.0992011 
1602 494 269 82 0.378049 0 0 0 0 0.102455 
1603 481 272 88 0.318182 0 0 0 0 0.064276 
1604 468 271 92 0.326087 0 0 0 0 0.0809276 
1605 455 272 96 0.302083 0 0 0 0 0.0611888 
1606 441 270 100 0.31 0 0 0 0 0.0573091 
1607 426 270 104 0.307692 0 0 0 0 0.0780279 
1608 413 270 106 0.386792 0 0 0 0 0.12794 
1609 400 270 108 0.37963 0 0 0 0 0.144517 
1610 388 270 108 0.37963 0 0 0 0 0.127966 
1611 376 270 108 0.37963 0 0 0 0 0.153769 
1612 364 272 109 0.376147 0 0 0 0 0.120655 
1613 352 272 108 0.361111 0 0 0 0 0.10897 
1614 342 272 105 0.371429 0 0 0 0 0.0942708 
1615 330 270 106 0.377358 0 0 0 0 0.083969 
1616 320 270 103 0.378641 0 0 0 0 0.061831 
1617 312 269 99 0.363636 0 0 0 0 0.0686154 
1618 306 269 95 0.326316 0 0 0 0 0.0712127 
1619 301 269 90 0.344444 0 0 0 0 0.0850629 
1620 297 269 83 0.361446 0 0 0 0 0.0763123 
1621 296 268 74 0.405405 0 0 0 0 0.0854996 
1622 294 268 68 0.441176 0 0 0 0 0.0878628 
1623 294 267 61 0.491803 0 0 0 0 0.0726861 
1624 292 267 58 0.5 0 0 0 0 0.0743143 
1625 290 267 57 0.508772 0 0 0 0 0.0884028 
1626 288 267 56 0.5 0 0 0 0 0.0881773 
1627 286 267 55 0.509091 0 0 0 0 0.0930996 
1628 284 267 54 0.5 0 0 0 0 0.0933332 
1629 282 266 53 0.509434 0 0 0 0 0.103762 
1630 279 266 52 0.519231 0 0 0 0 0.077744 
1631 277 266 51 0.509804 0 0 0 0 0.093471 
1632 274 266 51 0.490196 0 0 0 0 0.0870403 
1633 273 265 49 0.530612 0 0 0 0 0.0920117 
1634 271 265 49 0.510204 0 0 0 0 0.0973788 
1635 268 265 49 0.510204 0 0 0 0 0.0920645 
1636 266 265 48 0.5 0 0 0 0 0.0903996 
1637 264 263 47 0.531915 0 0 0 0 0.124252 
1638 262 263 46 0.543478 0 0 0 0 0.129754 
1639 260 264 45 0.511111 0 0 0 0 0.116968 
1640 258 264 44 0.5 0 0 0 0 0.131933 
1641 256 264 44 0.5 0 0 0 0 0.127665 
1642 255 263 42 0.52381 0 0 0 0 0.109186 
1643 253 262 41 0.560976 0 0 0 0 0.111201 
1644 252 262 39 0.564103 0 0 0 0 0.122516 
1645 250 262 39 0.564103 0 0 0 0 0.113489 
1646 249 262 38 0.552632 0 0 0 0 0.104585 
1647 247 262 37 0.540541 0 0 0 0 0.105926 
1648 245 262 37 0.540541 0 0 0 0 0.0978103 
1649 244 262 36 0.555556 0 0 0 0 0.114912 
1650 242 262 36 0.527778 0 0 0 0 0.0863801 
1651 241 262 35 0.542857 0 0 0 0 0.146901 
1652 239 262 35 0.542857 0 0 0 0 0.107201 
1653 237 261 35 0.542857 0 0 0 0 0.12487 
1654 236 262 34 0.529412 0 0 0 0 0.134089 
1655 234 261 34 0.558824 0 0 0 0 0.113198 
1656 232 261 34 0.529412 0 0 0 0 0.135309 
1657 230 260 34 0.558824 0 0 0 0 0.141565 
1658 228 260 35 0.542857 0 0 0 0 0.130236 
1659 228 260 33 0.575758 0 0 0 0 0.155781 
1660 228 260 31 0.612903 0 0 0 0 0.116058 
1661 228 260 28 0.642857 0 0 0 0 0.155077 
1662 227 260 27 0.666667 0 0 0 0 0.120559 
1663 228 260 23 0.826087 0 0 0 0 0.129903 
1664 228 260 19 0.894737 0 0 0 0 0.130963 
1665 228 260 16 1 0 0 0 0 0.152185 
1666 228 260 12 1.33333 0 0 0 0 0.178063 
1667 228 262 9 1.55556 0 0 0 0 0.260599 
1668 228 264 6 1.83333 0 0 0 0 0.577311 
1669 228 264 6 1.83333 0 0 0 0 0.577311 
1670 228 264 6 1.83333 0 0 0 0 0.577311 
1671 228 264 6 1.83333 0 0 0 0 0.577311 
1672 228 264 6 1.83333 0 0 0 0 0.577311 
1673 228 264 6 1.83333 0 0 0 0 0.577311 
1674 228 264 6 1.83333 0 0 0 0 0.577311 
1675 228 264 6 1.83333 0 0 0 0 0.577311 
1676 171 264 6 1.33333 0 0 0 0 0.533954 
1677 167 262 10 1 0 0 0 0 0.320332 
1678 162 259 15 0.866667 0 0 0 0 0.228167 
1679 158 259 19 0.684211 0 0 0 0 0.1383 
1680 153 259 24 0.541667 0 0 0 0 0.161288 
1681 148 258 29 0.448276 0 0 0 0 0.152735 
1682 143 259 33 0.363636 0 0 0 0 0.166523 
1683 137 258 34 0.382353 0 0 0 0 0.1699 
1684 132 258 34 0.352941 0 0 0 0 0.192557 
1685 127 258 35 0.342857 0 0 0 0 0.175017 
1686 122 258 34 0.352941 0 0 0 0 0.163814 
1687 117 258 34 0.352941 0 0 0 0 0.168605 
1688 112 258 35 0.342857 0 0 0 0 0.210393 
1689 106 258 35 0.342857 0 0 0 0 0.175646 
1690 105 258 31 0.387097 0 0 0 0 0.193005 
1691 94 257 36 0.333333 0 0 0 0 0.186146 
1692 96 257 28 0.428571 0 0 0 0 0.226224 
1693 88 257 28 0.428571 0 0 0 0 0.221054 
1694 76 257 36 0.333333 0 0 0 0 0.184975 
1695 74 257 31 0.387097 0 0 0 0 0.184464 
1696 70 257 29 0.413793 0 0 0 0 0.187952 
1697 66 256 27 0.481481 0 0 0 0 0.181249 
1698 60 256 26 0.5 0 0 0 0 0.141059 
1699 54 256 29 0.448276 0 0 0 0 0.146352 
1700 42 257 24 0.458333 0 0 0 0 0.2191 
1701 36 258 25 0.4 0 0 0 0 0.20991 
1702 32 257 21 0.571429 0 0 0 0 0.187013 
1703 28 258 19 0.526316 0 0 0 0 0.285196 
1704 26 257 20 0.6 0 0 0 0 0.157017 
1705 9 257 34 0.352941 0 0 0 0 0.18644 
1706 17 257 19 0.631579 0 0 0 0 0.236378 
1707 0 257 31 0.387097 0 0 0 0 0.261964 
1708 0 257 28 0.428571 0 0 0 0 0.28181 
1709 0 258 22 0.5 0 0 0 0 0.242763 
1710 0 258 20 0.55 0 0 0 0 0.232385 
1711 0 258 15 0.733333 0 0 0 0 0.313764 
1712 0 259 12 0.833333 0 0 0 0 0.350237 
1713 0 260 8 1 0 0 0 0 0.542128 
1714 0 259 5 2 0 0 0 0 0.312184 
1715 0 262 2 3.5 0 0 0 0 0.79495 
1716 0 262 2 3.5 0 0 0 0 0.79495 
1717 0 262 2 3.5 0 0 0 0 0.79495 
1718 0 262 2 3.5 0 0 0 0 0.79495 
1719 0 262 2 3.5 0 0 0 0 0.79495 
1720 0 262 3 2.66667 0 0 0 0 0.609557 
1721 0 262 5 1.8 0 0 0 0 0.27014 
1722 0 262 8 1.125 0 0 0 0 0.198431 
1723 0 262 11 0.818182 0 0 0 0 0.160223 
1724 0 259 13 0.923077 0 0 0 0 0.168607 
1725 0 258 16 0.8125 0 0 0 0 0.130154 
1726 0 257 18 0.777778 0 0 0 0 0.15746 
1727 0 257 21 0.666667 0 0 0 0 0.169762 
1728 0 257 24 0.583333 0 0 0 0 0.204189 
1729 0 257 28 0.5 0 0 0 0 0.170083 
1730 0 258 33 0.424242 0 0 0 0 0.140676 
1731 0 258 38 0.368421 0 0 0 0 0.109577 
1732 0 258 42 0.309524 0 0 0 0 0.123546 
1733 5 258 43 0.325581 0 0 0 0 0.133087 
1734 10 259 43 0.302326 0 0 0 0 0.12215 
1735 16 260 43 0.27907 0 0 0 0 0.111835 
1736 22 258 43 0.325581 0 0 0 0 0.14036 
1737 28 258 43 0.325581 0 0 0 0 0.137493 
1738 34 259 44 0.295455 0 0 0 0 0.116581 
1739 40 258 44 0.318182 0 0 0 0 0.121776 
1740 46 258 44 0.318182 0 0 0 0 0.115235 
1741 54 258 42 0.333333 0 0 0 0 0.143863 
1742 60 258 42 0.333333 0 0 0 0 0.170732 
1743 67 258 39 0.384615 0 0 0 0 0.0867348 
1744 74 258 36 0.416667 0 0 0 0 0.110623 
1745 82 258 33 0.454545 0 0 0 0 0.0773987 
1746 88 258 30 0.5 0 0 0 0 0.107447 
1747 94 258 26 0.615385 0 0 0 0 0.12124 
1748 100 258 22 0.727273 0 0 0 0 0.181556 
1749 101 258 27 0.592593 0 0 0 0 0.146039 
1750 99 257 33 0.515152 0 0 0 0 0.104966 
1751 98 256 40 0.475 0 0 0 0 0.111764 
1752 96 257 46 0.391304 0 0 0 0 0.0949462 
1753 96 258 49 0.346939 0 0 0 0 0.0637588 
1754 96 258 50 0.34 0 0 0 0 0.0860116 
1755 95 260 51 0.294118 0 0 0 0 0.0826954 
1756 96 260 51 0.313725 0 0 0 0 0.10025 
1757 97 260 51 0.313725 0 0 0 0 0.0927605 
1758 99 260 47 0.340426 0 0 0 0 0.131051 
1759 101 260 44 0.363636 0 0 0 0 0.134583 
1760 102 260 42 0.380952 0 0 0 0 0.148205 
1761 104 260 37 0.432432 0 0 0 0 0.164527 
1762 105 261 33 0.484848 0 0 0 0 0.134255 
1763 105 261 31 0.516129 0 0 0 0 0.113306 
1764 105 261 29 0.551724 0 0 0 0 0.13007 
1765 106 260 25 0.64 0 0 0 0 0.15748 
1766 105 260 24 0.666667 0 0 0 0 0.184244 
1767 104 260 25 0.64 0 0 0 0 0.163321 
1768 104 260 25 0.64 0 0 0 0 0.129806 
1769 104 260 25 0.68 0 0 0 0 0.141553 
1770 104 260 25 0.64 0 0 0 0 0.162398 
1771 103 260 26 0.615385 0 0 0 0 0.149301 
1772 103 261 26 0.576923 0 0 0 0 0.174062 
1773 102 261 27 0.555556 0 0 0 0 0.190072 
1774 102 261 28 0.535714 0 0 0 0 0.159405 
1775 101 260 29 0.551724 0 0 0 0 0.123519 
1776 100 260 31 0.516129 0 0 0 0 0.118692 
1777 100 260 33 0.484848 0 0 0 0 0.164413 
1778 99 260 36 0.444444 0 0 0 0 0.126145 
1779 100 260 37 0.432432 0 0 0 0 0.134465 
1780 101 260 40 0.4 0 0 0 0 0.141373 
1781 103 260 40 0.375 0 0 0 0 0.151375 
1782 104 260 42 0.357143 0 0 0 0 0.129327 
1783 106 260 44 0.340909 0 0 0 0 0.145448 
1784 109 260 45 0.333333 0 0 0 0 0.144375 
1785 112 259 45 0.355556 0 0 0 0 0.0867301 
1786 115 259 47 0.340426 0 0 0 0 0.0964118 
1787 118 260 47 0.319149 0 0 0 0 0.0891762 
1788 122 259 47 0.340426 0 0 0 0 0.0692506 
1789 125 259 49 0.306122 0 0 0 0 0.097947 
1790 130 259 47 0.319149 0 0 0 0 0.116683 
1791 134 259 43 0.348837 0 0 0 0 0.103425 
1792 139 260 37 0.378378 0 0 0 0 0.128158 
1793 145 259 32 0.46875 0 0 0 0 0.155396 
1794 150 260 27 0.555556 0 0 0 0 0.0863079 
1795 155 260 22 0.636364 0 0 0 0 0.161302 
1796 160 260 17 0.882353 0 0 0 0 0.138476 
1797 166 260 11 1.27273 0 0 0 0 0.20616 
1798 172 260 5 2.6 0 0 0 0 0.18249 
1799 172 260 5 2.6 0 0 0 0 0.18249 
1800 228 268 4 1.25 0 0 0 0 0.421205 
1801 228 264 9 1.22222 0 0 0 0 0.268594 
1802 228 262 13 1 0 0 0 0 0.250183 
1803 228 260 17 0.941176 0 0 0 0 0.184108 
1804 228 260 20 0.8 0 0 0 0 0.199894 
1805 228 260 22 0.727273 0 0 0 0 0.214752 
1806 227 260 24 0.666667 0 0 0 0 0.210417 
1807 228 260 24 0.666667 0 0 0 0 0.224459 
1808 228 260 25 0.64 0 0 0 0 0.190838 
1809 228 260 26 0.653846 0 0 0 0 0.143482 
1810 228 260 26 0.653846 0 0 0 0 0.151039 
1811 228 260 27 0.62963 0 0 0 0 0.149397 
1812 227 260 29 0.62069 0 0 0 0 0.199307 
1813 229 260 27 0.666667 0 0 0 0 0.180601 
1814 229 260 27 0.703704 0 0 0 0 0.176039 
1815 230 260 27 0.666667 0 0 0 0 0.156863 
1816 230 260 27 0.666667 0 0 0 0 0.181338 
1817 230 260 28 0.678571 0 0 0 0 0.138791 
1818 231 260 27 0.703704 0 0 0 0 0.158231 
1819 231 261 27 0.666667 0 0 0 0 0.127996 
1820 232 260 27 0.703704 0 0 0 0 0.166975 
1821 233 260 27 0.703704 0 0 0 0 0.170244 
1822 234 261 28 0.678571 0 0 0 0 0.158698 
1823 235 260 30 0.666667 0 0 0 0 0.153071 
1824 235 261 32 0.59375 0 0 0 0 0.142953 
1825 236 262 35 0.514286 0 0 0 0 0.127557 
1826 236 262 37 0.486486 0 0 0 0 0.109243 
1827 237 262 39 0.487179 0 0 0 0 0.0977421 
1828 239 262 40 0.475 0 0 0 0 0.0942283 
1829 240 262 43 0.44186 0 0 0 0 0.109916 
1830 242 262 46 0.434783 0 0 0 0 0.0987239 
1831 245 262 47 0.425532 0 0 0 0 0.0800841 
1832 248 262 49 0.428571 0 0 0 0 0.0896361 
1833 252 262 49 0.44898 0 0 0 0 0.0974032 
1834 257 264 48 0.416667 0 0 0 0 0.0745792 
1835 261 264 46 0.456522 0 0 0 0 0.0894678 
1836 265 265 43 0.488372 0 0 0 0 0.107002 
1837 268 266 41 0.487805 0 0 0 0 0.12226 
1838 270 266 39 0.538462 0 0 0 0 0.141568 
1839 271 266 38 0.578947 0 0 0 0 0.174397 
1840 271 268 37 0.567568 0 0 0 0 0.134962 
1841 267 268 40 0.55 0 0 0 0 0.108539 
1842 264 268 42 0.547619 0 0 0 0 0.112637 
1843 258 268 48 0.5 0 0 0 0 0.110548 
1844 250 268 55 0.454545 0 0 0 0 0.0828118 
1845 242 268 62 0.419355 0 0 0 0 0.115479 
1846 231 269 69 0.362319 0 0 0 0 0.0842369 
1847 219 270 76 0.342105 0 0 0 0 0.073471 
1848 206 270 84 0.309524 0 0 0 0 0.0636128 
1849 192 270 90 0.311111 0 0 0 0 0.0377457 
1850 176 268 96 0.3125 0 0 0 0 0.0593523 
1851 161 268 100 0.3 0 0 0 0 0.0518566 
1852 145 269 103 0.291262 0 0 0 0 0.0619235 
1853 128 272 106 0.264151 0 0 0 0 0.0704049 
1854 110 272 107 0.261682 0 0 0 0 0.0901141 
1855 94 272 107 0.271028 0 0 0 0 0.0751323 
1856 79 272 106 0.273585 0 0 0 0 0.062157 
1857 63 271 107 0.28972 0 0 0 0 0.072709 
1858 49 269 107 0.308411 0 0 0 0 0.0780185 
1859 38 269 104 0.317308 0 0 0 0 0.0791639 
1860 27 269 102 0.333333 0 0 0 0 0.0953253 
1861 18 269 99 0.353535 0 0 0 0 0.100537 
1862 10 268 95 0.368421 0 0 0 0 0.114496 
1863 3 268 90 0.4 0 0 0 0 0.146997 
1864 0 268 81 0.444444 0 0 0 0 0.118593 
1865 0 268 70 0.514286 0 0 0 0 0.127372 
1866 0 267 59 0.627119 0 0 0 0 0.133288 
1867 0 267 47 0.702128 0 0 0 0 0.112876 
1868 0 267 37 0.891892 0 0 0 0 0.154064 
1869 0 267 37 0.864865 0 0 0 0 0.0829981 
1870 0 266 40 0.8 0 0 0 0 0.102435 
1871 0 266 44 0.704545 0 0 0 0 0.065765 
1872 0 266 49 0.673469 0 0 0 0 0.0720201 
1873 0 266 52 0.557692 0 0 0 0 0.0553192 
1874 0 268 55 0.490909 0 0 0 0 0.0770369 
1875 0 266 58 0.517241 0 0 0 0 0.0603137 
1876 0 268 59 0.525424 0 0 0 0 0.0918689 
1877 0 266 60 0.5 0 0 0 0 0.054871 
1878 0 264 61 0.491803 0 0 0 0 0.0659448 
1879 0 264 62 0.5 0 0 0 0 0.0740015 
1880 0 264 63 0.492063 0 0 0 0 0.0643891 
1881 0 265 64 0.46875 0 0 0 0 0.0593391 
1882 0 265 64 0.453125 0 0 0 0 0.0589378 
1883 0 265 65 0.446154 0 0 0 0 0.0491889 
1884 6 265 59 0.525424 0 0 0 0 0.0505342 
1885 13 265 51 0.588235 0 0 0 0 0.061409 
1886 19 265 45 0.711111 0 0 0 0 0.0491648 
1887 22 265 42 0.761905 0 0 0 0 0.0420484 
1888 21 265 46 0.717391 0 0 0 0 0.0448777 
1889 19 264 53 0.603774 0 0 0 0 0.042217 
1890 16 266 60 0.516667 0 0 0 0 0.0499799 
1891 13 267 66 0.439394 0 0 0 0 0.0493445 
1892 10 268 71 0.408451 0 0 0 0 0.0456369 
1893 7 269 77 0.38961 0 0 0 0 0.0441884 
1894 4 269 80 0.3375 0 0 0 0 0.0495734 
1895 2 268 83 0.337349 0 0 0 0 0.0424597 
1896 0 267 84 0.369048 0 0 0 0 0.042067 
1897 0 267 83 0.373494 0 0 0 0 0.0526938 
1898 0 266 82 0.390244 0 0 0 0 0.050817 
1899 0 268 79 0.392405 0 0 0 0 0.0648163 
1900 0 268 75 0.426667 0 0 0 0 0.0654821 
1901 0 269 71 0.422535 0 0 0 0 0.0599047 
1902 0 267 66 0.484848 0 0 0 0 0.0748015 
1903 0 267 61 0.540984 0 0 0 0 0.0774229 
1904 0 267 57 0.561404 0 0 0 0 0.065434 
1905 0 267 51 0.627451 0 0 0 0 0.06844 
1906 0 266 45 0.711111 0 0 0 0 0.0607368 
1907 0 266 39 0.820513 0 0 0 0 0.058778 
1908 0 268 32 0.90625 0 0 0 0 0.0762865 
1909 0 266 25 1.2 0 0 0 0 0.0872972 
1910 0 269 18 1.5 0 0 0 0 0.0692994 
1911 0 272 10 2.4 0 0 0 0 0.123715 
1912 0 275 3 6.66667 0 0 0 0 0.534631 
1913 0 275 3 6.66667 0 0 0 0 0.534631 
1914 0 278 2 2 0 0 0 0 0.687932 
1915 0 274 5 3.4 0 0 0 0 0.214374 
1916 0 272 8 2.375 0 0 0 0 0.113081 
1917 0 272 12 1.58333 0 0 0 0 0.131758 
1918 0 272 15 1.26667 0 0 0 0 0.0969192 
1919 0 272 17 1.11765 0 0 0 0 0.125072 
1920 0 273 20 0.9 0 0 0 0 0.0739645 
1921 0 272 21 0.952381 0 0 0 0 0.0987985 
1922 0 272 23 0.869565 0 0 0 0 0.0928988 
1923 0 272 24 0.833333 0 0 0 0 0.0881574 
1924 0 268 26 0.923077 0 0 0 0 0.117653 
1925 0 267 28 0.892857 0 0 0 0 0.112186 
1926 0 265 29 0.931034 0 0 0 0 0.119627 
1927 0 263 31 0.935484 0 0 0 0 0.0984586 
1928 0 264 32 0.875 0 0 0 0 0.105483 
1929 0 264 32 0.875 0 0 0 0 0.0943032 
1930 0 264 33 0.848485 0 0 0 0 0.0692191 
1931 0 264 33 0.848485 0 0 0 0 0.0782027 
1932 0 264 33 0.878788 0 0 0 0 0.0636072 
1933 0 263 35 0.857143 0 0 0 0 0.0622671 
1934 0 263 41 0.756098 0 0 0 0 0.0404406 
1935 0 265 45 0.622222 0 0 0 0 0.0358693 
1936 0 266 47 0.595745 0 0 0 0 0.0471632 
1937 0 266 47 0.595745 0 0 0 0 0.0703782 
1938 0 265 47 0.595745 0 0 0 0 0.0474665 
1939 0 265 47 0.617021 0 0 0 0 0.0491996 
1940 0 265 47 0.617021 0 0 0 0 0.0573188 
1941 0 266 47 0.595745 0 0 0 0 0.0557266 
1942 0 265 47 0.595745 0 0 0 0 0.0421919 
1943 0 265 47 0.617021 0 0 0 0 0.055633 
1944 0 265 47 0.617021 0 0 0 0 0.0581529 
1945 0 265 47 0.617021 0 0 0 0 0.0613974 
1946 0 266 48 0.583333 0 0 0 0 0.0673502 
1947 0 266 48 0.583333 0 0 0 0 0.0712053 
1948 0 266 48 0.583333 0 0 0 0 0.0752501 
1949 0 266 48 0.604167 0 0 0 0 0.0694902 
1950 0 266 49 0.591837 0 0 0 0 0.0555707 
1951 0 266 49 0.612245 0 0 0 0 0.0472388 
1952 0 267 49 0.591837 0 0 0 0 0.0615743 
1953 0 267 49 0.612245 0 0 0 0 0.0471063 
1954 0 267 49 0.632653 0 0 0 0 0.0372225 
1955 0 267 50 0.62 0 0 0 0 0.0523316 
1956 0 268 50 0.62 0 0 0 0 0.0485707 
1957 0 267 49 0.673469 0 0 0 0 0.051104 
1958 0 266 49 0.693878 0 0 0 0 0.0395993 
1959 0 266 49 0.714286 0 0 0 0 0.0405244 
1960 0 266 48 0.770833 0 0 0 0 0.0678367 
1961 0 266 47 0.808511 0 0 0 0 0.0637754 
1962 0 266 52 0.75 0 0 0 0 0.0726146 
1963 2 267 56 0.696429 0 0 0 0 0.104414 
1964 2 268 64 0.625 0 0 0 0 0.101459 
1965 4 268 73 0.547945 0 0 0 0 0.125469 
1966 6 268 82 0.512195 0 0 0 0 0.106536 
1967 9 269 93 0.44086 0 0 0 0 0.110086 
1968 13 271 104 0.394231 0 0 0 0 0.0941684 
1969 27 274 123 0.317073 0 0 0 0 0.0767738 
1970 38 273 131 0.312977 0 0 0 0 0.0815681 
1971 50 274 136 0.294118 0 0 0 0 0.0905929 
1972 67 275 138 0.289855 0 0 0 0 0.0948426 
1973 85 276 141 0.283688 0 0 0 0 0.0839457 
1974 105 278 143 0.265734 0 0 0 0 0.0765504 
1975 125 276 144 0.291667 0 0 0 0 0.0994646 
1976 148 278 143 0.27972 0 0 0 0 0.0850588 
1977 172 275 139 0.316547 0 0 0 0 0.069362 
1978 194 275 137 0.306569 0 0 0 0 0.0514204 
1979 216 274 133 0.323308 0 0 0 0 0.0502729 
1980 242 274 124 0.33871 0 0 0 0 0.0582053 
1981 265 274 115 0.356522 0 0 0 0 0.0560971 
1982 286 273 106 0.386792 0 0 0 0 0.0578215 
1983 308 273 94 0.414894 0 0 0 0 0.0667843 
1984 326 272 83 0.53012 0 0 0 0 0.0799327 
1985 343 271 71 0.633803 0 0 0 0 0.0836879 
1986 358 271 60 0.866667 0 0 0 0 0.124243 
1987 369 270 58 0.810345 0 0 0 0 0.12881 
1988 371 270 66 0.69697 0 0 0 0 0.128121 
1989 368 269 76 0.565789 0 0 0 0 0.108716 
1990 365 269 84 0.5 0 0 0 0 0.105956 
1991 362 268 89 0.483146 0 0 0 0 0.104585 
1992 359 268 92 0.456522 0 0 0 0 0.0904932 
1993 356 268 93 0.451613 0 0 0 0 0.090603 
1994 348 269 92 0.326087 0 0 0 0 0.0578336 
1995 340 267 84 0.345238 0 0 0 0 0.0628859 
1996 340 268 76 0.381579 0 0 0 0 0.0652996 
1997 342 267 65 0.430769 0 0 0 0 0.0781226 
1998 345 268 59 0.457627 0 0 0 0 0.0982121 
1999 346 269 53 0.45283 0 0 0 0 0.0897891 
2000 346 267 45 0.577778 0 0 0 0 0.105326 
2001 346 269 42 0.571429 0 0 0 0 0.100248 
2002 346 266 42 0.642857 0 0 0 0 0.0882987 
2003 344 265 44 0.636364 0 0 0 0 0.0831073 
2004 341 265 47 0.595745 0 0 0 0 0.0662167 
2005 339 265 49 0.571429 0 0 0 0 0.0657014 
2006 337 266 51 0.529412 0 0 0 0 0.0628226 
2007 336 266 52 0.519231 0 0 0 0 0.0726995 
2008 335 266 54 0.5 0 0 0 0 0.0735206 
2009 335 266 55 0.490909 0 0 0 0 0.0748039 
2010 335 266 56 0.482143 0 0 0 0 0.0698757 
2011 335 266 57 0.473684 0 0 0 0 0.0689328 
2012 336 266 58 0.482759 0 0 0 0 0.0662804 
2013 338 266 56 0.5 0 0 0 0 0.0670655 
2014 339 266 57 0.491228 0 0 0 0 0.085341 
2015 341 266 57 0.491228 0 0 0 0 0.0844408 
2016 343 266 57 0.54386 0 0 0 0 0.0714817 
2017 345 265 57 0.54386 0 0 0 0 0.0755996 
2018 347 266 58 0.517241 0 0 0 0 0.0918337 
2019 349 266 58 0.586207 0 0 0 0 0.0682981 
2020 350 267 60 0.566667 0 0 0 0 0.059392 
2021 351 267 63 0.587302 0 0 0 0 0.0772479 
2022 353 267 65 0.569231 0 0 0 0 0.0805425 
2023 354 268 69 0.521739 0 0 0 0 0.0684674 
2024 356 268 74 0.527027 0 0 0 0 0.0911054 
2025 358 269 78 0.5 0 0 0 0 0.0945994 
2026 360 269 84 0.47619 0 0 0 0 0.113146 
2027 364 269 89 0.460674 0 0 0 0 0.106607 
2028 368 270 95 0.421053 0 0 0 0 0.122016 
2029 375 271 99 0.393939 0 0 0 0 0.122991 
2030 383 271 103 0.38835 0 0 0 0 0.130872 
2031 393 273 108 0.351852 0 0 0 0 0.13713 
2032 403 274 113 0.327434 0 0 0 0 0.133369 
2033 416 274 117 0.316239 0 0 0 0 0.112615 
2034 432 274 118 0.288136 0 0 0 0 0.0991094 
2035 448 273 121 0.289256 0 0 0 0 0.102622 
2036 466 276 124 0.266129 0 0 0 0 0.126919 
