294 331 259 23 0.652174 0 0 0 0 0.0452741 
295 332 258 24 0.666667 0 0 0 0 0.112792 
296 332 257 26 0.692308 0 0 0 0 0.132111 
297 334 257 25 0.72 0 0 0 0 0.147552 
298 334 257 26 0.730769 0 0 0 0 0.161473 
299 336 258 26 0.730769 0 0 0 0 0.203125 
300 336 258 28 0.678571 0 0 0 0 0.133986 
301 338 258 27 0.740741 0 0 0 0 0.159782 
302 338 258 29 0.724138 0 0 0 0 0.168991 
303 340 259 29 0.689655 0 0 0 0 0.198688 
304 341 259 29 0.724138 0 0 0 0 0.154375 
305 342 260 30 0.7 0 0 0 0 0.154872 
306 343 261 31 0.677419 0 0 0 0 0.200623 
307 344 260 33 0.666667 0 0 0 0 0.166029 
308 345 260 34 0.676471 0 0 0 0 0.210544 
309 347 261 35 0.657143 0 0 0 0 0.192883 
310 348 261 37 0.648649 0 0 0 0 0.173061 
311 350 263 38 0.605263 0 0 0 0 0.178565 
312 352 262 38 0.657895 0 0 0 0 0.144336 
313 354 263 38 0.657895 0 0 0 0 0.132018 
314 354 263 39 0.692308 0 0 0 0 0.155943 
315 354 264 40 0.675 0 0 0 0 0.184501 
316 354 265 42 0.666667 0 0 0 0 0.161917 
317 355 265 43 0.697674 0 0 0 0 0.138169 
318 356 267 43 0.674419 0 0 0 0 0.132763 
319 354 267 47 0.659574 0 0 0 0 0.151557 
320 354 269 49 0.632653 0 0 0 0 0.160185 
321 354 268 51 0.666667 0 0 0 0 0.218156 
322 353 271 54 0.62963 0 0 0 0 0.196857 
323 354 271 55 0.672727 0 0 0 0 0.158415 
324 354 274 59 0.610169 0 0 0 0 0.133344 
325 353 275 64 0.609375 0 0 0 0 0.139499 
326 354 274 65 0.661538 0 0 0 0 0.139667 
327 353 275 70 0.657143 0 0 0 0 0.181072 
328 352 278 73 0.643836 0 0 0 0 0.16995 
329 350 277 79 0.708861 0 0 0 0 0.149877 
330 346 284 86 0.72093 0 0 0 0 0.170833 
331 338 280 94 0.712766 0 0 0 0 0.164674 
332 327 282 103 0.776699 0 0 0 0 0.21624 
333 312 285 118 0.70339 0 0 0 0 0.264557 
334 295 287 133 0.699248 0 0 0 0 0.227914 
335 248 295 171 0.725146 0 0 0 0 0.226791 
336 216 300 201 0.716418 0 0 0 0 0.252497 
337 174 306 236 0.737288 0 0 0 0 0.287247 
338 109 315 292 0.565068 0 0 0 0 0.302532 
339 47 325 342 0.453216 0 0 0 0 0.308224 
340 0 339 373 0.378016 0 0 0 0 0.338134 
341 0 369 348 0.318966 0 0 0 0 0.263395 
342 0 392 314 0.280255 0 0 0 0 0.187419 
