267 311 349 51 1.03922 0 0 0 0 0.0174375 
268 300 339 55 0.854545 0 0 0 0 0.0293119 
269 294 335 57 0.77193 0 0 0 0 0.0154869 
270 286 331 60 0.683333 0 0 0 0 0.0159803 
271 281 328 59 0.610169 0 0 0 0 0.0235145 
272 274 326 60 0.533333 0 0 0 0 0.043972 
273 267 323 60 0.466667 0 0 0 0 0.0839657 
274 253 313 59 0.59322 0 0 0 0 0.0419499 
275 246 309 59 0.661017 0 0 0 0 0.0318397 
276 240 306 58 0.724138 0 0 0 0 0.0398502 
277 234 302 48 1 0 0 0 0 0.0750534 
278 233 302 43 1.11628 0 0 0 0 0.0487546 
279 231 302 32 1.4375 0 0 0 0 0.0672212 
280 229 303 28 1.60714 0 0 0 0 0.104835 
281 228 304 24 1.79167 0 0 0 0 0.20909 
282 226 305 23 1.86957 0 0 0 0 0.174596 
283 227 307 20 2.05 0 0 0 0 0.192003 
284 228 308 16 2.3125 0 0 0 0 0.248327 
285 227 309 17 2.11765 0 0 0 0 0.281722 
286 227 308 17 2.17647 0 0 0 0 0.258299 
287 228 309 16 2.25 0 0 0 0 0.256974 
288 227 308 17 2.17647 0 0 0 0 0.255347 
289 227 308 17 2.17647 0 0 0 0 0.272169 
290 227 308 16 2.3125 0 0 0 0 0.292011 
291 226 306 18 2.22222 0 0 0 0 0.242649 
292 226 305 19 2.36842 0 0 0 0 0.211606 
293 225 302 21 2.2381 0 0 0 0 0.204088 
294 224 300 22 2.18182 0 0 0 0 0.169091 
295 223 298 24 2 0 0 0 0 0.166516 
296 223 295 24 2.04167 0 0 0 0 0.173982 
297 221 292 25 1.48 0 0 0 0 0.17611 
298 220 289 28 1.78571 0 0 0 0 0.13501 
299 219 283 29 1.68966 0 0 0 0 0.125938 
300 217 280 30 1.6 0 0 0 0 0.134233 
301 215 277 31 1.51613 0 0 0 0 0.164906 
302 214 273 32 1.4375 0 0 0 0 0.139141 
303 212 269 33 1.39394 0 0 0 0 0.107375 
304 207 266 37 1.21622 0 0 0 0 0.125753 
305 201 264 41 1.04878 0 0 0 0 0.0855358 
306 196 261 45 0.933333 0 0 0 0 0.0970051 
307 194 259 45 0.911111 0 0 0 0 0.0785127 
308 191 256 44 0.863636 0 0 0 0 0.058876 
309 190 255 44 0.840909 0 0 0 0 0.0632902 
310 188 254 44 0.840909 0 0 0 0 0.0614356 
311 188 252 42 0.904762 0 0 0 0 0.0689138 
312 187 252 43 0.837209 0 0 0 0 0.0545242 
313 187 251 42 0.880952 0 0 0 0 0.0526424 
314 187 250 42 0.904762 0 0 0 0 0.055662 
315 187 250 42 0.904762 0 0 0 0 0.0667841 
316 188 250 42 0.928571 0 0 0 0 0.05797 
317 188 250 43 0.930233 0 0 0 0 0.0682085 
318 189 250 45 0.933333 0 0 0 0 0.0557146 
319 191 250 45 0.955556 0 0 0 0 0.0522213 
320 194 252 46 0.913043 0 0 0 0 0.0638072 
321 197 252 46 0.934783 0 0 0 0 0.0472999 
322 200 253 46 0.956522 0 0 0 0 0.0541505 
323 206 256 48 0.895833 0 0 0 0 0.0653058 
324 209 258 49 0.877551 0 0 0 0 0.0594613 
325 213 260 50 0.84 0 0 0 0 0.0458549 
326 216 262 53 0.773585 0 0 0 0 0.0371246 
327 222 264 52 0.769231 0 0 0 0 0.0378857 
328 225 266 56 0.696429 0 0 0 0 0.0263991 
329 237 271 58 0.603448 0 0 0 0 0.0396697 
330 243 274 60 0.516667 0 0 0 0 0.0528461 
331 250 276 60 0.45 0 0 0 0 0.0838977 
332 258 277 60 0.433333 0 0 0 0 0.106616 
333 265 274 60 0.5 0 0 0 0 0.106309 
334 273 272 60 0.55 0 0 0 0 0.059377 
335 280 268 60 0.616667 0 0 0 0 0.0319915 
336 289 264 58 0.689655 0 0 0 0 0.0312896 
337 305 256 52 0.865385 0 0 0 0 0.0515421 
338 312 251 48 0.958333 0 0 0 0 0.0367344 
339 319 248 42 1.09524 0 0 0 0 0.0566686 
340 325 244 37 1.24324 0 0 0 0 0.0562095 
341 333 237 29 1.55172 0 0 0 0 0.125578 
342 333 234 32 1.40625 0 0 0 0 0.157681 
343 333 230 35 1.28571 0 0 0 0 0.147651 
344 332 226 39 1.12821 0 0 0 0 0.0778975 
345 331 224 41 1.02439 0 0 0 0 0.0618534 
346 329 216 44 0.931818 0 0 0 0 0.0484294 
347 328 212 45 0.911111 0 0 0 0 0.0448696 
348 326 208 46 0.891304 0 0 0 0 0.0459466 
349 326 206 43 0.906977 0 0 0 0 0.0683067 
350 325 202 42 0.952381 0 0 0 0 0.0552917 
351 320 193 38 1.05263 0 0 0 0 0.0549951 
352 318 189 38 1.05263 0 0 0 0 0.0633179 
353 318 182 32 1.21875 0 0 0 0 0.0680095 
354 318 177 30 1.3 0 0 0 0 0.0730797 
355 319 172 27 1.48148 0 0 0 0 0.090289 
356 319 168 26 1.5 0 0 0 0 0.0835052 
357 318 164 27 1.40741 0 0 0 0 0.10374 
358 320 155 29 1.27586 0 0 0 0 0.0641384 
359 320 151 32 1.125 0 0 0 0 0.0766335 
360 323 147 32 1.125 0 0 0 0 0.0916195 
361 324 143 34 1.05882 0 0 0 0 0.0728197 
362 327 140 35 0.971429 0 0 0 0 0.0899755 
363 329 136 37 0.918919 0 0 0 0 0.120327 
364 334 129 44 0.75 0 0 0 0 0.0630535 
365 338 126 45 0.711111 0 0 0 0 0.0535946 
366 342 124 47 0.638298 0 0 0 0 0.0783761 
367 347 122 48 0.583333 0 0 0 0 0.108057 
368 352 120 48 0.583333 0 0 0 0 0.080748 
369 356 120 49 0.510204 0 0 0 0 0.0723817 
370 366 120 50 0.44 0 0 0 0 0.0624066 
371 372 120 48 0.458333 0 0 0 0 0.07895 
372 375 121 50 0.4 0 0 0 0 0.0758281 
373 380 121 49 0.408163 0 0 0 0 0.0923477 
374 386 121 48 0.416667 0 0 0 0 0.105646 
375 389 121 50 0.4 0 0 0 0 0.129397 
376 394 121 49 0.408163 0 0 0 0 0.184506 
377 403 121 49 0.387755 0 0 0 0 0.17166 
378 408 120 44 0.454545 0 0 0 0 0.122669 
379 414 120 37 0.540541 0 0 0 0 0.157967 
380 420 120 31 0.645161 0 0 0 0 0.160555 
381 426 120 25 0.76 0 0 0 0 0.15988 
382 433 120 19 1 0 0 0 0 0.113887 
383 440 120 12 1.58333 0 0 0 0 0.156298 
384 492 128 10 1.8 0 0 0 0 0.220241 
385 492 128 15 1.4 0 0 0 0 0.16041 
386 492 129 20 1.15 0 0 0 0 0.123645 
387 492 130 25 1 0 0 0 0 0.151487 
388 492 128 30 1.03333 0 0 0 0 0.0976379 
389 492 128 35 1 0 0 0 0 0.0637954 
390 493 133 41 0.926829 0 0 0 0 0.0630594 
391 499 137 39 1 0 0 0 0 0.0621619 
392 506 140 35 1.14286 0 0 0 0 0.0550891 
393 510 144 34 1.20588 0 0 0 0 0.0583336 
394 517 148 29 1.44828 0 0 0 0 0.0790926 
395 521 152 27 1.55556 0 0 0 0 0.0922052 
396 526 160 26 1.65385 0 0 0 0 0.086529 
397 525 164 29 1.48276 0 0 0 0 0.0478996 
398 524 168 33 1.30303 0 0 0 0 0.0461061 
399 522 172 37 1.13514 0 0 0 0 0.0439323 
400 520 176 41 1 0 0 0 0 0.0389439 
401 514 185 47 0.765957 0 0 0 0 0.0500325 
402 510 190 50 0.64 0 0 0 0 0.0792422 
403 508 195 50 0.54 0 0 0 0 0.10219 
404 505 199 51 0.470588 0 0 0 0 0.143232 
405 503 199 51 0.54902 0 0 0 0 0.164777 
406 500 198 50 0.68 0 0 0 0 0.184821 
407 499 198 49 0.734694 0 0 0 0 0.179308 
408 498 197 47 0.829787 0 0 0 0 0.197087 
409 498 197 44 0.886364 0 0 0 0 0.164646 
410 497 196 41 0.97561 0 0 0 0 0.128885 
411 497 195 38 1.07895 0 0 0 0 0.127488 
412 496 195 35 1.2 0 0 0 0 0.122481 
413 496 193 30 1.36667 0 0 0 0 0.0989117 
414 496 193 28 1.46429 0 0 0 0 0.0955097 
415 496 193 28 1.42857 0 0 0 0 0.0945841 
416 496 193 28 1.42857 0 0 0 0 0.0967159 
417 496 193 27 1.48148 0 0 0 0 0.0994615 
418 496 193 28 1.42857 0 0 0 0 0.10019 
419 496 193 28 1.42857 0 0 0 0 0.0917161 
420 496 193 28 1.42857 0 0 0 0 0.0849597 
421 495 193 29 1.37931 0 0 0 0 0.0737953 
422 496 192 27 1.51852 0 0 0 0 0.106198 
423 495 192 28 1.42857 0 0 0 0 0.0897726 
424 495 190 28 1.42857 0 0 0 0 0.0836907 
425 496 188 26 1.57692 0 0 0 0 0.0951887 
426 496 188 26 1.53846 0 0 0 0 0.0908169 
427 496 186 26 1.53846 0 0 0 0 0.131436 
428 496 184 25 1.64 0 0 0 0 0.139216 
429 496 182 26 1.57692 0 0 0 0 0.112297 
430 496 180 27 1.51852 0 0 0 0 0.111157 
431 496 176 30 1.33333 0 0 0 0 0.0853147 
432 497 175 31 1.25806 0 0 0 0 0.0697566 
433 497 172 32 1.25 0 0 0 0 0.099833 
434 498 170 32 1.21875 0 0 0 0 0.0910383 
435 498 168 34 1.11765 0 0 0 0 0.07373 
436 499 166 33 1.15152 0 0 0 0 0.070182 
437 500 164 32 1.1875 0 0 0 0 0.0544796 
438 502 160 30 1.23333 0 0 0 0 0.0561814 
439 503 157 28 1.32143 0 0 0 0 0.0845147 
440 503 154 27 1.37037 0 0 0 0 0.0787483 
441 503 152 26 1.38462 0 0 0 0 0.0728079 
442 503 149 25 1.48 0 0 0 0 0.0682614 
443 503 146 25 1.48 0 0 0 0 0.0874577 
444 500 141 28 1.25 0 0 0 0 0.0439737 
445 498 138 30 1.16667 0 0 0 0 0.0714733 
446 495 135 32 1.09375 0 0 0 0 0.0687562 
447 492 132 34 1.02941 0 0 0 0 0.0551507 
448 492 130 32 1.0625 0 0 0 0 0.0715127 
449 492 126 28 1.17857 0 0 0 0 0.0884775 
450 492 124 26 1.26923 0 0 0 0 0.099185 
451 492 124 24 1.29167 0 0 0 0 0.107398 
452 492 124 21 1.38095 0 0 0 0 0.100222 
453 492 126 19 1.26316 0 0 0 0 0.16044 
454 492 126 15 1.46667 0 0 0 0 0.163652 
455 492 126 8 2 0 0 0 0 0.297756 
456 455 114 20 0.3 0 0 0 0 0.428747 
457 446 113 28 0.535714 0 0 0 0 0.298337 
458 440 112 35 0.457143 0 0 0 0 0.171849 
459 433 111 42 0.452381 0 0 0 0 0.129332 
460 421 111 47 0.404255 0 0 0 0 0.106158 
461 415 111 46 0.456522 0 0 0 0 0.0698126 
462 408 112 47 0.404255 0 0 0 0 0.108941 
463 401 111 48 0.416667 0 0 0 0 0.097708 
464 395 112 48 0.416667 0 0 0 0 0.135809 
465 387 112 48 0.458333 0 0 0 0 0.0973096 
466 376 112 47 0.553191 0 0 0 0 0.0577563 
467 371 114 47 0.595745 0 0 0 0 0.0784795 
468 363 117 46 0.673913 0 0 0 0 0.049765 
469 359 119 46 0.717391 0 0 0 0 0.053333 
470 356 121 44 0.772727 0 0 0 0 0.0467039 
471 352 124 44 0.795455 0 0 0 0 0.0539125 
472 349 127 41 0.878049 0 0 0 0 0.0525233 
473 346 130 39 0.974359 0 0 0 0 0.0590429 
474 344 133 37 1.08108 0 0 0 0 0.0439848 
475 342 137 35 1.17143 0 0 0 0 0.0612953 
476 337 146 32 1.3125 0 0 0 0 0.083751 
477 334 151 32 1.3125 0 0 0 0 0.0557311 
478 332 156 30 1.43333 0 0 0 0 0.0751587 
479 331 161 28 1.57143 0 0 0 0 0.0545812 
480 330 167 26 1.69231 0 0 0 0 0.0762659 
481 330 172 27 1.66667 0 0 0 0 0.067604 
482 329 177 29 1.55172 0 0 0 0 0.0612617 
483 329 183 29 1.55172 0 0 0 0 0.0638034 
484 329 194 31 1.54839 0 0 0 0 0.0676438 
485 330 200 31 1.54839 0 0 0 0 0.067861 
486 332 207 31 1.58065 0 0 0 0 0.0490612 
487 334 221 31 1.64516 0 0 0 0 0.0819322 
488 335 229 31 1.64516 0 0 0 0 0.110095 
489 336 236 31 1.67742 0 0 0 0 0.0521515 
490 337 244 31 1.70968 0 0 0 0 0.0469987 
491 338 259 32 1.6875 0 0 0 0 0.0584018 
492 339 267 32 1.71875 0 0 0 0 0.0724647 
493 340 274 32 1.75 0 0 0 0 0.100964 
494 342 281 33 1.69697 0 0 0 0 0.0770778 
495 343 288 35 1.65714 0 0 0 0 0.0606416 
496 344 296 38 1.52632 0 0 0 0 0.0540351 
497 348 312 46 1.26087 0 0 0 0 0.0707213 
498 352 319 48 1.1875 0 0 0 0 0.0617758 
499 356 326 52 1.09615 0 0 0 0 0.0639179 
500 361 333 53 1.0566 0 0 0 0 0.0572865 
501 366 339 56 0.982143 0 0 0 0 0.0526482 
502 372 344 56 0.982143 0 0 0 0 0.0569279 
503 379 350 58 0.896552 0 0 0 0 0.0690157 
504 390 358 60 0.833333 0 0 0 0 0.0930989 
505 402 365 64 0.703125 0 0 0 0 0.0993135 
506 409 368 65 0.661538 0 0 0 0 0.0778319 
507 423 373 66 0.560606 0 0 0 0 0.0923095 
508 431 375 67 0.507463 0 0 0 0 0.0914356 
509 438 376 66 0.484848 0 0 0 0 0.107417 
510 447 376 65 0.476923 0 0 0 0 0.102954 
511 454 375 66 0.469697 0 0 0 0 0.0861911 
512 462 373 64 0.515625 0 0 0 0 0.0803658 
513 477 366 63 0.619048 0 0 0 0 0.101336 
514 484 362 61 0.672131 0 0 0 0 0.120999 
515 491 356 60 0.75 0 0 0 0 0.143829 
516 499 351 57 0.842105 0 0 0 0 0.152194 
517 514 340 50 1.02 0 0 0 0 0.129832 
518 520 335 48 1.04167 0 0 0 0 0.159903 
519 525 329 45 1.13333 0 0 0 0 0.105504 
520 531 323 41 1.2439 0 0 0 0 0.117269 
521 533 319 42 1.21429 0 0 0 0 0.0924371 
522 535 314 41 1.2439 0 0 0 0 0.104912 
523 538 309 42 1.19048 0 0 0 0 0.104175 
524 541 304 41 1.19512 0 0 0 0 0.1035 
525 546 292 42 1.16667 0 0 0 0 0.10377 
526 550 287 42 1.14286 0 0 0 0 0.107646 
527 553 282 42 1.11905 0 0 0 0 0.110127 
528 556 276 42 1.11905 0 0 0 0 0.0956038 
529 560 271 42 1.07143 0 0 0 0 0.0863147 
530 564 265 41 1.14634 0 0 0 0 0.0803336 
531 567 261 40 1.125 0 0 0 0 0.0641957 
532 571 256 39 1.15385 0 0 0 0 0.0868809 
533 574 250 39 1.15385 0 0 0 0 0.0792062 
534 581 239 37 1.16216 0 0 0 0 0.132689 
535 584 233 34 1.29412 0 0 0 0 0.127594 
536 587 226 33 1.33333 0 0 0 0 0.0779493 
537 590 214 30 1.46667 0 0 0 0 0.0475282 
538 592 209 26 1.61538 0 0 0 0 0.0656808 
539 592 204 25 1.68 0 0 0 0 0.0771922 
540 591 199 25 1.64 0 0 0 0 0.0574196 
541 591 193 25 1.68 0 0 0 0 0.0819204 
542 590 188 26 1.57692 0 0 0 0 0.0532973 
543 589 183 26 1.53846 0 0 0 0 0.0485937 
544 588 177 26 1.53846 0 0 0 0 0.0856151 
545 583 167 29 1.31034 0 0 0 0 0.0590784 
546 580 161 30 1.3 0 0 0 0 0.0859166 
547 578 157 30 1.26667 0 0 0 0 0.106936 
548 576 153 30 1.23333 0 0 0 0 0.0848216 
549 574 149 30 1.2 0 0 0 0 0.110401 
550 559 132 37 0.918919 0 0 0 0 0.082302 
551 554 128 39 0.871795 0 0 0 0 0.0815594 
552 548 124 42 0.761905 0 0 0 0 0.127039 
553 543 122 43 0.697674 0 0 0 0 0.173054 
554 531 117 45 0.622222 0 0 0 0 0.0933919 
555 521 114 45 0.555556 0 0 0 0 0.0962747 
556 516 112 45 0.577778 0 0 0 0 0.0816605 
557 511 112 45 0.533333 0 0 0 0 0.0814765 
558 506 112 46 0.5 0 0 0 0 0.080306 
559 501 112 47 0.489362 0 0 0 0 0.0888339 
560 491 111 46 0.478261 0 0 0 0 0.0975319 
561 485 110 47 0.468085 0 0 0 0 0.0965807 
562 478 108 47 0.489362 0 0 0 0 0.112948 
563 472 108 47 0.468085 0 0 0 0 0.132722 
564 466 107 46 0.478261 0 0 0 0 0.145911 
565 458 106 47 0.446809 0 0 0 0 0.161893 
566 450 105 47 0.425532 0 0 0 0 0.14033 
567 443 104 47 0.361702 0 0 0 0 0.144455 
568 426 103 48 0.395833 0 0 0 0 0.0929494 
569 403 103 47 0.425532 0 0 0 0 0.0947508 
570 395 104 46 0.434783 0 0 0 0 0.13284 
571 381 105 47 0.489362 0 0 0 0 0.075982 
572 374 106 46 0.543478 0 0 0 0 0.0871972 
573 367 106 47 0.617021 0 0 0 0 0.0630651 
574 363 108 44 0.704545 0 0 0 0 0.0337454 
575 357 109 43 0.790698 0 0 0 0 0.0378366 
576 353 112 40 0.875 0 0 0 0 0.0355126 
577 345 117 35 1.05714 0 0 0 0 0.0720029 
578 342 120 34 1.11765 0 0 0 0 0.0505018 
579 340 124 32 1.21875 0 0 0 0 0.0647848 
580 337 128 31 1.25806 0 0 0 0 0.0807532 
581 336 132 27 1.48148 0 0 0 0 0.0858516 
582 334 136 26 1.57692 0 0 0 0 0.0743663 
583 332 146 26 1.57692 0 0 0 0 0.0644995 
584 331 150 28 1.5 0 0 0 0 0.0830714 
585 330 154 31 1.35484 0 0 0 0 0.0636816 
586 329 158 33 1.30303 0 0 0 0 0.0378887 
587 330 162 34 1.26471 0 0 0 0 0.031596 
588 334 170 33 1.33333 0 0 0 0 0.0493803 
589 336 175 34 1.29412 0 0 0 0 0.032145 
590 338 179 34 1.32353 0 0 0 0 0.0283794 
591 339 184 35 1.31429 0 0 0 0 0.0492094 
592 347 206 39 1.23077 0 0 0 0 0.0286068 
593 351 212 38 1.26316 0 0 0 0 0.0555743 
594 355 224 40 1.25 0 0 0 0 0.0489603 
595 358 230 40 1.275 0 0 0 0 0.0517395 
596 362 237 40 1.3 0 0 0 0 0.0246601 
597 366 244 40 1.325 0 0 0 0 0.0316048 
598 368 252 41 1.31707 0 0 0 0 0.0433973 
599 372 260 41 1.34146 0 0 0 0 0.0524687 
600 377 268 41 1.36585 0 0 0 0 0.0572819 
601 384 285 45 1.24444 0 0 0 0 0.0450377 
602 388 293 48 1.16667 0 0 0 0 0.0332615 
603 394 300 49 1.14286 0 0 0 0 0.0341408 
604 399 308 52 1.05769 0 0 0 0 0.0429305 
605 405 315 55 1 0 0 0 0 0.0551732 
606 411 322 57 0.929825 0 0 0 0 0.0427377 
607 419 329 59 0.847458 0 0 0 0 0.0680598 
608 435 341 63 0.714286 0 0 0 0 0.0936412 
609 444 346 64 0.65625 0 0 0 0 0.168076 
610 452 350 65 0.615385 0 0 0 0 0.0657366 
611 461 353 66 0.575758 0 0 0 0 0.0722092 
612 479 357 65 0.523077 0 0 0 0 0.0901469 
613 488 358 63 0.507937 0 0 0 0 0.0765318 
614 496 359 64 0.453125 0 0 0 0 0.111131 
615 505 358 63 0.492063 0 0 0 0 0.148512 
616 515 355 62 0.532258 0 0 0 0 0.0865853 
617 524 352 61 0.57377 0 0 0 0 0.0737847 
618 532 349 61 0.606557 0 0 0 0 0.0863974 
619 541 345 60 0.633333 0 0 0 0 0.0692834 
620 551 341 58 0.672414 0 0 0 0 0.0775284 
621 566 331 54 0.777778 0 0 0 0 0.197092 
622 572 326 54 0.796296 0 0 0 0 0.130043 
623 577 321 52 0.846154 0 0 0 0 0.0968098 
624 582 315 50 0.92 0 0 0 0 0.0893001 
625 588 310 47 0.978723 0 0 0 0 0.0596975 
626 592 304 44 1.09091 0 0 0 0 0.0598702 
627 598 294 40 1.2 0 0 0 0 0.0499217 
628 601 289 37 1.32432 0 0 0 0 0.0429051 
629 603 285 34 1.41176 0 0 0 0 0.0376053 
630 605 281 32 1.5 0 0 0 0 0.0392996 
631 607 274 28 1.71429 0 0 0 0 0.0463915 
632 606 272 31 1.54839 0 0 0 0 0.0522062 
633 604 271 34 1.38235 0 0 0 0 0.0353059 
634 602 269 38 1.23684 0 0 0 0 0.0451771 
635 601 268 39 1.20513 0 0 0 0 0.0467465 
636 600 268 40 1.15 0 0 0 0 0.0467585 
637 601 268 39 1.15385 0 0 0 0 0.0447409 
638 601 268 39 1.15385 0 0 0 0 0.0422879 
639 602 270 38 1.13158 0 0 0 0 0.0396276 
640 604 272 36 1.13889 0 0 0 0 0.049107 
641 606 273 34 1.14706 0 0 0 0 0.0494409 
642 608 274 32 1.1875 0 0 0 0 0.0554283 
643 610 276 30 1.16667 0 0 0 0 0.0507468 
644 614 277 26 1.26923 0 0 0 0 0.0679138 
645 616 278 24 1.33333 0 0 0 0 0.154627 
646 617 279 23 1.34783 0 0 0 0 0.0981333 
647 618 280 22 1.36364 0 0 0 0 0.148936 
648 618 280 22 1.36364 0 0 0 0 0.158709 
649 618 280 22 1.36364 0 0 0 0 0.151977 
650 617 279 23 1.3913 0 0 0 0 0.111727 
651 616 279 24 1.375 0 0 0 0 0.10081 
652 614 278 26 1.30769 0 0 0 0 0.076284 
653 613 277 27 1.33333 0 0 0 0 0.0843713 
654 611 276 29 1.27586 0 0 0 0 0.0526097 
655 609 276 31 1.22581 0 0 0 0 0.0541601 
656 606 276 34 1.11765 0 0 0 0 0.0418107 
657 604 274 36 1.11111 0 0 0 0 0.0597487 
658 597 272 43 0.930233 0 0 0 0 0.0598803 
659 594 271 46 0.847826 0 0 0 0 0.0604533 
660 591 270 49 0.795918 0 0 0 0 0.0507459 
661 588 270 52 0.711538 0 0 0 0 0.0482961 
662 585 268 53 0.716981 0 0 0 0 0.0451127 
663 576 267 54 0.648148 0 0 0 0 0.0478684 
664 572 267 54 0.611111 0 0 0 0 0.0779906 
665 567 266 54 0.611111 0 0 0 0 0.0498606 
666 563 266 54 0.592593 0 0 0 0 0.0579823 
667 558 266 54 0.555556 0 0 0 0 0.0649942 
668 553 266 54 0.555556 0 0 0 0 0.0674522 
669 548 266 55 0.527273 0 0 0 0 0.0596565 
670 538 267 55 0.472727 0 0 0 0 0.0819898 
671 532 268 56 0.446429 0 0 0 0 0.0860067 
672 527 268 56 0.464286 0 0 0 0 0.0843331 
673 521 269 56 0.482143 0 0 0 0 0.058903 
674 516 269 56 0.517857 0 0 0 0 0.0533599 
675 505 270 56 0.535714 0 0 0 0 0.0670819 
676 500 271 57 0.526316 0 0 0 0 0.0653804 
677 494 272 57 0.526316 0 0 0 0 0.0692351 
678 489 272 57 0.54386 0 0 0 0 0.0496196 
679 483 273 58 0.517241 0 0 0 0 0.0487203 
680 477 274 58 0.517241 0 0 0 0 0.0490493 
681 463 274 59 0.576271 0 0 0 0 0.05159 
682 456 275 59 0.576271 0 0 0 0 0.0404044 
683 449 276 58 0.586207 0 0 0 0 0.0493271 
684 439 277 59 0.576271 0 0 0 0 0.047824 
685 432 278 59 0.542373 0 0 0 0 0.0574689 
686 415 280 60 0.466667 0 0 0 0 0.0662413 
687 407 280 60 0.45 0 0 0 0 0.0731761 
688 399 281 61 0.42623 0 0 0 0 0.0841893 
689 390 281 60 0.45 0 0 0 0 0.118738 
690 381 280 60 0.45 0 0 0 0 0.111287 
691 371 278 61 0.47541 0 0 0 0 0.0622633 
692 362 275 60 0.516667 0 0 0 0 0.0399314 
693 342 271 60 0.533333 0 0 0 0 0.0268123 
694 332 269 60 0.516667 0 0 0 0 0.0309487 
695 323 265 58 0.568966 0 0 0 0 0.0398924 
696 313 261 58 0.586207 0 0 0 0 0.026345 
697 307 257 55 0.636364 0 0 0 0 0.0289194 
698 298 251 54 0.685185 0 0 0 0 0.0409158 
699 292 245 51 0.764706 0 0 0 0 0.0402551 
700 286 239 48 0.833333 0 0 0 0 0.0415675 
701 275 227 45 0.911111 0 0 0 0 0.0480021 
702 272 221 42 0.97619 0 0 0 0 0.0244375 
703 269 215 40 1.025 0 0 0 0 0.0281114 
704 267 210 38 1.05263 0 0 0 0 0.0256787 
705 267 204 35 1.17143 0 0 0 0 0.0347876 
706 266 193 30 1.33333 0 0 0 0 0.0470237 
707 267 188 28 1.42857 0 0 0 0 0.0563883 
708 268 183 26 1.53846 0 0 0 0 0.0667608 
709 269 178 24 1.625 0 0 0 0 0.0867579 
710 269 174 26 1.5 0 0 0 0 0.0498922 
711 269 170 29 1.31034 0 0 0 0 0.0580257 
712 272 163 32 1.15625 0 0 0 0 0.0521785 
713 273 160 35 1.05714 0 0 0 0 0.0517711 
714 275 158 36 1 0 0 0 0 0.0526568 
715 276 155 38 0.947368 0 0 0 0 0.0310726 
716 279 152 39 0.923077 0 0 0 0 0.0364816 
717 280 150 41 0.853659 0 0 0 0 0.0253683 
718 283 147 42 0.809524 0 0 0 0 0.0339247 
719 286 145 44 0.772727 0 0 0 0 0.0353219 
720 294 141 47 0.659574 0 0 0 0 0.0296593 
721 298 139 48 0.625 0 0 0 0 0.0443513 
722 302 138 50 0.56 0 0 0 0 0.0388903 
723 308 137 50 0.52 0 0 0 0 0.0648771 
724 313 136 51 0.490196 0 0 0 0 0.0591552 
725 318 136 51 0.45098 0 0 0 0 0.0695689 
726 329 134 51 0.45098 0 0 0 0 0.0856716 
727 345 131 51 0.470588 0 0 0 0 0.110836 
728 363 128 51 0.45098 0 0 0 0 0.0486032 
729 371 127 50 0.46 0 0 0 0 0.0573768 
730 378 126 50 0.46 0 0 0 0 0.0492859 
731 392 123 50 0.48 0 0 0 0 0.121483 
732 400 122 51 0.470588 0 0 0 0 0.0916647 
733 408 121 44 0.522727 0 0 0 0 0.106066 
734 416 121 35 0.6 0 0 0 0 0.137377 
735 424 121 27 0.740741 0 0 0 0 0.150794 
736 433 121 19 1 0 0 0 0 0.145121 
737 492 123 9 1.77778 0 0 0 0 0.328038 
738 492 121 19 1 0 0 0 0 0.137677 
739 492 121 27 0.740741 0 0 0 0 0.110826 
740 492 121 36 0.611111 0 0 0 0 0.126729 
741 492 121 46 0.521739 0 0 0 0 0.0935028 
742 497 122 50 0.5 0 0 0 0 0.126982 
743 515 126 49 0.55102 0 0 0 0 0.0821126 
744 524 128 48 0.583333 0 0 0 0 0.107396 
745 531 130 49 0.591837 0 0 0 0 0.108438 
746 539 132 48 0.645833 0 0 0 0 0.095127 
747 547 135 47 0.680851 0 0 0 0 0.0663959 
748 559 141 46 0.73913 0 0 0 0 0.101036 
749 565 144 45 0.8 0 0 0 0 0.113643 
750 570 148 45 0.8 0 0 0 0 0.100399 
751 575 151 44 0.863636 0 0 0 0 0.0748826 
752 580 154 43 0.906977 0 0 0 0 0.0826652 
753 584 158 42 0.952381 0 0 0 0 0.0703582 
754 592 166 39 1.07692 0 0 0 0 0.0815505 
755 594 170 39 1.12821 0 0 0 0 0.0826208 
756 599 175 36 1.22222 0 0 0 0 0.0647161 
757 602 180 34 1.29412 0 0 0 0 0.0724289 
758 604 185 34 1.32353 0 0 0 0 0.0802258 
759 607 190 33 1.36364 0 0 0 0 0.0941032 
760 609 195 31 1.51613 0 0 0 0 0.0842314 
761 612 201 28 1.67857 0 0 0 0 0.0528421 
762 618 213 22 2.22727 0 0 0 0 0.0762384 
763 620 220 20 2.45 0 0 0 0 0.108874 
764 623 227 17 2.94118 0 0 0 0 0.118184 
765 620 233 20 2.5 0 0 0 0 0.151875 
766 617 240 23 2.13043 0 0 0 0 0.115331 
767 614 245 26 1.92308 0 0 0 0 0.0958697 
768 609 251 31 1.58065 0 0 0 0 0.0847105 
769 600 260 40 1.2 0 0 0 0 0.0923996 
770 589 268 45 1.02222 0 0 0 0 0.104191 
771 583 273 48 0.9375 0 0 0 0 0.0839143 
772 577 277 50 0.9 0 0 0 0 0.0762101 
773 565 285 51 0.901961 0 0 0 0 0.156822 
774 558 290 52 0.884615 0 0 0 0 0.105239 
775 550 295 54 0.833333 0 0 0 0 0.0926579 
776 534 305 55 0.836364 0 0 0 0 0.109926 
777 524 310 56 0.857143 0 0 0 0 0.0822122 
778 516 316 56 0.839286 0 0 0 0 0.0920675 
779 506 321 58 0.862069 0 0 0 0 0.0860376 
780 496 328 58 0.827586 0 0 0 0 0.0848162 
781 485 334 60 0.833333 0 0 0 0 0.0913835 
782 473 341 61 0.786885 0 0 0 0 0.10497 
783 461 347 63 0.746032 0 0 0 0 0.101008 
784 448 353 65 0.692308 0 0 0 0 0.112128 
785 422 364 67 0.58209 0 0 0 0 0.053891 
786 409 369 67 0.537313 0 0 0 0 0.0660756 
787 395 372 67 0.507463 0 0 0 0 0.0623469 
788 383 374 67 0.477612 0 0 0 0 0.0604616 
789 372 374 66 0.484848 0 0 0 0 0.0774001 
790 348 375 66 0.454545 0 0 0 0 0.0744725 
791 338 374 66 0.454545 0 0 0 0 0.0683477 
792 327 372 66 0.484848 0 0 0 0 0.0483737 
793 301 362 63 0.587302 0 0 0 0 0.0428691 
794 294 358 62 0.629032 0 0 0 0 0.0643586 
795 281 348 60 0.716667 0 0 0 0 0.0651253 
796 277 343 58 0.775862 0 0 0 0 0.0594355 
797 273 338 55 0.836364 0 0 0 0 0.0689036 
798 270 333 53 0.886792 0 0 0 0 0.0569779 
799 267 328 51 0.921569 0 0 0 0 0.0966056 
800 265 322 48 1.02083 0 0 0 0 0.0759526 
801 261 310 43 1.16279 0 0 0 0 0.0178792 
802 258 305 42 1.16667 0 0 0 0 0.0351737 
803 255 300 42 1.16667 0 0 0 0 0.0290962 
804 252 295 42 1.11905 0 0 0 0 0.0299953 
805 249 289 41 1.17073 0 0 0 0 0.0373949 
806 245 284 42 1.09524 0 0 0 0 0.0473498 
807 241 278 42 1.11905 0 0 0 0 0.0343233 
808 234 266 41 1.09756 0 0 0 0 0.0341198 
809 229 260 41 1.09756 0 0 0 0 0.0322495 
810 225 254 41 1.04878 0 0 0 0 0.0308646 
811 223 247 37 1.18919 0 0 0 0 0.0316149 
812 221 240 36 1.19444 0 0 0 0 0.0482272 
813 220 226 30 1.43333 0 0 0 0 0.0933661 
814 220 220 29 1.44828 0 0 0 0 0.0864547 
815 220 213 27 1.59259 0 0 0 0 0.124111 
816 220 207 27 1.55556 0 0 0 0 0.0987856 
817 222 202 26 1.57692 0 0 0 0 0.159223 
818 222 196 28 1.46429 0 0 0 0 0.100568 
819 223 192 30 1.3 0 0 0 0 0.0769284 
820 225 186 30 1.33333 0 0 0 0 0.0332327 
821 228 177 30 1.3 0 0 0 0 0.051681 
822 228 173 32 1.1875 0 0 0 0 0.0557275 
823 230 168 32 1.1875 0 0 0 0 0.0662414 
824 232 163 34 1.11765 0 0 0 0 0.0358937 
825 235 159 34 1.05882 0 0 0 0 0.0684989 
826 240 150 37 0.972973 0 0 0 0 0.096453 
827 243 146 38 0.947368 0 0 0 0 0.0761725 
828 246 143 39 0.871795 0 0 0 0 0.0595911 
829 250 138 40 0.875 0 0 0 0 0.0396547 
830 254 135 42 0.785714 0 0 0 0 0.0344086 
831 259 132 44 0.727273 0 0 0 0 0.0316526 
832 270 125 46 0.673913 0 0 0 0 0.0302569 
833 275 123 47 0.617021 0 0 0 0 0.0306671 
834 281 121 47 0.617021 0 0 0 0 0.0330002 
835 287 118 48 0.604167 0 0 0 0 0.0540008 
836 293 118 47 0.574468 0 0 0 0 0.0688604 
837 304 116 48 0.520833 0 0 0 0 0.0545495 
838 309 116 49 0.469388 0 0 0 0 0.0558739 
839 314 115 49 0.469388 0 0 0 0 0.0532908 
840 319 116 49 0.44898 0 0 0 0 0.0507122 
841 324 116 49 0.428571 0 0 0 0 0.0544996 
842 328 116 50 0.4 0 0 0 0 0.062823 
843 333 117 49 0.387755 0 0 0 0 0.0825073 
844 343 116 50 0.4 0 0 0 0 0.0720481 
845 350 116 48 0.4375 0 0 0 0 0.0594827 
846 356 116 49 0.428571 0 0 0 0 0.0700117 
847 363 116 49 0.44898 0 0 0 0 0.040121 
848 376 117 50 0.42 0 0 0 0 0.0894783 
849 383 118 51 0.411765 0 0 0 0 0.0723237 
850 391 118 51 0.411765 0 0 0 0 0.115735 
851 399 119 50 0.42 0 0 0 0 0.117555 
852 407 119 45 0.466667 0 0 0 0 0.116686 
853 416 120 35 0.571429 0 0 0 0 0.139687 
854 425 120 26 0.769231 0 0 0 0 0.153221 
855 435 120 16 1.25 0 0 0 0 0.214706 
856 492 126 13 1.38462 0 0 0 0 0.265758 
857 492 125 22 0.954545 0 0 0 0 0.128754 
858 492 126 31 0.709677 0 0 0 0 0.141456 
859 492 125 38 0.657895 0 0 0 0 0.133907 
860 492 126 46 0.586957 0 0 0 0 0.121654 
861 496 128 50 0.56 0 0 0 0 0.114696 
862 504 130 50 0.58 0 0 0 0 0.071418 
863 517 135 49 0.632653 0 0 0 0 0.0605146 
864 523 137 49 0.673469 0 0 0 0 0.0599895 
865 528 140 48 0.708333 0 0 0 0 0.0654622 
866 534 143 48 0.729167 0 0 0 0 0.0601384 
867 541 146 45 0.822222 0 0 0 0 0.0519125 
868 546 149 44 0.886364 0 0 0 0 0.0684125 
869 551 153 42 0.952381 0 0 0 0 0.107701 
870 562 162 35 1.22857 0 0 0 0 0.0531158 
871 567 167 31 1.41935 0 0 0 0 0.0517762 
872 572 172 28 1.57143 0 0 0 0 0.0975874 
873 574 178 27 1.59259 0 0 0 0 0.114022 
874 571 183 35 1.22857 0 0 0 0 0.08939 
875 569 188 40 1.05 0 0 0 0 0.0856927 
876 565 202 48 0.6875 0 0 0 0 0.0614807 
877 563 208 50 0.54 0 0 0 0 0.0655547 
878 562 212 51 0.529412 0 0 0 0 0.0918746 
879 561 213 50 0.64 0 0 0 0 0.0671196 
880 561 214 49 0.734694 0 0 0 0 0.0792283 
881 561 214 47 0.829787 0 0 0 0 0.055004 
882 561 214 47 0.893617 0 0 0 0 0.0825081 
883 562 217 44 0.954545 0 0 0 0 0.0413375 
884 562 218 44 0.954545 0 0 0 0 0.0543953 
885 562 218 44 0.954545 0 0 0 0 0.054732 
886 562 218 45 0.933333 0 0 0 0 0.0608316 
887 562 218 44 0.954545 0 0 0 0 0.0549029 
888 562 218 44 0.954545 0 0 0 0 0.0601827 
889 562 217 43 0.976744 0 0 0 0 0.0574099 
890 561 216 43 0.976744 0 0 0 0 0.0443578 
891 558 214 43 0.976744 0 0 0 0 0.0454646 
892 558 212 41 1.02439 0 0 0 0 0.0476287 
893 557 210 40 1.05 0 0 0 0 0.0487922 
894 557 205 35 1.2 0 0 0 0 0.047572 
895 556 202 33 1.27273 0 0 0 0 0.0561697 
896 555 200 31 1.32258 0 0 0 0 0.0616603 
897 555 197 28 1.46429 0 0 0 0 0.088896 
898 554 194 26 1.57692 0 0 0 0 0.133168 
899 553 191 25 1.6 0 0 0 0 0.0878268 
900 549 184 30 1.33333 0 0 0 0 0.0687231 
901 546 181 34 1.14706 0 0 0 0 0.0646916 
902 546 178 36 1.05556 0 0 0 0 0.0619868 
903 546 175 38 0.973684 0 0 0 0 0.0530144 
904 545 172 39 0.923077 0 0 0 0 0.0680278 
905 547 165 38 0.921053 0 0 0 0 0.107676 
906 548 161 38 0.921053 0 0 0 0 0.177139 
907 551 158 35 1 0 0 0 0 0.178847 
908 552 154 34 1.05882 0 0 0 0 0.1129 
909 555 148 31 1.16129 0 0 0 0 0.0757343 
910 555 145 29 1.24138 0 0 0 0 0.0867748 
911 557 143 27 1.2963 0 0 0 0 0.0685766 
912 557 140 25 1.4 0 0 0 0 0.0712411 
913 557 138 25 1.4 0 0 0 0 0.0665644 
914 557 136 24 1.45833 0 0 0 0 0.0772708 
915 557 134 23 1.47826 0 0 0 0 0.0801567 
916 557 132 23 1.47826 0 0 0 0 0.0817708 
917 555 130 25 1.32 0 0 0 0 0.0955577 
918 554 128 26 1.30769 0 0 0 0 0.0761338 
919 553 128 27 1.22222 0 0 0 0 0.0736663 
920 552 126 28 1.17857 0 0 0 0 0.0825276 
921 550 124 30 1.1 0 0 0 0 0.100898 
922 548 122 30 1.1 0 0 0 0 0.106466 
923 544 119 33 0.969697 0 0 0 0 0.0678523 
924 542 117 34 0.941176 0 0 0 0 0.074539 
925 538 114 38 0.868421 0 0 0 0 0.0822444 
926 535 113 39 0.794872 0 0 0 0 0.0663474 
927 531 111 41 0.756098 0 0 0 0 0.0785596 
928 529 109 41 0.731707 0 0 0 0 0.0642349 
929 524 107 42 0.714286 0 0 0 0 0.0628361 
930 520 106 44 0.636364 0 0 0 0 0.0755469 
931 511 104 45 0.555556 0 0 0 0 0.0804912 
932 505 102 47 0.531915 0 0 0 0 0.0915483 
933 502 102 45 0.533333 0 0 0 0 0.114979 
934 497 102 45 0.488889 0 0 0 0 0.113537 
935 492 102 46 0.456522 0 0 0 0 0.164251 
936 487 100 45 0.511111 0 0 0 0 0.158711 
937 476 100 46 0.456522 0 0 0 0 0.142116 
938 470 100 46 0.434783 0 0 0 0 0.130133 
939 464 99 46 0.434783 0 0 0 0 0.134761 
940 458 100 46 0.391304 0 0 0 0 0.151072 
941 451 99 46 0.434783 0 0 0 0 0.13848 
942 445 99 46 0.456522 0 0 0 0 0.14695 
943 433 100 46 0.521739 0 0 0 0 0.0543453 
944 428 101 46 0.565217 0 0 0 0 0.0503239 
945 424 102 45 0.622222 0 0 0 0 0.0685875 
946 419 104 45 0.622222 0 0 0 0 0.0633028 
947 415 105 45 0.688889 0 0 0 0 0.0726369 
948 412 108 44 0.704545 0 0 0 0 0.0749196 
949 408 110 44 0.727273 0 0 0 0 0.0830863 
950 404 112 43 0.767442 0 0 0 0 0.103967 
951 399 114 44 0.772727 0 0 0 0 0.114206 
952 389 120 45 0.755556 0 0 0 0 0.101069 
953 383 123 45 0.755556 0 0 0 0 0.0825642 
954 378 126 45 0.777778 0 0 0 0 0.0632949 
955 371 129 46 0.782609 0 0 0 0 0.067076 
956 359 138 45 0.822222 0 0 0 0 0.0880609 
957 353 142 45 0.844444 0 0 0 0 0.0964266 
958 348 147 44 0.886364 0 0 0 0 0.132734 
959 344 151 43 0.953488 0 0 0 0 0.162782 
960 340 156 42 0.952381 0 0 0 0 0.1021 
961 337 161 41 1.02439 0 0 0 0 0.0838229 
962 334 165 40 1.075 0 0 0 0 0.0893797 
963 330 175 36 1.27778 0 0 0 0 0.061389 
964 328 181 34 1.35294 0 0 0 0 0.0458273 
965 325 188 33 1.42424 0 0 0 0 0.0770486 
966 322 194 34 1.41176 0 0 0 0 0.0689026 
967 321 200 33 1.45455 0 0 0 0 0.0752529 
968 321 206 31 1.58065 0 0 0 0 0.0682876 
969 321 212 31 1.6129 0 0 0 0 0.0630242 
970 320 218 30 1.63333 0 0 0 0 0.059755 
971 318 224 31 1.6129 0 0 0 0 0.0651096 
972 315 237 31 1.67742 0 0 0 0 0.0654009 
973 313 244 32 1.625 0 0 0 0 0.068629 
974 311 250 33 1.60606 0 0 0 0 0.0560511 
975 310 257 32 1.65625 0 0 0 0 0.0553485 
976 311 263 31 1.70968 0 0 0 0 0.0682031 
977 311 269 30 1.8 0 0 0 0 0.0653814 
978 312 280 31 1.80645 0 0 0 0 0.0754992 
979 313 286 30 1.86667 0 0 0 0 0.0837007 
980 312 292 31 1.80645 0 0 0 0 0.0701019 
981 313 296 31 1.87097 0 0 0 0 0.0740429 
982 314 304 30 1.9 0 0 0 0 0.108666 
983 314 310 29 2 0 0 0 0 0.0979188 
984 314 317 30 1.96667 0 0 0 0 0.108263 
985 314 325 30 1.96667 0 0 0 0 0.112469 
986 314 340 35 1.77143 0 0 0 0 0.0415787 
987 315 349 38 1.60526 0 0 0 0 0.0293082 
988 316 357 43 1.44186 0 0 0 0 0.0400666 
989 318 366 48 1.27083 0 0 0 0 0.0549549 
990 321 375 53 1.13208 0 0 0 0 0.0588074 
991 329 392 59 0.949153 0 0 0 0 0.0567193 
992 334 398 62 0.870968 0 0 0 0 0.0544436 
993 339 404 64 0.828125 0 0 0 0 0.0508809 
994 346 411 64 0.78125 0 0 0 0 0.0677185 
995 353 415 65 0.753846 0 0 0 0 0.0572718 
996 360 418 65 0.738462 0 0 0 0 0.0613983 
997 365 421 68 0.691176 0 0 0 0 0.0578886 
998 372 424 68 0.661765 0 0 0 0 0.0631563 
999 380 427 67 0.626866 0 0 0 0 0.0561652 
1000 394 431 69 0.536232 0 0 0 0 0.048039 
1001 428 426 68 0.588235 0 0 0 0 0.0766958 
1002 436 422 66 0.651515 0 0 0 0 0.0769379 
1003 451 413 62 0.774194 0 0 0 0 0.0693373 
1004 456 407 61 0.836066 0 0 0 0 0.0745852 
1005 464 402 57 0.912281 0 0 0 0 0.0646513 
1006 468 396 56 0.964286 0 0 0 0 0.065825 
1007 474 390 53 1.03774 0 0 0 0 0.0716608 
1008 478 385 53 1.03774 0 0 0 0 0.0764065 
1009 484 380 52 1.03846 0 0 0 0 0.0770288 
1010 488 374 52 1.03846 0 0 0 0 0.0870841 
1011 498 363 50 1.06 0 0 0 0 0.0741687 
1012 505 356 47 1.14894 0 0 0 0 0.0659958 
1013 507 351 49 1.08163 0 0 0 0 0.0591251 
1014 511 346 49 1.06122 0 0 0 0 0.0817858 
1015 516 341 48 1.08333 0 0 0 0 0.0875048 
1016 519 336 49 1.02041 0 0 0 0 0.128693 
1017 525 330 46 1.1087 0 0 0 0 0.0973145 
1018 534 318 44 1.13636 0 0 0 0 0.0685797 
1019 539 312 44 1.11364 0 0 0 0 0.0772881 
1020 545 305 42 1.19048 0 0 0 0 0.0846302 
1021 548 298 44 1.11364 0 0 0 0 0.0886004 
1022 553 291 41 1.19512 0 0 0 0 0.0975654 
1023 558 283 40 1.225 0 0 0 0 0.102193 
1024 569 261 34 1.41176 0 0 0 0 0.0449163 
1025 572 255 32 1.46875 0 0 0 0 0.048595 
1026 572 248 31 1.48387 0 0 0 0 0.055908 
1027 573 241 29 1.58621 0 0 0 0 0.080974 
1028 574 235 27 1.66667 0 0 0 0 0.157695 
1029 574 223 26 1.69231 0 0 0 0 0.0996071 
1030 573 217 27 1.59259 0 0 0 0 0.0798495 
1031 573 212 27 1.59259 0 0 0 0 0.0701283 
1032 573 206 27 1.55556 0 0 0 0 0.0534584 
1033 574 201 26 1.61538 0 0 0 0 0.0555409 
1034 573 192 25 1.64 0 0 0 0 0.0696717 
1035 572 187 26 1.57692 0 0 0 0 0.0682691 
1036 571 183 27 1.48148 0 0 0 0 0.0564545 
1037 569 178 27 1.48148 0 0 0 0 0.0586648 
1038 567 174 29 1.31034 0 0 0 0 0.0522698 
1039 565 169 30 1.3 0 0 0 0 0.0645926 
1040 562 164 31 1.22581 0 0 0 0 0.081617 
1041 558 158 33 1.15152 0 0 0 0 0.217451 
1042 555 154 34 1.11765 0 0 0 0 0.145518 
1043 551 150 35 1.02857 0 0 0 0 0.0903742 
1044 541 140 39 0.923077 0 0 0 0 0.082471 
1045 536 136 40 0.875 0 0 0 0 0.070973 
1046 531 132 40 0.875 0 0 0 0 0.0654928 
1047 525 129 42 0.809524 0 0 0 0 0.0729814 
1048 520 126 42 0.785714 0 0 0 0 0.0704563 
1049 514 123 43 0.744186 0 0 0 0 0.0857963 
1050 508 121 44 0.681818 0 0 0 0 0.114218 
1051 501 118 45 0.666667 0 0 0 0 0.121647 
1052 494 117 48 0.583333 0 0 0 0 0.107252 
1053 487 116 43 0.55814 0 0 0 0 0.085766 
1054 480 115 43 0.55814 0 0 0 0 0.0939259 
1055 476 115 42 0.547619 0 0 0 0 0.105354 
1056 471 116 42 0.5 0 0 0 0 0.156137 
1057 468 116 39 0.512821 0 0 0 0 0.225344 
1058 479 116 20 0.95 0 0 0 0 0.363391 
1059 477 116 15 0.333333 0 0 0 0 0.624287 
1060 472 116 17 0.294118 0 0 0 0 0.543658 
1061 443 123 9 1.88889 0 0 0 0 0.299676 
1062 441 122 11 1.81818 0 0 0 0 0.207948 
1063 439 122 13 1.53846 0 0 0 0 0.271674 
1064 438 122 14 1.5 0 0 0 0 0.223974 
1065 437 123 15 1.33333 0 0 0 0 0.198498 
1066 437 123 15 1.33333 0 0 0 0 0.242848 
1067 437 123 15 1.4 0 0 0 0 0.184247 
1068 437 123 15 1.4 0 0 0 0 0.202607 
1069 437 123 15 1.33333 0 0 0 0 0.204372 
1070 439 122 13 1.61538 0 0 0 0 0.166771 
1071 440 123 12 1.58333 0 0 0 0 0.175575 
1072 441 123 11 1.72727 0 0 0 0 0.201909 
1073 441 124 11 1.63636 0 0 0 0 0.226981 
1074 463 112 21 0.428571 0 0 0 0 0.329467 
1075 463 112 21 0.428571 0 0 0 0 0.337549 
1076 463 112 21 0.428571 0 0 0 0 0.341906 
1077 463 112 21 0.428571 0 0 0 0 0.337604 
1078 463 112 21 0.428571 0 0 0 0 0.340866 
1079 463 112 21 0.428571 0 0 0 0 0.322289 
1080 463 112 21 0.428571 0 0 0 0 0.320294 
1081 463 112 21 0.428571 0 0 0 0 0.348336 
1082 463 112 21 0.428571 0 0 0 0 0.37692 
1083 464 112 21 0.428571 0 0 0 0 0.307826 
1084 464 112 21 0.428571 0 0 0 0 0.336064 
1085 464 112 22 0.409091 0 0 0 0 0.356926 
1086 467 113 21 0.380952 0 0 0 0 0.332073 
1087 468 112 21 0.428571 0 0 0 0 0.345052 
1088 470 112 20 0.45 0 0 0 0 0.381385 
1089 471 113 21 0.380952 0 0 0 0 0.394871 
1090 473 113 23 0.695652 0 0 0 0 0.377086 
1091 475 113 23 0.73913 0 0 0 0 0.286725 
1092 480 113 23 0.826087 0 0 0 0 0.193744 
1093 478 113 28 0.714286 0 0 0 0 0.155888 
1094 480 113 29 0.724138 0 0 0 0 0.118586 
1095 483 113 29 0.758621 0 0 0 0 0.0872449 
1096 486 113 29 0.793103 0 0 0 0 0.0826038 
1097 489 112 30 0.833333 0 0 0 0 0.0789455 
1098 492 112 34 0.794118 0 0 0 0 0.0770969 
1099 492 112 38 0.736842 0 0 0 0 0.0687366 
1100 492 112 42 0.666667 0 0 0 0 0.0562501 
1101 493 112 45 0.622222 0 0 0 0 0.0679646 
1102 498 112 44 0.613636 0 0 0 0 0.0692069 
1103 503 112 44 0.613636 0 0 0 0 0.0503407 
1104 508 110 43 0.674419 0 0 0 0 0.0485605 
1105 512 109 44 0.659091 0 0 0 0 0.0550188 
1106 523 106 42 0.714286 0 0 0 0 0.0370716 
1107 528 105 41 0.731707 0 0 0 0 0.0560665 
1108 534 103 39 0.794872 0 0 0 0 0.0525122 
1109 540 101 37 0.837838 0 0 0 0 0.0683438 
1110 545 99 36 0.888889 0 0 0 0 0.0727384 
1111 550 97 35 0.914286 0 0 0 0 0.0778204 
1112 556 94 32 1 0 0 0 0 0.115578 
1113 560 92 30 1.06667 0 0 0 0 0.108813 
1114 567 86 27 1.22222 0 0 0 0 0.077784 
1115 569 83 27 1.22222 0 0 0 0 0.078318 
1116 570 81 26 1.19231 0 0 0 0 0.108482 
1117 572 78 25 1.28 0 0 0 0 0.0875792 
1118 573 76 25 1.24 0 0 0 0 0.0924483 
1119 574 73 26 1.19231 0 0 0 0 0.105541 
1120 576 71 24 1.29167 0 0 0 0 0.139342 
1121 576 69 25 1.24 0 0 0 0 0.119883 
1122 577 66 25 1.24 0 0 0 0 0.123928 
1123 578 66 24 1.25 0 0 0 0 0.187256 
1124 578 64 26 1.19231 0 0 0 0 0.125812 
1125 578 64 25 1.2 0 0 0 0 0.126765 
1126 579 64 24 1.25 0 0 0 0 0.125406 
1127 578 64 25 1.16 0 0 0 0 0.124726 
1128 578 64 26 1.11538 0 0 0 0 0.115825 
1129 578 64 26 1.11538 0 0 0 0 0.114632 
1130 578 64 26 1.15385 0 0 0 0 0.109442 
1131 578 64 25 1.2 0 0 0 0 0.101285 
1132 578 64 25 1.24 0 0 0 0 0.134928 
1133 578 65 26 1.19231 0 0 0 0 0.130411 
1134 578 66 24 1.25 0 0 0 0 0.1492 
1135 577 66 25 1.24 0 0 0 0 0.140057 
1136 578 67 24 1.29167 0 0 0 0 0.115324 
1137 577 68 25 1.2 0 0 0 0 0.123342 
1138 576 68 25 1.28 0 0 0 0 0.120423 
1139 576 69 25 1.28 0 0 0 0 0.144264 
1140 576 71 24 1.29167 0 0 0 0 0.128525 
1141 574 73 25 1.28 0 0 0 0 0.107873 
1142 574 74 25 1.28 0 0 0 0 0.0930342 
1143 574 76 25 1.28 0 0 0 0 0.0726422 
1144 573 77 24 1.33333 0 0 0 0 0.109825 
1145 572 79 25 1.28 0 0 0 0 0.0937419 
1146 572 81 25 1.28 0 0 0 0 0.0946821 
1147 571 82 25 1.32 0 0 0 0 0.0883757 
1148 570 86 25 1.32 0 0 0 0 0.104206 
1149 570 87 24 1.41667 0 0 0 0 0.0917154 
1150 569 89 25 1.36 0 0 0 0 0.121058 
1151 568 91 26 1.26923 0 0 0 0 0.0913548 
1152 568 93 25 1.32 0 0 0 0 0.117333 
1153 567 95 25 1.32 0 0 0 0 0.130506 
1154 566 96 26 1.34615 0 0 0 0 0.0861832 
1155 564 101 28 1.21429 0 0 0 0 0.0842736 
1156 563 103 27 1.2963 0 0 0 0 0.0764507 
1157 562 106 28 1.25 0 0 0 0 0.0649652 
1158 561 109 28 1.25 0 0 0 0 0.0707024 
1159 559 111 29 1.24138 0 0 0 0 0.0541694 
1160 557 114 31 1.16129 0 0 0 0 0.0589164 
1161 556 117 30 1.2 0 0 0 0 0.0672756 
1162 551 124 31 1.19355 0 0 0 0 0.083694 
1163 548 128 33 1.12121 0 0 0 0 0.0408683 
1164 545 132 35 1.05714 0 0 0 0 0.062864 
1165 542 136 34 1.11765 0 0 0 0 0.0676 
1166 539 140 35 1.08571 0 0 0 0 0.0674533 
1167 536 143 34 1.17647 0 0 0 0 0.0666381 
1168 532 148 36 1.08333 0 0 0 0 0.0690794 
1169 529 153 35 1.11429 0 0 0 0 0.0662024 
1170 520 162 38 1.10526 0 0 0 0 0.0564561 
1171 516 168 38 1.07895 0 0 0 0 0.066264 
1172 511 173 39 1.10256 0 0 0 0 0.0531309 
1173 506 179 40 1.1 0 0 0 0 0.0480464 
1174 500 186 41 1.04878 0 0 0 0 0.0839566 
1175 494 192 42 1.04762 0 0 0 0 0.0935478 
1176 488 198 42 1.09524 0 0 0 0 0.0386989 
1177 482 204 43 1.11628 0 0 0 0 0.0406906 
1178 476 212 43 1.11628 0 0 0 0 0.0401203 
1179 469 220 44 1.09091 0 0 0 0 0.0443768 
1180 462 228 44 1.11364 0 0 0 0 0.0883462 
1181 457 235 44 1.20455 0 0 0 0 0.0669029 
1182 451 244 44 1.20455 0 0 0 0 0.0532324 
1183 446 254 42 1.28571 0 0 0 0 0.038559 
1184 440 263 43 1.30233 0 0 0 0 0.0328914 
1185 433 273 44 1.29545 0 0 0 0 0.0413087 
1186 427 284 44 1.29545 0 0 0 0 0.0588077 
1187 420 295 45 1.28889 0 0 0 0 0.0657252 
1188 413 306 46 1.28261 0 0 0 0 0.0606855 
1189 405 317 48 1.25 0 0 0 0 0.0470333 
1190 398 328 48 1.29167 0 0 0 0 0.079901 
1191 390 340 49 1.26531 0 0 0 0 0.0675982 
1192 382 352 50 1.24 0 0 0 0 0.0493383 
1193 374 363 51 1.23529 0 0 0 0 0.06805 
1194 366 375 52 1.21154 0 0 0 0 0.0729955 
1195 360 385 51 1.2549 0 0 0 0 0.059696 
1196 343 407 53 1.22642 0 0 0 0 0.0484588 
1197 336 419 53 1.15094 0 0 0 0 0.0487802 
1198 329 429 53 0.962264 0 0 0 0 0.0550608 
1199 326 440 49 0.816327 0 0 0 0 0.0956632 
