272 268 348 34 1.61765 0 0 0 0 0.0228938 
273 269 341 35 1.57143 0 0 0 0 0.0186827 
274 271 335 33 1.63636 0 0 0 0 0.0254855 
275 273 323 33 1.57576 0 0 0 0 0.0447294 
276 275 316 32 1.65625 0 0 0 0 0.021038 
277 275 310 33 1.54545 0 0 0 0 0.0238604 
278 277 303 32 1.65625 0 0 0 0 0.0247897 
279 278 296 32 1.59375 0 0 0 0 0.0216568 
280 278 289 33 1.54545 0 0 0 0 0.0310231 
281 279 283 33 1.51515 0 0 0 0 0.0502229 
282 281 271 33 1.45455 0 0 0 0 0.0606059 
283 282 264 33 1.45455 0 0 0 0 0.0320761 
284 283 258 33 1.42424 0 0 0 0 0.0566906 
285 284 250 32 1.5 0 0 0 0 0.0413207 
286 286 244 31 1.51613 0 0 0 0 0.0593952 
287 288 236 30 1.53333 0 0 0 0 0.0416608 
288 288 230 31 1.45161 0 0 0 0 0.088965 
289 290 223 29 1.55172 0 0 0 0 0.0534709 
290 292 211 29 1.51724 0 0 0 0 0.0421842 
291 293 205 28 1.53571 0 0 0 0 0.0597369 
292 293 195 30 1.36667 0 0 0 0 0.0799786 
293 295 190 29 1.44828 0 0 0 0 0.114903 
294 295 185 30 1.36667 0 0 0 0 0.105479 
295 296 181 29 1.37931 0 0 0 0 0.0837543 
296 297 176 29 1.37931 0 0 0 0 0.0902744 
297 298 168 30 1.3 0 0 0 0 0.0612493 
298 299 165 31 1.22581 0 0 0 0 0.0641253 
299 299 162 34 1.11765 0 0 0 0 0.0672353 
300 303 158 33 1.15152 0 0 0 0 0.0940792 
301 304 155 36 1.02778 0 0 0 0 0.122466 
302 306 151 39 0.923077 0 0 0 0 0.0736475 
303 307 149 42 0.833333 0 0 0 0 0.0849145 
304 311 146 44 0.772727 0 0 0 0 0.075812 
305 318 140 45 0.755556 0 0 0 0 0.101218 
306 323 138 45 0.711111 0 0 0 0 0.0952509 
307 328 134 44 0.75 0 0 0 0 0.128237 
308 331 132 44 0.727273 0 0 0 0 0.0931724 
309 335 128 45 0.733333 0 0 0 0 0.0782083 
310 340 125 44 0.727273 0 0 0 0 0.0905174 
311 345 122 44 0.727273 0 0 0 0 0.0959311 
312 350 119 44 0.704545 0 0 0 0 0.141811 
313 360 113 44 0.681818 0 0 0 0 0.100092 
314 365 110 45 0.666667 0 0 0 0 0.0897454 
315 370 108 45 0.644444 0 0 0 0 0.105087 
316 376 106 44 0.636364 0 0 0 0 0.0837331 
317 381 104 45 0.622222 0 0 0 0 0.11191 
318 385 102 46 0.608696 0 0 0 0 0.108162 
319 395 98 45 0.6 0 0 0 0 0.102431 
320 400 96 44 0.613636 0 0 0 0 0.0987175 
321 405 95 43 0.604651 0 0 0 0 0.0908542 
322 423 93 47 0.425532 0 0 0 0 0.0722341 
323 448 93 45 0.6 0 0 0 0 0.190267 
324 452 93 45 0.644444 0 0 0 0 0.146683 
325 457 94 43 0.744186 0 0 0 0 0.121265 
326 462 95 41 0.804878 0 0 0 0 0.129356 
327 466 97 39 0.871795 0 0 0 0 0.136291 
328 473 101 35 1.05714 0 0 0 0 0.111263 
329 476 104 33 1.12121 0 0 0 0 0.0982991 
330 480 107 30 1.23333 0 0 0 0 0.102525 
331 483 110 28 1.35714 0 0 0 0 0.0654292 
332 488 113 24 1.625 0 0 0 0 0.0443387 
333 488 121 26 1.46154 0 0 0 0 0.0474893 
334 487 124 29 1.34483 0 0 0 0 0.157448 
335 486 127 30 1.3 0 0 0 0 0.0932164 
336 484 131 32 1.21875 0 0 0 0 0.0959624 
337 481 138 33 1.18182 0 0 0 0 0.0757536 
338 478 142 35 1.11429 0 0 0 0 0.105584 
339 475 145 36 1.11111 0 0 0 0 0.0817883 
340 472 149 37 1.10811 0 0 0 0 0.127483 
341 469 153 37 1.10811 0 0 0 0 0.0958091 
342 466 157 38 1.10526 0 0 0 0 0.0923306 
343 462 161 38 1.10526 0 0 0 0 0.0866279 
344 456 169 38 1.13158 0 0 0 0 0.0662326 
345 452 174 39 1.10256 0 0 0 0 0.0642757 
346 449 178 39 1.10256 0 0 0 0 0.0722065 
347 445 182 41 1.04878 0 0 0 0 0.0714908 
348 441 185 41 1.07317 0 0 0 0 0.0836655 
349 437 188 43 1.02326 0 0 0 0 0.086239 
350 427 195 47 0.893617 0 0 0 0 0.09652 
351 422 198 48 0.854167 0 0 0 0 0.0785744 
352 417 200 50 0.82 0 0 0 0 0.0858393 
353 410 204 52 0.730769 0 0 0 0 0.0885534 
354 404 207 53 0.679245 0 0 0 0 0.0923069 
355 391 211 55 0.6 0 0 0 0 0.0582154 
356 385 213 55 0.563636 0 0 0 0 0.0432225 
357 378 214 56 0.553571 0 0 0 0 0.0557499 
358 371 216 56 0.535714 0 0 0 0 0.0471543 
359 364 218 56 0.517857 0 0 0 0 0.0592615 
360 355 220 57 0.491228 0 0 0 0 0.0600536 
361 347 222 57 0.473684 0 0 0 0 0.0338018 
362 331 224 56 0.428571 0 0 0 0 0.0681225 
363 322 224 56 0.446429 0 0 0 0 0.0666056 
364 313 223 56 0.464286 0 0 0 0 0.0578186 
365 306 221 54 0.518519 0 0 0 0 0.051276 
366 298 218 54 0.555556 0 0 0 0 0.0453165 
367 291 216 53 0.566038 0 0 0 0 0.0642643 
368 285 213 53 0.584906 0 0 0 0 0.0652906 
369 280 210 52 0.615385 0 0 0 0 0.0798784 
370 275 207 51 0.647059 0 0 0 0 0.080463 
371 268 201 47 0.723404 0 0 0 0 0.0903402 
372 265 197 45 0.777778 0 0 0 0 0.0682088 
373 262 192 42 0.880952 0 0 0 0 0.0548404 
374 262 187 37 1.05405 0 0 0 0 0.0670046 
375 262 183 32 1.21875 0 0 0 0 0.0507373 
376 261 178 28 1.39286 0 0 0 0 0.0555508 
377 260 174 26 1.5 0 0 0 0 0.0662818 
378 259 170 29 1.31034 0 0 0 0 0.0466469 
379 258 167 33 1.12121 0 0 0 0 0.0954233 
380 257 161 40 0.925 0 0 0 0 0.0903089 
381 258 159 43 0.837209 0 0 0 0 0.0929459 
382 260 157 44 0.795455 0 0 0 0 0.0812975 
383 262 154 45 0.777778 0 0 0 0 0.0895895 
384 265 152 45 0.755556 0 0 0 0 0.0762637 
385 272 147 45 0.755556 0 0 0 0 0.104214 
386 275 145 45 0.755556 0 0 0 0 0.10575 
387 278 143 45 0.733333 0 0 0 0 0.108417 
388 284 138 47 0.680851 0 0 0 0 0.103694 
389 289 136 45 0.711111 0 0 0 0 0.102493 
390 293 133 45 0.711111 0 0 0 0 0.104422 
391 298 130 45 0.688889 0 0 0 0 0.110107 
392 301 127 46 0.673913 0 0 0 0 0.127461 
393 307 123 45 0.688889 0 0 0 0 0.154497 
394 312 120 44 0.727273 0 0 0 0 0.14928 
395 317 117 44 0.704545 0 0 0 0 0.121352 
396 326 111 44 0.681818 0 0 0 0 0.138074 
397 331 108 43 0.697674 0 0 0 0 0.116542 
398 335 106 44 0.681818 0 0 0 0 0.112484 
399 339 104 44 0.659091 0 0 0 0 0.0993618 
400 344 102 44 0.636364 0 0 0 0 0.12395 
401 348 101 45 0.6 0 0 0 0 0.113711 
402 352 99 46 0.565217 0 0 0 0 0.136609 
403 356 97 46 0.586957 0 0 0 0 0.16328 
404 362 95 45 0.577778 0 0 0 0 0.0943009 
405 366 94 45 0.577778 0 0 0 0 0.134834 
406 375 91 45 0.555556 0 0 0 0 0.114756 
407 380 90 46 0.521739 0 0 0 0 0.0939463 
408 385 88 46 0.521739 0 0 0 0 0.0965819 
409 390 88 46 0.5 0 0 0 0 0.0908639 
410 395 87 45 0.488889 0 0 0 0 0.0633812 
411 404 85 45 0.488889 0 0 0 0 0.0860552 
412 409 84 44 0.5 0 0 0 0 0.0950462 
413 413 83 45 0.488889 0 0 0 0 0.119926 
414 417 82 45 0.488889 0 0 0 0 0.0840783 
415 423 81 44 0.477273 0 0 0 0 0.127938 
416 427 81 46 0.434783 0 0 0 0 0.0960584 
417 433 80 45 0.444444 0 0 0 0 0.111069 
418 438 80 46 0.413043 0 0 0 0 0.128941 
419 449 79 46 0.413043 0 0 0 0 0.170967 
420 455 79 46 0.413043 0 0 0 0 0.128191 
421 461 79 46 0.391304 0 0 0 0 0.103621 
422 468 79 46 0.391304 0 0 0 0 0.139146 
423 474 79 46 0.391304 0 0 0 0 0.105173 
424 481 79 46 0.391304 0 0 0 0 0.0778677 
425 488 79 46 0.434783 0 0 0 0 0.116269 
426 501 80 46 0.478261 0 0 0 0 0.0980826 
427 508 81 45 0.511111 0 0 0 0 0.123602 
428 514 82 45 0.555556 0 0 0 0 0.141111 
429 519 84 45 0.555556 0 0 0 0 0.197344 
430 525 85 44 0.613636 0 0 0 0 0.146762 
431 529 87 44 0.636364 0 0 0 0 0.13265 
432 539 91 43 0.697674 0 0 0 0 0.226153 
433 544 93 43 0.72093 0 0 0 0 0.161442 
434 549 96 43 0.697674 0 0 0 0 0.123814 
435 553 98 43 0.72093 0 0 0 0 0.114848 
436 557 101 44 0.704545 0 0 0 0 0.138942 
437 566 105 43 0.744186 0 0 0 0 0.164149 
438 570 107 43 0.767442 0 0 0 0 0.152288 
439 574 110 43 0.790698 0 0 0 0 0.14439 
440 579 112 41 0.853659 0 0 0 0 0.126945 
441 583 116 40 0.875 0 0 0 0 0.134453 
442 587 119 40 0.9 0 0 0 0 0.138466 
443 592 122 37 1.02703 0 0 0 0 0.143527 
444 596 126 35 1.08571 0 0 0 0 0.129442 
445 600 130 32 1.21875 0 0 0 0 0.146289 
446 606 138 28 1.42857 0 0 0 0 0.116074 
447 607 142 27 1.48148 0 0 0 0 0.0924891 
448 608 146 26 1.53846 0 0 0 0 0.0919836 
449 609 153 23 1.73913 0 0 0 0 0.0702347 
450 606 157 26 1.57692 0 0 0 0 0.0760659 
451 602 161 30 1.36667 0 0 0 0 0.0970959 
452 600 164 32 1.3125 0 0 0 0 0.109911 
453 598 168 32 1.3125 0 0 0 0 0.0931975 
454 596 172 32 1.3125 0 0 0 0 0.0697386 
455 592 176 34 1.26471 0 0 0 0 0.102207 
456 588 181 36 1.16667 0 0 0 0 0.0918052 
457 584 186 38 1.05263 0 0 0 0 0.0833662 
458 571 195 45 0.844444 0 0 0 0 0.115562 
459 565 199 47 0.787234 0 0 0 0 0.100245 
460 560 203 48 0.75 0 0 0 0 0.0876175 
461 554 206 49 0.734694 0 0 0 0 0.0926218 
462 548 208 50 0.74 0 0 0 0 0.0800545 
463 537 213 49 0.77551 0 0 0 0 0.0799326 
464 530 216 50 0.78 0 0 0 0 0.107128 
465 524 220 50 0.78 0 0 0 0 0.0706653 
466 518 223 50 0.78 0 0 0 0 0.0745265 
467 512 226 50 0.78 0 0 0 0 0.0783261 
468 499 232 52 0.788462 0 0 0 0 0.0958513 
469 492 236 53 0.754717 0 0 0 0 0.0786797 
470 485 240 54 0.740741 0 0 0 0 0.0721113 
471 478 242 54 0.740741 0 0 0 0 0.0647105 
472 472 246 54 0.759259 0 0 0 0 0.0664656 
473 466 250 54 0.740741 0 0 0 0 0.0597693 
474 453 255 55 0.745455 0 0 0 0 0.0667304 
475 445 258 57 0.701754 0 0 0 0 0.0542064 
476 439 260 57 0.701754 0 0 0 0 0.0645352 
477 434 262 56 0.714286 0 0 0 0 0.0524971 
478 427 265 58 0.689655 0 0 0 0 0.0613506 
479 421 268 57 0.701754 0 0 0 0 0.0512011 
480 414 270 58 0.706897 0 0 0 0 0.0622077 
481 405 273 59 0.677966 0 0 0 0 0.0359504 
482 388 279 60 0.616667 0 0 0 0 0.105711 
483 379 282 61 0.590164 0 0 0 0 0.0487055 
484 371 284 60 0.6 0 0 0 0 0.0430339 
485 361 287 60 0.583333 0 0 0 0 0.0441886 
486 350 289 61 0.557377 0 0 0 0 0.0381172 
487 341 291 60 0.55 0 0 0 0 0.0374992 
488 330 293 61 0.491803 0 0 0 0 0.0387761 
489 311 294 60 0.45 0 0 0 0 0.0377727 
490 302 294 60 0.433333 0 0 0 0 0.0489406 
491 294 292 59 0.474576 0 0 0 0 0.0423479 
492 286 289 60 0.5 0 0 0 0 0.0335529 
493 278 286 58 0.551724 0 0 0 0 0.0541387 
494 270 283 58 0.568966 0 0 0 0 0.100986 
495 264 280 56 0.607143 0 0 0 0 0.0690093 
496 258 276 55 0.654545 0 0 0 0 0.0443309 
497 252 272 54 0.685185 0 0 0 0 0.0598523 
498 244 264 51 0.764706 0 0 0 0 0.0689824 
499 241 260 49 0.816327 0 0 0 0 0.0621571 
500 236 251 45 0.911111 0 0 0 0 0.0485694 
501 235 245 41 1.04878 0 0 0 0 0.0495815 
502 235 240 36 1.22222 0 0 0 0 0.0403918 
503 235 234 33 1.33333 0 0 0 0 0.0435614 
504 236 229 29 1.55172 0 0 0 0 0.0943042 
505 237 220 29 1.48276 0 0 0 0 0.0479323 
506 237 214 31 1.41935 0 0 0 0 0.0434766 
507 238 210 30 1.4 0 0 0 0 0.0485256 
508 238 206 31 1.35484 0 0 0 0 0.0521806 
509 239 201 31 1.35484 0 0 0 0 0.0439622 
510 240 197 30 1.36667 0 0 0 0 0.0323384 
511 243 188 29 1.41379 0 0 0 0 0.0414493 
512 244 183 28 1.42857 0 0 0 0 0.0439038 
513 245 179 28 1.39286 0 0 0 0 0.0235644 
514 246 174 28 1.39286 0 0 0 0 0.0368785 
515 249 165 27 1.40741 0 0 0 0 0.0325602 
516 249 160 28 1.35714 0 0 0 0 0.0446637 
517 249 155 31 1.19355 0 0 0 0 0.0769589 
518 251 151 31 1.16129 0 0 0 0 0.14466 
519 254 146 31 1.16129 0 0 0 0 0.0715795 
520 255 142 31 1.12903 0 0 0 0 0.0704275 
521 256 137 31 1.12903 0 0 0 0 0.0649471 
522 258 132 31 1.12903 0 0 0 0 0.0588281 
523 264 123 29 1.13793 0 0 0 0 0.0691101 
524 266 118 29 1.13793 0 0 0 0 0.0885508 
525 268 112 31 1.09677 0 0 0 0 0.0748169 
526 269 108 33 0.969697 0 0 0 0 0.0568417 
527 273 103 34 0.941176 0 0 0 0 0.0895141 
528 279 95 37 0.837838 0 0 0 0 0.0876415 
529 283 92 37 0.810811 0 0 0 0 0.0808701 
530 287 89 39 0.74359 0 0 0 0 0.103828 
531 291 86 41 0.707317 0 0 0 0 0.0948961 
532 295 84 42 0.666667 0 0 0 0 0.139136 
533 299 82 43 0.627907 0 0 0 0 0.0836097 
534 304 81 43 0.604651 0 0 0 0 0.0651218 
535 309 79 43 0.604651 0 0 0 0 0.0738249 
536 320 74 42 0.595238 0 0 0 0 0.0867805 
537 325 72 42 0.595238 0 0 0 0 0.0961064 
538 330 69 42 0.595238 0 0 0 0 0.12624 
539 335 67 42 0.595238 0 0 0 0 0.12791 
540 344 63 42 0.571429 0 0 0 0 0.198709 
541 349 61 41 0.609756 0 0 0 0 0.148848 
542 353 60 42 0.571429 0 0 0 0 0.151373 
543 358 58 41 0.585366 0 0 0 0 0.141758 
544 361 57 43 0.534884 0 0 0 0 0.158266 
545 366 56 42 0.547619 0 0 0 0 0.105754 
546 369 56 43 0.511628 0 0 0 0 0.110354 
547 373 56 43 0.465116 0 0 0 0 0.100217 
548 376 56 44 0.454545 0 0 0 0 0.0997952 
549 384 54 44 0.454545 0 0 0 0 0.117645 
550 390 54 43 0.44186 0 0 0 0 0.102821 
551 394 52 44 0.454545 0 0 0 0 0.174298 
552 400 52 42 0.452381 0 0 0 0 0.118213 
553 405 51 42 0.452381 0 0 0 0 0.105637 
554 410 50 42 0.47619 0 0 0 0 0.146445 
555 413 50 43 0.44186 0 0 0 0 0.112622 
556 422 50 42 0.428571 0 0 0 0 0.0979626 
557 427 50 42 0.404762 0 0 0 0 0.092763 
558 432 50 42 0.380952 0 0 0 0 0.116763 
559 436 50 42 0.380952 0 0 0 0 0.112512 
560 441 50 43 0.372093 0 0 0 0 0.124375 
561 445 50 43 0.372093 0 0 0 0 0.0927467 
562 450 50 42 0.380952 0 0 0 0 0.103851 
563 454 50 42 0.380952 0 0 0 0 0.0724784 
564 463 50 42 0.428571 0 0 0 0 0.122986 
565 468 50 42 0.428571 0 0 0 0 0.103281 
566 472 51 42 0.404762 0 0 0 0 0.079499 
567 478 51 42 0.428571 0 0 0 0 0.0954697 
568 482 51 42 0.428571 0 0 0 0 0.0947953 
569 486 52 42 0.428571 0 0 0 0 0.110687 
570 490 52 42 0.452381 0 0 0 0 0.104441 
571 494 52 42 0.47619 0 0 0 0 0.0995058 
572 504 54 42 0.47619 0 0 0 0 0.114561 
573 509 54 42 0.52381 0 0 0 0 0.104717 
574 515 55 41 0.536585 0 0 0 0 0.0972221 
575 518 56 43 0.534884 0 0 0 0 0.11556 
576 524 57 41 0.585366 0 0 0 0 0.0936526 
577 529 59 42 0.547619 0 0 0 0 0.11971 
578 539 61 43 0.581395 0 0 0 0 0.112245 
579 545 63 42 0.595238 0 0 0 0 0.131455 
580 556 67 42 0.619048 0 0 0 0 0.188932 
581 561 69 43 0.627907 0 0 0 0 0.279626 
582 567 71 42 0.642857 0 0 0 0 0.191362 
583 572 73 42 0.619048 0 0 0 0 0.138656 
584 577 75 42 0.642857 0 0 0 0 0.155462 
585 582 76 41 0.682927 0 0 0 0 0.147008 
586 590 80 41 0.707317 0 0 0 0 0.149941 
587 597 84 40 0.775 0 0 0 0 0.152076 
588 600 86 39 0.794872 0 0 0 0 0.139395 
589 603 88 37 0.864865 0 0 0 0 0.160939 
590 609 93 31 1.06452 0 0 0 0 0.137529 
591 612 96 28 1.21429 0 0 0 0 0.134425 
592 616 99 24 1.41667 0 0 0 0 0.121278 
593 619 102 21 1.66667 0 0 0 0 0.134475 
594 624 108 16 2.1875 0 0 0 0 0.144547 
595 625 111 15 2.4 0 0 0 0 0.186648 
596 627 114 13 2.76923 0 0 0 0 0.224652 
597 627 118 13 2.76923 0 0 0 0 0.246826 
598 629 125 11 3.36364 0 0 0 0 0.256566 
599 629 128 11 3.36364 0 0 0 0 0.306082 
600 630 132 10 3.6 0 0 0 0 0.261424 
601 630 135 10 3.7 0 0 0 0 0.303093 
602 631 138 9 4.22222 0 0 0 0 0.281577 
603 629 140 11 3.54545 0 0 0 0 0.256276 
604 627 144 13 2.92308 0 0 0 0 0.20513 
605 626 147 14 2.78571 0 0 0 0 0.240243 
606 625 150 15 2.6 0 0 0 0 0.214043 
607 622 154 18 2.11111 0 0 0 0 0.164353 
608 616 160 24 1.625 0 0 0 0 0.12034 
609 614 164 26 1.5 0 0 0 0 0.121544 
610 612 166 28 1.42857 0 0 0 0 0.135289 
611 610 170 30 1.3 0 0 0 0 0.100306 
612 608 172 32 1.28125 0 0 0 0 0.123265 
613 605 176 35 1.17143 0 0 0 0 0.117114 
614 599 184 37 1.13514 0 0 0 0 0.123429 
615 596 188 37 1.13514 0 0 0 0 0.120298 
616 593 192 37 1.13514 0 0 0 0 0.122789 
617 590 195 38 1.13158 0 0 0 0 0.113742 
618 586 199 39 1.07692 0 0 0 0 0.11051 
619 582 202 40 1.025 0 0 0 0 0.113663 
620 577 205 43 0.930233 0 0 0 0 0.104727 
621 570 208 47 0.829787 0 0 0 0 0.118647 
622 561 214 47 0.808511 0 0 0 0 0.118171 
623 556 216 48 0.791667 0 0 0 0 0.112864 
624 552 218 48 0.8125 0 0 0 0 0.113513 
625 548 220 48 0.8125 0 0 0 0 0.119587 
626 544 223 48 0.8125 0 0 0 0 0.131519 
627 539 225 49 0.816327 0 0 0 0 0.112751 
628 534 228 49 0.816327 0 0 0 0 0.127442 
629 529 230 50 0.82 0 0 0 0 0.146744 
630 520 236 50 0.84 0 0 0 0 0.151331 
631 515 239 50 0.84 0 0 0 0 0.137433 
632 511 242 49 0.836735 0 0 0 0 0.130225 
633 505 244 51 0.823529 0 0 0 0 0.123757 
634 499 247 53 0.773585 0 0 0 0 0.102844 
635 493 250 55 0.709091 0 0 0 0 0.0893756 
636 486 253 56 0.642857 0 0 0 0 0.0865739 
637 474 258 56 0.553571 0 0 0 0 0.0496011 
638 468 258 56 0.589286 0 0 0 0 0.0605511 
639 461 260 57 0.561404 0 0 0 0 0.06361 
640 455 261 57 0.561404 0 0 0 0 0.048525 
641 448 262 57 0.578947 0 0 0 0 0.0692281 
642 440 263 59 0.559322 0 0 0 0 0.0579337 
643 433 264 59 0.576271 0 0 0 0 0.0609805 
644 427 266 58 0.586207 0 0 0 0 0.0697645 
645 414 268 59 0.576271 0 0 0 0 0.0547648 
646 408 270 59 0.559322 0 0 0 0 0.0489656 
647 401 272 59 0.525424 0 0 0 0 0.0285807 
648 393 272 59 0.508475 0 0 0 0 0.0333142 
649 386 274 59 0.440678 0 0 0 0 0.0576093 
650 378 273 60 0.45 0 0 0 0 0.0385983 
651 372 272 58 0.482759 0 0 0 0 0.0245198 
652 358 270 58 0.5 0 0 0 0 0.0224512 
653 351 268 58 0.517241 0 0 0 0 0.0286676 
654 343 268 59 0.491525 0 0 0 0 0.0267998 
655 328 267 58 0.482759 0 0 0 0 0.0367346 
656 320 265 58 0.482759 0 0 0 0 0.0170814 
657 313 263 57 0.526316 0 0 0 0 0.0263432 
658 305 260 57 0.54386 0 0 0 0 0.0332702 
659 299 256 56 0.589286 0 0 0 0 0.040518 
660 294 252 54 0.648148 0 0 0 0 0.0478904 
661 288 250 54 0.648148 0 0 0 0 0.0504673 
662 276 246 53 0.641509 0 0 0 0 0.0517049 
663 271 243 53 0.660377 0 0 0 0 0.0580326 
664 266 240 52 0.673077 0 0 0 0 0.0559654 
665 261 238 51 0.666667 0 0 0 0 0.0615251 
666 257 234 50 0.72 0 0 0 0 0.0644388 
667 253 230 49 0.755102 0 0 0 0 0.0547743 
668 248 221 44 0.886364 0 0 0 0 0.0663236 
669 246 216 42 0.952381 0 0 0 0 0.0571767 
670 246 212 38 1.05263 0 0 0 0 0.052558 
671 245 208 35 1.14286 0 0 0 0 0.058546 
672 245 202 32 1.28125 0 0 0 0 0.0407994 
673 247 192 25 1.64 0 0 0 0 0.0325293 
674 247 188 26 1.53846 0 0 0 0 0.0482916 
675 247 184 28 1.39286 0 0 0 0 0.0487561 
676 248 179 30 1.33333 0 0 0 0 0.0422834 
677 249 175 30 1.3 0 0 0 0 0.0337051 
678 249 172 31 1.22581 0 0 0 0 0.0446287 
679 253 164 29 1.31034 0 0 0 0 0.034878 
680 254 160 29 1.27586 0 0 0 0 0.0527307 
681 254 156 31 1.16129 0 0 0 0 0.0496419 
682 256 152 30 1.2 0 0 0 0 0.102843 
683 258 148 29 1.2069 0 0 0 0 0.0556192 
684 259 144 29 1.2069 0 0 0 0 0.0413305 
685 261 136 30 1.16667 0 0 0 0 0.0489109 
686 263 133 30 1.13333 0 0 0 0 0.0371851 
687 264 129 32 1.0625 0 0 0 0 0.0626648 
688 266 125 33 1.0303 0 0 0 0 0.0789129 
689 269 122 32 1.03125 0 0 0 0 0.0516245 
690 273 114 32 1.03125 0 0 0 0 0.0598862 
691 274 110 34 0.941176 0 0 0 0 0.0638979 
692 277 106 36 0.888889 0 0 0 0 0.0836555 
693 280 103 38 0.815789 0 0 0 0 0.0900647 
694 283 100 40 0.75 0 0 0 0 0.0834546 
695 286 97 42 0.690476 0 0 0 0 0.0843571 
696 290 95 44 0.636364 0 0 0 0 0.0972 
697 299 90 44 0.613636 0 0 0 0 0.100754 
698 305 87 43 0.627907 0 0 0 0 0.0997381 
699 311 85 43 0.604651 0 0 0 0 0.0931659 
700 316 83 44 0.568182 0 0 0 0 0.101716 
701 322 81 44 0.568182 0 0 0 0 0.0886946 
702 327 79 44 0.545455 0 0 0 0 0.0880878 
703 332 77 44 0.545455 0 0 0 0 0.0995097 
704 342 72 44 0.568182 0 0 0 0 0.152283 
705 347 70 43 0.581395 0 0 0 0 0.158483 
706 352 69 44 0.545455 0 0 0 0 0.212657 
707 358 67 44 0.522727 0 0 0 0 0.195662 
708 364 65 44 0.522727 0 0 0 0 0.180443 
709 370 64 45 0.488889 0 0 0 0 0.179001 
710 384 61 43 0.488372 0 0 0 0 0.161159 
711 389 60 44 0.477273 0 0 0 0 0.151884 
712 401 57 43 0.488372 0 0 0 0 0.0991964 
713 406 56 44 0.477273 0 0 0 0 0.127784 
714 412 56 43 0.465116 0 0 0 0 0.126911 
715 417 55 43 0.44186 0 0 0 0 0.0858976 
716 422 55 43 0.44186 0 0 0 0 0.141131 
717 426 55 44 0.409091 0 0 0 0 0.0876061 
718 431 56 44 0.363636 0 0 0 0 0.0772551 
719 435 56 44 0.363636 0 0 0 0 0.106487 
720 439 56 44 0.386364 0 0 0 0 0.0894511 
721 449 56 44 0.409091 0 0 0 0 0.0818252 
722 453 57 44 0.409091 0 0 0 0 0.0920564 
723 458 56 43 0.44186 0 0 0 0 0.0795049 
724 462 57 43 0.44186 0 0 0 0 0.0896611 
725 465 57 44 0.454545 0 0 0 0 0.0923714 
726 469 58 44 0.454545 0 0 0 0 0.064943 
727 473 59 44 0.454545 0 0 0 0 0.0840125 
728 478 59 43 0.488372 0 0 0 0 0.0700041 
729 485 60 44 0.477273 0 0 0 0 0.0891854 
730 488 61 44 0.5 0 0 0 0 0.116723 
731 495 62 43 0.55814 0 0 0 0 0.124234 
732 498 63 43 0.55814 0 0 0 0 0.125069 
733 501 64 43 0.55814 0 0 0 0 0.0989066 
734 505 64 43 0.604651 0 0 0 0 0.131538 
735 508 65 44 0.613636 0 0 0 0 0.156695 
736 512 67 43 0.627907 0 0 0 0 0.199815 
737 516 68 42 0.666667 0 0 0 0 0.163615 
738 519 70 41 0.682927 0 0 0 0 0.175923 
739 526 73 40 0.75 0 0 0 0 0.174224 
740 529 75 39 0.794872 0 0 0 0 0.149564 
741 533 77 38 0.842105 0 0 0 0 0.179561 
742 540 82 33 1.0303 0 0 0 0 0.182696 
743 543 85 31 1.12903 0 0 0 0 0.192667 
744 545 88 29 1.2069 0 0 0 0 0.168687 
745 549 99 25 1.44 0 0 0 0 0.0903742 
746 549 102 27 1.33333 0 0 0 0 0.069001 
747 550 105 26 1.38462 0 0 0 0 0.07408 
748 552 111 26 1.42308 0 0 0 0 0.0617479 
749 553 114 26 1.42308 0 0 0 0 0.0623802 
750 553 117 27 1.37037 0 0 0 0 0.0751463 
751 554 120 27 1.40741 0 0 0 0 0.0778061 
752 554 123 28 1.35714 0 0 0 0 0.071187 
753 555 126 27 1.40741 0 0 0 0 0.0532031 
754 555 128 27 1.48148 0 0 0 0 0.0550517 
755 557 131 25 1.6 0 0 0 0 0.0549011 
756 556 136 26 1.53846 0 0 0 0 0.0555546 
757 557 139 25 1.6 0 0 0 0 0.0510281 
758 558 141 24 1.66667 0 0 0 0 0.050345 
759 557 147 26 1.57692 0 0 0 0 0.052634 
760 558 150 25 1.64 0 0 0 0 0.0600346 
761 558 152 25 1.68 0 0 0 0 0.0512639 
762 558 155 24 1.70833 0 0 0 0 0.0566191 
763 557 157 25 1.68 0 0 0 0 0.0563544 
764 555 160 26 1.57692 0 0 0 0 0.0693434 
765 551 165 30 1.4 0 0 0 0 0.0892708 
766 548 167 32 1.3125 0 0 0 0 0.0841549 
767 545 170 34 1.20588 0 0 0 0 0.0619362 
768 540 174 37 1.10811 0 0 0 0 0.0904878 
769 538 176 37 1.10811 0 0 0 0 0.0791113 
770 537 177 37 1.13514 0 0 0 0 0.0930994 
771 536 180 37 1.13514 0 0 0 0 0.083261 
772 534 182 37 1.13514 0 0 0 0 0.0815465 
773 532 184 38 1.10526 0 0 0 0 0.0741055 
774 530 187 38 1.10526 0 0 0 0 0.0636715 
775 526 192 38 1.13158 0 0 0 0 0.0690925 
776 524 194 39 1.10256 0 0 0 0 0.0790317 
777 521 197 39 1.12821 0 0 0 0 0.0736742 
778 518 200 41 1.07317 0 0 0 0 0.0812599 
779 515 204 43 1.02326 0 0 0 0 0.0799549 
780 511 208 44 1 0 0 0 0 0.0917237 
781 503 215 46 0.956522 0 0 0 0 0.0858764 
782 499 219 46 0.956522 0 0 0 0 0.0896896 
783 495 223 46 0.956522 0 0 0 0 0.0819896 
784 491 226 47 0.957447 0 0 0 0 0.0780601 
785 487 230 47 0.957447 0 0 0 0 0.0724049 
786 483 233 47 0.957447 0 0 0 0 0.0723554 
787 477 236 51 0.862745 0 0 0 0 0.0755459 
788 468 242 51 0.882353 0 0 0 0 0.0632532 
789 464 245 52 0.865385 0 0 0 0 0.0569631 
790 459 249 52 0.846154 0 0 0 0 0.0609012 
791 455 252 52 0.846154 0 0 0 0 0.0633277 
792 449 255 53 0.811321 0 0 0 0 0.0608673 
793 441 258 56 0.767857 0 0 0 0 0.078187 
794 434 262 57 0.701754 0 0 0 0 0.0648252 
795 427 265 58 0.655172 0 0 0 0 0.0626087 
796 413 268 59 0.59322 0 0 0 0 0.0463688 
797 406 271 59 0.525424 0 0 0 0 0.0391884 
798 398 272 60 0.466667 0 0 0 0 0.024725 
799 391 272 59 0.457627 0 0 0 0 0.032108 
800 385 270 59 0.491525 0 0 0 0 0.0429927 
801 378 266 58 0.586207 0 0 0 0 0.0386788 
802 372 262 56 0.660714 0 0 0 0 0.0486856 
803 366 258 54 0.759259 0 0 0 0 0.0646018 
804 359 249 45 1 0 0 0 0 0.0554493 
805 357 244 40 1.15 0 0 0 0 0.0456805 
806 354 241 35 1.28571 0 0 0 0 0.033923 
807 353 236 30 1.53333 0 0 0 0 0.0265267 
808 350 233 30 1.5 0 0 0 0 0.0641616 
809 344 226 39 1.12821 0 0 0 0 0.0498382 
810 339 220 49 0.857143 0 0 0 0 0.0591414 
811 339 218 51 0.784314 0 0 0 0 0.0523118 
812 339 216 54 0.685185 0 0 0 0 0.0403578 
813 340 216 56 0.589286 0 0 0 0 0.0288405 
814 342 215 56 0.535714 0 0 0 0 0.0279037 
815 346 215 55 0.472727 0 0 0 0 0.024781 
816 347 214 56 0.428571 0 0 0 0 0.0262908 
817 351 211 55 0.490909 0 0 0 0 0.0349058 
818 352 208 56 0.553571 0 0 0 0 0.0547456 
819 360 203 52 0.75 0 0 0 0 0.0535263 
820 366 202 48 0.854167 0 0 0 0 0.0474102 
821 369 200 46 0.956522 0 0 0 0 0.0636019 
822 375 200 40 1.125 0 0 0 0 0.0645447 
823 379 201 37 1.21622 0 0 0 0 0.0599968 
824 383 201 33 1.39394 0 0 0 0 0.0684761 
825 384 202 32 1.4375 0 0 0 0 0.0705775 
826 385 202 31 1.51613 0 0 0 0 0.0796697 
827 386 204 30 1.53333 0 0 0 0 0.0721363 
828 385 205 31 1.48387 0 0 0 0 0.0618503 
829 384 207 33 1.42424 0 0 0 0 0.0889326 
830 384 209 33 1.42424 0 0 0 0 0.0577076 
831 385 211 33 1.42424 0 0 0 0 0.0690717 
832 385 213 34 1.41176 0 0 0 0 0.0742597 
833 385 215 35 1.4 0 0 0 0 0.0743435 
834 385 218 36 1.33333 0 0 0 0 0.0641971 
835 385 221 38 1.26316 0 0 0 0 0.0661076 
836 385 224 40 1.225 0 0 0 0 0.0696748 
837 387 227 40 1.25 0 0 0 0 0.0830346 
838 387 230 43 1.13953 0 0 0 0 0.0922202 
839 393 235 44 1.11364 0 0 0 0 0.0955337 
840 393 238 47 1.02128 0 0 0 0 0.0751013 
841 396 241 49 0.959184 0 0 0 0 0.0795619 
842 399 244 50 0.92 0 0 0 0 0.0723542 
843 402 246 52 0.884615 0 0 0 0 0.0676816 
844 406 248 53 0.867925 0 0 0 0 0.0659366 
845 410 252 54 0.796296 0 0 0 0 0.0560591 
846 417 256 57 0.719298 0 0 0 0 0.0508795 
847 423 258 57 0.684211 0 0 0 0 0.0559548 
848 441 264 61 0.52459 0 0 0 0 0.0413191 
849 448 265 59 0.508475 0 0 0 0 0.0417899 
850 452 266 60 0.466667 0 0 0 0 0.0465881 
851 457 265 60 0.45 0 0 0 0 0.0234365 
852 464 264 58 0.482759 0 0 0 0 0.0293168 
853 469 263 58 0.5 0 0 0 0 0.0429038 
854 480 257 56 0.607143 0 0 0 0 0.064678 
855 485 255 56 0.625 0 0 0 0 0.0836275 
856 492 250 53 0.735849 0 0 0 0 0.0854598 
857 497 246 51 0.803922 0 0 0 0 0.0855448 
858 501 242 50 0.84 0 0 0 0 0.103783 
859 506 239 46 0.891304 0 0 0 0 0.140319 
860 510 235 44 0.954545 0 0 0 0 0.141149 
861 513 232 43 0.953488 0 0 0 0 0.12092 
862 518 225 44 0.954545 0 0 0 0 0.0996103 
863 522 222 40 1.025 0 0 0 0 0.0818855 
864 525 218 39 1.07692 0 0 0 0 0.0947634 
865 528 214 36 1.16667 0 0 0 0 0.0862163 
866 530 209 34 1.26471 0 0 0 0 0.0819062 
867 531 205 33 1.27273 0 0 0 0 0.0647871 
868 533 197 29 1.41379 0 0 0 0 0.050014 
869 534 192 27 1.55556 0 0 0 0 0.0634939 
870 534 188 26 1.57692 0 0 0 0 0.0731463 
871 532 184 28 1.42857 0 0 0 0 0.0658047 
872 531 180 29 1.37931 0 0 0 0 0.0669627 
873 528 176 30 1.3 0 0 0 0 0.0902014 
874 525 172 33 1.18182 0 0 0 0 0.0881741 
875 516 164 38 1 0 0 0 0 0.088033 
876 513 160 39 0.974359 0 0 0 0 0.111557 
877 509 156 39 0.948718 0 0 0 0 0.128812 
878 506 151 39 0.923077 0 0 0 0 0.111968 
879 501 147 41 0.853659 0 0 0 0 0.122491 
880 491 140 43 0.790698 0 0 0 0 0.117254 
881 485 137 45 0.711111 0 0 0 0 0.126672 
882 480 135 46 0.673913 0 0 0 0 0.0935294 
883 469 130 47 0.659574 0 0 0 0 0.1047 
884 463 130 47 0.595745 0 0 0 0 0.0965469 
885 457 128 48 0.583333 0 0 0 0 0.0855857 
886 450 126 48 0.5625 0 0 0 0 0.0973563 
887 444 126 48 0.520833 0 0 0 0 0.0806327 
888 438 125 48 0.5 0 0 0 0 0.0678041 
889 431 125 49 0.469388 0 0 0 0 0.0759843 
890 425 125 49 0.44898 0 0 0 0 0.0754793 
891 405 126 49 0.387755 0 0 0 0 0.0917157 
892 398 126 49 0.428571 0 0 0 0 0.127999 
893 392 126 49 0.44898 0 0 0 0 0.0852893 
894 385 126 50 0.48 0 0 0 0 0.046296 
895 373 128 48 0.583333 0 0 0 0 0.0670581 
896 367 129 49 0.612245 0 0 0 0 0.0633525 
897 357 134 47 0.680851 0 0 0 0 0.0873355 
898 352 136 46 0.73913 0 0 0 0 0.0836002 
899 347 138 46 0.782609 0 0 0 0 0.0821386 
900 343 141 45 0.844444 0 0 0 0 0.0919282 
901 339 145 44 0.863636 0 0 0 0 0.0953026 
902 330 152 44 0.863636 0 0 0 0 0.0676486 
903 326 155 44 0.909091 0 0 0 0 0.0731286 
904 322 159 43 0.953488 0 0 0 0 0.0923269 
905 320 163 41 1.04878 0 0 0 0 0.0928428 
906 317 168 39 1.10256 0 0 0 0 0.0844671 
907 313 172 39 1.12821 0 0 0 0 0.0771833 
908 309 176 40 1.125 0 0 0 0 0.0703268 
909 304 187 38 1.18421 0 0 0 0 0.0571795 
910 301 192 38 1.21053 0 0 0 0 0.0724155 
911 299 197 37 1.2973 0 0 0 0 0.0453627 
912 298 203 35 1.37143 0 0 0 0 0.0342359 
913 296 209 34 1.44118 0 0 0 0 0.0228713 
914 296 215 32 1.53125 0 0 0 0 0.0244111 
915 296 227 29 1.7931 0 0 0 0 0.0220796 
916 297 235 27 1.88889 0 0 0 0 0.0250954 
917 298 241 30 1.73333 0 0 0 0 0.0336679 
918 298 247 34 1.52941 0 0 0 0 0.0605837 
919 299 253 38 1.36842 0 0 0 0 0.0632724 
920 301 258 42 1.2381 0 0 0 0 0.0765301 
921 306 271 50 0.98 0 0 0 0 0.0750345 
922 311 276 52 0.961538 0 0 0 0 0.084984 
923 316 281 54 0.888889 0 0 0 0 0.0907432 
924 321 284 56 0.875 0 0 0 0 0.0918622 
925 327 290 58 0.793103 0 0 0 0 0.0733625 
926 341 298 59 0.779661 0 0 0 0 0.078571 
927 348 303 60 0.75 0 0 0 0 0.0915742 
928 356 306 58 0.793103 0 0 0 0 0.0762274 
929 362 310 60 0.766667 0 0 0 0 0.0767848 
930 369 314 61 0.737705 0 0 0 0 0.081098 
931 376 318 63 0.714286 0 0 0 0 0.0771575 
932 385 321 61 0.704918 0 0 0 0 0.0656514 
933 400 327 64 0.609375 0 0 0 0 0.0682254 
934 407 329 64 0.5625 0 0 0 0 0.0539677 
935 414 330 65 0.523077 0 0 0 0 0.0636895 
936 421 332 65 0.461538 0 0 0 0 0.033221 
937 436 331 63 0.460317 0 0 0 0 0.0209228 
938 443 328 63 0.507937 0 0 0 0 0.0515289 
939 450 325 63 0.539683 0 0 0 0 0.0690208 
940 458 321 61 0.606557 0 0 0 0 0.0710713 
941 465 317 60 0.65 0 0 0 0 0.0791645 
942 473 313 59 0.677966 0 0 0 0 0.0852088 
943 488 302 56 0.767857 0 0 0 0 0.0903348 
944 494 297 55 0.8 0 0 0 0 0.0859939 
945 501 292 52 0.846154 0 0 0 0 0.0986372 
946 506 286 50 0.92 0 0 0 0 0.15488 
947 513 280 49 0.938776 0 0 0 0 0.172894 
948 519 275 47 0.978723 0 0 0 0 0.112728 
949 530 262 43 1.09302 0 0 0 0 0.0943719 
950 535 256 39 1.20513 0 0 0 0 0.0910467 
951 540 249 36 1.30556 0 0 0 0 0.0863193 
952 544 243 32 1.46875 0 0 0 0 0.0661075 
953 546 237 30 1.53333 0 0 0 0 0.0635097 
954 547 232 29 1.55172 0 0 0 0 0.0529301 
955 548 226 28 1.60714 0 0 0 0 0.0486055 
956 548 216 27 1.62963 0 0 0 0 0.0461943 
957 546 210 29 1.51724 0 0 0 0 0.067868 
958 544 205 29 1.48276 0 0 0 0 0.0635708 
959 542 199 30 1.43333 0 0 0 0 0.0819873 
960 539 194 33 1.27273 0 0 0 0 0.0876725 
961 535 190 34 1.20588 0 0 0 0 0.0731942 
962 528 182 36 1.11111 0 0 0 0 0.0967246 
963 522 178 40 0.975 0 0 0 0 0.100482 
964 517 175 42 0.904762 0 0 0 0 0.0898553 
965 512 171 44 0.840909 0 0 0 0 0.105849 
966 506 168 46 0.782609 0 0 0 0 0.0953929 
967 500 166 48 0.708333 0 0 0 0 0.088558 
968 494 164 48 0.6875 0 0 0 0 0.104088 
969 489 162 49 0.653061 0 0 0 0 0.0908794 
970 478 161 50 0.58 0 0 0 0 0.0718309 
971 473 161 51 0.54902 0 0 0 0 0.0702873 
972 469 161 50 0.52 0 0 0 0 0.0597994 
973 464 161 50 0.5 0 0 0 0 0.0477528 
974 460 161 50 0.48 0 0 0 0 0.0535939 
975 457 162 49 0.469388 0 0 0 0 0.0650578 
976 453 162 51 0.45098 0 0 0 0 0.0420578 
977 449 163 51 0.411765 0 0 0 0 0.093544 
978 446 163 50 0.44 0 0 0 0 0.0987554 
979 438 163 50 0.5 0 0 0 0 0.0483076 
980 434 163 50 0.54 0 0 0 0 0.0472121 
981 429 163 51 0.568627 0 0 0 0 0.0530323 
982 425 164 51 0.607843 0 0 0 0 0.0615777 
983 423 165 49 0.673469 0 0 0 0 0.0704787 
984 420 166 49 0.693878 0 0 0 0 0.0680867 
985 417 168 48 0.729167 0 0 0 0 0.0870376 
986 412 171 48 0.770833 0 0 0 0 0.074121 
987 409 173 48 0.791667 0 0 0 0 0.084752 
988 407 175 47 0.829787 0 0 0 0 0.0712349 
989 405 177 46 0.891304 0 0 0 0 0.0682643 
990 403 180 45 0.933333 0 0 0 0 0.0711128 
991 401 183 43 1 0 0 0 0 0.076422 
992 399 186 41 1.09756 0 0 0 0 0.0803397 
993 398 194 36 1.27778 0 0 0 0 0.0500995 
994 398 198 34 1.38235 0 0 0 0 0.0394416 
995 398 202 32 1.5 0 0 0 0 0.041576 
996 399 206 29 1.68966 0 0 0 0 0.0500203 
997 400 211 28 1.75 0 0 0 0 0.0612206 
998 399 216 31 1.58065 0 0 0 0 0.0732435 
999 399 221 35 1.4 0 0 0 0 0.0780552 
1000 404 230 38 1.28947 0 0 0 0 0.098105 
1001 404 233 41 1.21951 0 0 0 0 0.0916776 
1002 407 236 43 1.16279 0 0 0 0 0.0811926 
1003 409 240 45 1.08889 0 0 0 0 0.0780588 
1004 414 247 50 0.96 0 0 0 0 0.0981802 
1005 424 255 54 0.833333 0 0 0 0 0.0983891 
1006 427 259 57 0.754386 0 0 0 0 0.0909625 
1007 433 261 57 0.736842 0 0 0 0 0.0835708 
1008 438 264 58 0.689655 0 0 0 0 0.0745949 
1009 444 267 59 0.627119 0 0 0 0 0.0645275 
1010 451 269 59 0.610169 0 0 0 0 0.0690512 
1011 458 271 60 0.55 0 0 0 0 0.0597929 
1012 466 273 59 0.508475 0 0 0 0 0.0591136 
1013 472 274 60 0.45 0 0 0 0 0.0434721 
1014 478 273 60 0.45 0 0 0 0 0.042699 
1015 485 272 58 0.482759 0 0 0 0 0.0499159 
1016 490 268 58 0.534483 0 0 0 0 0.0642362 
1017 496 266 57 0.561404 0 0 0 0 0.0800478 
1018 503 262 55 0.636364 0 0 0 0 0.0828487 
1019 508 258 54 0.685185 0 0 0 0 0.106156 
1020 515 253 50 0.8 0 0 0 0 0.108873 
1021 521 248 47 0.914894 0 0 0 0 0.117027 
1022 527 244 44 0.977273 0 0 0 0 0.109312 
1023 537 235 36 1.22222 0 0 0 0 0.0724327 
1024 541 231 33 1.33333 0 0 0 0 0.0611028 
1025 542 226 32 1.40625 0 0 0 0 0.0573266 
1026 544 223 30 1.46667 0 0 0 0 0.0531576 
1027 546 213 26 1.69231 0 0 0 0 0.057592 
1028 545 209 27 1.59259 0 0 0 0 0.0634069 
1029 543 204 29 1.44828 0 0 0 0 0.0540622 
1030 541 199 31 1.35484 0 0 0 0 0.0767996 
1031 539 194 33 1.27273 0 0 0 0 0.0778359 
1032 536 190 33 1.21212 0 0 0 0 0.0830811 
1033 532 185 35 1.17143 0 0 0 0 0.0979589 
1034 528 182 38 1.05263 0 0 0 0 0.0892795 
1035 524 178 38 1.05263 0 0 0 0 0.0918899 
1036 520 175 40 0.975 0 0 0 0 0.0890847 
1037 514 172 43 0.883721 0 0 0 0 0.105858 
1038 509 168 45 0.844444 0 0 0 0 0.0971675 
1039 504 166 46 0.782609 0 0 0 0 0.104136 
1040 497 164 49 0.693878 0 0 0 0 0.112584 
1041 492 163 49 0.653061 0 0 0 0 0.106292 
1042 486 162 50 0.58 0 0 0 0 0.0724508 
1043 481 162 50 0.54 0 0 0 0 0.0637341 
1044 476 162 50 0.5 0 0 0 0 0.0333805 
1045 471 162 50 0.48 0 0 0 0 0.0423358 
1046 465 162 52 0.423077 0 0 0 0 0.0393437 
1047 460 162 51 0.45098 0 0 0 0 0.0496147 
1048 455 161 51 0.509804 0 0 0 0 0.0450331 
1049 450 160 50 0.6 0 0 0 0 0.100348 
1050 446 160 50 0.64 0 0 0 0 0.129986 
1051 442 161 49 0.693878 0 0 0 0 0.0746708 
1052 440 162 46 0.782609 0 0 0 0 0.071428 
1053 437 163 45 0.844444 0 0 0 0 0.070548 
1054 435 165 44 0.886364 0 0 0 0 0.0796057 
1055 434 167 43 0.930233 0 0 0 0 0.0786433 
1056 432 169 43 0.953488 0 0 0 0 0.0767354 
1057 430 172 43 0.953488 0 0 0 0 0.0934509 
1058 430 174 40 1.05 0 0 0 0 0.0722774 
1059 429 177 39 1.10256 0 0 0 0 0.0709422 
1060 428 180 37 1.18919 0 0 0 0 0.063078 
1061 428 183 35 1.28571 0 0 0 0 0.0578371 
1062 428 186 32 1.4375 0 0 0 0 0.0541985 
1063 429 190 29 1.62069 0 0 0 0 0.0766361 
1064 430 194 28 1.71429 0 0 0 0 0.0776394 
1065 428 198 32 1.5 0 0 0 0 0.064367 
1066 427 203 36 1.33333 0 0 0 0 0.0726774 
1067 427 207 40 1.2 0 0 0 0 0.0937348 
1068 427 212 44 1.09091 0 0 0 0 0.11319 
1069 432 222 49 0.938776 0 0 0 0 0.0879378 
1070 434 227 52 0.846154 0 0 0 0 0.0722535 
1071 438 233 53 0.773585 0 0 0 0 0.0657505 
1072 441 238 56 0.660714 0 0 0 0 0.0577264 
1073 446 243 57 0.578947 0 0 0 0 0.0823848 
1074 449 248 59 0.474576 0 0 0 0 0.0401258 
1075 455 250 58 0.482759 0 0 0 0 0.0294001 
1076 460 251 58 0.534483 0 0 0 0 0.0467211 
1077 472 249 52 0.769231 0 0 0 0 0.0953816 
1078 479 247 47 0.93617 0 0 0 0 0.115689 
1079 486 246 42 1.09524 0 0 0 0 0.104446 
1080 493 246 35 1.31429 0 0 0 0 0.0591457 
1081 499 245 29 1.58621 0 0 0 0 0.0402857 
1082 499 244 39 1.17949 0 0 0 0 0.064324 
1083 498 243 44 1.02273 0 0 0 0 0.0756755 
1084 498 243 46 0.956522 0 0 0 0 0.0747417 
1085 498 242 50 0.86 0 0 0 0 0.088811 
1086 497 242 52 0.769231 0 0 0 0 0.078783 
1087 496 242 54 0.648148 0 0 0 0 0.0789211 
1088 495 242 55 0.581818 0 0 0 0 0.0659722 
1089 494 242 54 0.537037 0 0 0 0 0.0362949 
1090 493 241 55 0.509091 0 0 0 0 0.0641701 
1091 492 242 54 0.444444 0 0 0 0 0.0284117 
1092 491 240 53 0.490566 0 0 0 0 0.040694 
1093 489 239 54 0.518519 0 0 0 0 0.0428906 
1094 488 238 54 0.555556 0 0 0 0 0.0479037 
1095 486 236 54 0.62963 0 0 0 0 0.0673569 
1096 483 236 53 0.698113 0 0 0 0 0.0756797 
1097 481 236 53 0.735849 0 0 0 0 0.07644 
1098 480 236 50 0.82 0 0 0 0 0.0734196 
1099 476 237 48 0.916667 0 0 0 0 0.099778 
1100 474 238 48 0.958333 0 0 0 0 0.0934396 
1101 474 240 45 1.04444 0 0 0 0 0.0934143 
1102 474 241 42 1.16667 0 0 0 0 0.0944565 
1103 473 243 39 1.30769 0 0 0 0 0.0731272 
1104 473 246 36 1.41667 0 0 0 0 0.0823145 
1105 473 249 33 1.57576 0 0 0 0 0.0972963 
1106 475 253 29 1.7931 0 0 0 0 0.0613031 
1107 472 260 34 1.55882 0 0 0 0 0.0985153 
1108 472 264 37 1.43243 0 0 0 0 0.106778 
1109 471 268 42 1.2619 0 0 0 0 0.121898 
1110 471 272 46 1.13043 0 0 0 0 0.127842 
1111 473 276 48 1.08333 0 0 0 0 0.139595 
1112 474 281 52 0.961538 0 0 0 0 0.154458 
1113 479 290 58 0.775862 0 0 0 0 0.151026 
1114 483 295 59 0.694915 0 0 0 0 0.121248 
1115 487 300 61 0.590164 0 0 0 0 0.0919048 
1116 494 304 59 0.542373 0 0 0 0 0.0787468 
1117 499 307 60 0.466667 0 0 0 0 0.0667299 
1118 506 307 58 0.534483 0 0 0 0 0.090966 
1119 511 305 58 0.603448 0 0 0 0 0.104192 
1120 524 302 53 0.792453 0 0 0 0 0.143136 
1121 530 299 50 0.9 0 0 0 0 0.144995 
1122 538 296 41 1.17073 0 0 0 0 0.130991 
1123 545 293 35 1.42857 0 0 0 0 0.0905747 
1124 552 291 31 1.6129 0 0 0 0 0.0766304 
1125 552 288 36 1.41667 0 0 0 0 0.0862721 
1126 550 287 43 1.13953 0 0 0 0 0.109682 
1127 549 286 48 1 0 0 0 0 0.122308 
1128 548 285 53 0.754717 0 0 0 0 0.125659 
1129 548 285 54 0.685185 0 0 0 0 0.0949591 
1130 548 284 54 0.62963 0 0 0 0 0.0976517 
1131 548 284 54 0.555556 0 0 0 0 0.0574048 
1132 548 284 54 0.518519 0 0 0 0 0.0525074 
1133 548 284 56 0.482143 0 0 0 0 0.0446609 
1134 548 284 54 0.5 0 0 0 0 0.0411661 
1135 548 284 54 0.5 0 0 0 0 0.0395237 
1136 547 284 55 0.490909 0 0 0 0 0.0385235 
1137 546 284 55 0.490909 0 0 0 0 0.0401068 
1138 545 284 55 0.490909 0 0 0 0 0.0443691 
1139 544 284 54 0.518519 0 0 0 0 0.0395048 
1140 542 284 55 0.509091 0 0 0 0 0.0549971 
1141 540 283 56 0.535714 0 0 0 0 0.0520837 
1142 537 283 55 0.545455 0 0 0 0 0.0595613 
1143 528 281 56 0.607143 0 0 0 0 0.0797331 
1144 525 280 55 0.654545 0 0 0 0 0.0815936 
1145 521 278 55 0.690909 0 0 0 0 0.0898981 
1146 514 274 54 0.777778 0 0 0 0 0.0989347 
1147 511 272 53 0.830189 0 0 0 0 0.116376 
1148 508 269 51 0.901961 0 0 0 0 0.127419 
1149 504 264 44 1.06818 0 0 0 0 0.0896646 
1150 503 261 38 1.26316 0 0 0 0 0.0717224 
1151 501 258 34 1.41176 0 0 0 0 0.050446 
1152 501 255 29 1.62069 0 0 0 0 0.0422695 
1153 496 252 34 1.41176 0 0 0 0 0.0628753 
1154 492 250 40 1.15 0 0 0 0 0.114867 
1155 487 248 46 0.934783 0 0 0 0 0.120769 
1156 484 247 51 0.784314 0 0 0 0 0.112025 
1157 482 246 54 0.666667 0 0 0 0 0.09067 
1158 481 246 56 0.535714 0 0 0 0 0.0609927 
1159 482 241 56 0.517857 0 0 0 0 0.0649531 
1160 482 237 56 0.607143 0 0 0 0 0.0920308 
1161 483 233 55 0.690909 0 0 0 0 0.111417 
1162 485 230 53 0.773585 0 0 0 0 0.105596 
1163 488 228 50 0.86 0 0 0 0 0.113724 
1164 491 225 47 0.978723 0 0 0 0 0.136132 
1165 495 225 43 1.06977 0 0 0 0 0.11683 
1166 497 224 41 1.17073 0 0 0 0 0.114315 
1167 498 224 40 1.2 0 0 0 0 0.116307 
1168 501 224 38 1.28947 0 0 0 0 0.127446 
1169 506 226 33 1.48485 0 0 0 0 0.120587 
1170 508 227 32 1.53125 0 0 0 0 0.137821 
1171 509 229 30 1.63333 0 0 0 0 0.142601 
1172 510 230 30 1.66667 0 0 0 0 0.115472 
1173 511 232 29 1.72414 0 0 0 0 0.103045 
1174 511 234 29 1.72414 0 0 0 0 0.11568 
1175 511 238 29 1.72414 0 0 0 0 0.126319 
1176 511 240 29 1.68966 0 0 0 0 0.120333 
1177 511 240 29 1.75862 0 0 0 0 0.111677 
1178 512 242 28 1.78571 0 0 0 0 0.0942606 
1179 512 244 30 1.63333 0 0 0 0 0.0956438 
1180 513 245 29 1.75862 0 0 0 0 0.0809583 
1181 513 246 30 1.7 0 0 0 0 0.0852068 
1182 513 248 31 1.64516 0 0 0 0 0.0846156 
1183 514 250 30 1.7 0 0 0 0 0.0702927 
1184 515 252 29 1.75862 0 0 0 0 0.0636831 
1185 515 254 30 1.7 0 0 0 0 0.0703054 
1186 514 256 32 1.59375 0 0 0 0 0.0792312 
1187 516 260 33 1.57576 0 0 0 0 0.0768879 
1188 516 262 34 1.52941 0 0 0 0 0.0934319 
1189 517 264 34 1.58824 0 0 0 0 0.0946293 
1190 519 268 34 1.58824 0 0 0 0 0.0935139 
1191 520 272 35 1.51429 0 0 0 0 0.0915556 
1192 522 276 35 1.51429 0 0 0 0 0.124125 
1193 524 280 36 1.47222 0 0 0 0 0.0935686 
1194 526 283 38 1.42105 0 0 0 0 0.117254 
1195 530 291 41 1.34146 0 0 0 0 0.124178 
1196 530 295 45 1.22222 0 0 0 0 0.151434 
1197 540 308 51 1.03922 0 0 0 0 0.170076 
1198 544 313 53 0.962264 0 0 0 0 0.170113 
1199 555 322 54 0.888889 0 0 0 0 0.153384 
1200 559 325 56 0.857143 0 0 0 0 0.152059 
1201 566 330 55 0.854545 0 0 0 0 0.14202 
1202 570 334 57 0.807018 0 0 0 0 0.175029 
1203 584 342 56 0.821429 0 0 0 0 0.142571 
1204 591 346 49 0.918367 0 0 0 0 0.145278 
1205 598 351 42 1.02381 0 0 0 0 0.18071 
1206 606 354 34 1.20588 0 0 0 0 0.210609 
1207 612 358 28 1.32143 0 0 0 0 0.207897 
1208 619 361 21 1.61905 0 0 0 0 0.24954 
