197 378 272 68 0.617647 0 0 0 0 0.0273722 
198 384 272 65 0.584615 0 0 0 0 0.0244119 
199 390 271 63 0.587302 0 0 0 0 0.0336002 
200 396 270 60 0.583333 0 0 0 0 0.0635573 
201 402 269 56 0.607143 0 0 0 0 0.0539571 
202 407 268 53 0.622642 0 0 0 0 0.0714182 
203 412 267 51 0.607843 0 0 0 0 0.0405443 
204 416 267 49 0.612245 0 0 0 0 0.0623823 
205 420 266 47 0.617021 0 0 0 0 0.0800483 
206 424 265 45 0.622222 0 0 0 0 0.103533 
207 430 264 41 0.634146 0 0 0 0 0.141065 
208 433 264 39 0.641026 0 0 0 0 0.10058 
209 435 264 38 0.605263 0 0 0 0 0.0920597 
210 438 263 36 0.638889 0 0 0 0 0.132676 
211 440 263 34 0.647059 0 0 0 0 0.165117 
212 442 263 34 0.617647 0 0 0 0 0.179915 
213 443 263 33 0.606061 0 0 0 0 0.167068 
214 445 262 32 0.625 0 0 0 0 0.148835 
215 450 262 29 0.62069 0 0 0 0 0.191139 
216 452 261 29 0.62069 0 0 0 0 0.17117 
217 453 260 28 0.642857 0 0 0 0 0.150424 
218 454 260 28 0.642857 0 0 0 0 0.122809 
219 456 260 26 0.653846 0 0 0 0 0.139144 
220 458 260 25 0.64 0 0 0 0 0.137804 
221 458 260 24 0.666667 0 0 0 0 0.140499 
222 458 260 24 0.625 0 0 0 0 0.13988 
223 457 260 24 0.625 0 0 0 0 0.138119 
224 455 260 25 0.56 0 0 0 0 0.148964 
225 452 260 27 0.518519 0 0 0 0 0.0905535 
226 450 260 27 0.481481 0 0 0 0 0.162098 
227 444 258 28 0.5 0 0 0 0 0.160059 
228 441 258 29 0.482759 0 0 0 0 0.139246 
229 437 258 31 0.451613 0 0 0 0 0.121444 
230 433 258 31 0.451613 0 0 0 0 0.144137 
231 429 258 32 0.40625 0 0 0 0 0.149832 
232 425 258 33 0.393939 0 0 0 0 0.139211 
233 420 258 34 0.382353 0 0 0 0 0.197361 
234 416 258 34 0.382353 0 0 0 0 0.172402 
235 411 258 35 0.371429 0 0 0 0 0.154914 
236 406 258 36 0.361111 0 0 0 0 0.208973 
237 402 258 36 0.333333 0 0 0 0 0.19948 
238 397 258 39 0.307692 0 0 0 0 0.168368 
239 392 258 40 0.3 0 0 0 0 0.218602 
240 388 258 40 0.3 0 0 0 0 0.20438 
241 384 258 41 0.292683 0 0 0 0 0.193557 
242 381 256 41 0.341463 0 0 0 0 0.159916 
243 378 256 42 0.333333 0 0 0 0 0.170968 
244 376 258 40 0.3 0 0 0 0 0.158321 
245 374 258 41 0.292683 0 0 0 0 0.154365 
246 372 258 42 0.285714 0 0 0 0 0.125419 
247 371 258 42 0.285714 0 0 0 0 0.15117 
248 368 258 42 0.285714 0 0 0 0 0.14181 
249 366 258 42 0.309524 0 0 0 0 0.129053 
250 364 258 41 0.317073 0 0 0 0 0.132446 
251 361 258 42 0.309524 0 0 0 0 0.119714 
252 358 258 42 0.309524 0 0 0 0 0.113648 
253 356 258 42 0.309524 0 0 0 0 0.134258 
254 349 256 41 0.365854 0 0 0 0 0.099464 
255 346 258 42 0.309524 0 0 0 0 0.118057 
256 342 258 41 0.317073 0 0 0 0 0.100042 
257 337 259 41 0.317073 0 0 0 0 0.117706 
258 333 259 41 0.317073 0 0 0 0 0.156332 
259 328 258 41 0.341463 0 0 0 0 0.114901 
260 317 259 42 0.309524 0 0 0 0 0.162066 
261 310 258 43 0.325581 0 0 0 0 0.155649 
262 304 258 44 0.318182 0 0 0 0 0.1199 
263 298 258 43 0.325581 0 0 0 0 0.137603 
264 291 259 43 0.325581 0 0 0 0 0.160164 
265 275 260 45 0.288889 0 0 0 0 0.14043 
266 267 260 44 0.295455 0 0 0 0 0.13272 
267 259 260 45 0.311111 0 0 0 0 0.135952 
268 250 260 45 0.311111 0 0 0 0 0.141917 
269 241 259 45 0.333333 0 0 0 0 0.138232 
270 232 260 45 0.311111 0 0 0 0 0.171523 
271 223 260 46 0.304348 0 0 0 0 0.187274 
272 212 260 47 0.319149 0 0 0 0 0.173692 
273 204 260 46 0.326087 0 0 0 0 0.188093 
274 194 261 46 0.304348 0 0 0 0 0.135361 
275 183 261 47 0.297872 0 0 0 0 0.170054 
276 174 261 47 0.297872 0 0 0 0 0.183057 
277 151 261 49 0.285714 0 0 0 0 0.184827 
278 139 262 48 0.291667 0 0 0 0 0.223255 
279 129 261 47 0.319149 0 0 0 0 0.257776 
280 118 261 47 0.319149 0 0 0 0 0.220075 
281 106 262 46 0.304348 0 0 0 0 0.281158 
282 94 262 47 0.297872 0 0 0 0 0.230634 
283 83 263 46 0.304348 0 0 0 0 0.20185 
284 58 264 46 0.282609 0 0 0 0 0.242374 
285 46 264 44 0.295455 0 0 0 0 0.209486 
286 34 264 44 0.295455 0 0 0 0 0.214157 
287 23 264 44 0.318182 0 0 0 0 0.216363 
288 12 264 45 0.311111 0 0 0 0 0.254849 
289 5 264 39 0.358974 0 0 0 0 0.20527 
290 0 264 32 0.4375 0 0 0 0 0.199521 
291 0 264 20 0.7 0 0 0 0 0.211532 
