270 530 410 43 1.39535 0 0 0 0 0.0144932 
271 527 400 44 1.36364 0 0 0 0 0.0339118 
272 523 391 45 1.28889 0 0 0 0 0.0789974 
273 519 381 45 1.28889 0 0 0 0 0.110065 
274 514 371 46 1.26087 0 0 0 0 0.0703064 
275 510 361 45 1.26667 0 0 0 0 0.0430413 
276 499 342 45 1.22222 0 0 0 0 0.0393336 
277 494 330 45 1.24444 0 0 0 0 0.048231 
278 489 320 43 1.25581 0 0 0 0 0.0701615 
279 485 310 42 1.2619 0 0 0 0 0.088573 
280 480 300 42 1.2381 0 0 0 0 0.0983103 
281 474 289 43 1.2093 0 0 0 0 0.0668321 
282 470 279 41 1.2439 0 0 0 0 0.043491 
283 460 258 40 1.25 0 0 0 0 0.101271 
284 456 247 39 1.20513 0 0 0 0 0.117823 
285 452 237 38 1.26316 0 0 0 0 0.173043 
286 448 228 37 1.24324 0 0 0 0 0.277125 
287 444 219 36 1.25 0 0 0 0 0.179558 
288 440 208 36 1.27778 0 0 0 0 0.138564 
289 436 200 35 1.2 0 0 0 0 0.179078 
290 432 189 34 1.20588 0 0 0 0 0.174416 
291 425 170 33 1.24242 0 0 0 0 0.215171 
292 422 162 32 1.21875 0 0 0 0 0.17075 
293 418 152 32 1.21875 0 0 0 0 0.126968 
294 410 135 32 1.1875 0 0 0 0 0.13944 
295 406 127 32 1.125 0 0 0 0 0.23619 
296 403 119 31 1.12903 0 0 0 0 0.38437 
297 400 112 30 1.13333 0 0 0 0 0.302879 
298 397 105 30 1.1 0 0 0 0 0.188723 
299 391 91 29 1.10345 0 0 0 0 0.244935 
300 389 84 27 1.14815 0 0 0 0 0.260249 
301 386 78 28 1.07143 0 0 0 0 0.325482 
302 386 72 25 1.2 0 0 0 0 0.321926 
303 385 66 24 1.20833 0 0 0 0 0.320085 
304 384 61 23 1.26087 0 0 0 0 0.393356 
305 384 57 22 1.22727 0 0 0 0 0.3088 
306 384 52 22 1.22727 0 0 0 0 0.284308 
307 382 48 26 1 0 0 0 0 0.230877 
308 381 41 32 0.78125 0 0 0 0 0.175272 
309 380 38 36 0.666667 0 0 0 0 0.103516 
310 380 36 38 0.578947 0 0 0 0 0.116451 
311 380 35 39 0.512821 0 0 0 0 0.112278 
312 380 34 40 0.425 0 0 0 0 0.139302 
313 381 32 39 0.435897 0 0 0 0 0.170757 
314 380 30 40 0.5 0 0 0 0 0.171713 
315 380 27 38 0.605263 0 0 0 0 0.229283 
316 380 23 34 0.705882 0 0 0 0 0.232945 
317 379 21 35 0.714286 0 0 0 0 0.242215 
318 378 20 34 0.705882 0 0 0 0 0.271445 
319 377 19 35 0.685714 0 0 0 0 0.291997 
320 375 18 35 0.685714 0 0 0 0 0.361523 
321 374 17 36 0.638889 0 0 0 0 0.395326 
322 372 16 36 0.666667 0 0 0 0 0.412896 
323 371 16 37 0.594595 0 0 0 0 0.407507 
324 371 16 36 0.611111 0 0 0 0 0.460831 
325 370 16 36 0.583333 0 0 0 0 0.479204 
326 369 15 36 0.611111 0 0 0 0 0.514934 
327 369 15 36 0.583333 0 0 0 0 0.459007 
328 369 15 36 0.611111 0 0 0 0 0.501986 
329 369 15 36 0.611111 0 0 0 0 0.509907 
330 370 15 36 0.638889 0 0 0 0 0.525128 
331 371 15 36 0.638889 0 0 0 0 0.510438 
332 372 16 36 0.638889 0 0 0 0 0.432998 
333 374 16 34 0.705882 0 0 0 0 0.358488 
334 375 16 34 0.735294 0 0 0 0 0.355851 
335 378 18 33 0.787879 0 0 0 0 0.292918 
336 380 19 31 0.83871 0 0 0 0 0.320286 
337 382 21 30 0.866667 0 0 0 0 0.209546 
338 384 22 29 0.931034 0 0 0 0 0.212731 
339 386 24 28 0.964286 0 0 0 0 0.276609 
340 388 26 28 0.964286 0 0 0 0 0.172387 
341 391 28 27 1.03704 0 0 0 0 0.222866 
342 394 30 25 1.12 0 0 0 0 0.215278 
343 396 32 24 1.20833 0 0 0 0 0.197044 
344 400 38 22 1.36364 0 0 0 0 0.210875 
345 401 41 21 1.42857 0 0 0 0 0.262667 
346 400 48 22 1.40909 0 0 0 0 0.290091 
347 398 52 25 1.24 0 0 0 0 0.256295 
348 397 56 27 1.14815 0 0 0 0 0.310589 
349 395 59 28 1.14286 0 0 0 0 0.307715 
350 392 63 30 1.1 0 0 0 0 0.352892 
351 389 68 32 1 0 0 0 0 0.316791 
352 386 72 34 0.970588 0 0 0 0 0.287232 
353 385 76 32 1.09375 0 0 0 0 0.225934 
354 382 86 30 1.2 0 0 0 0 0.232644 
355 381 91 27 1.37037 0 0 0 0 0.24262 
356 381 97 25 1.48 0 0 0 0 0.217264 
357 380 102 25 1.56 0 0 0 0 0.192106 
358 379 108 25 1.56 0 0 0 0 0.145502 
359 377 115 26 1.53846 0 0 0 0 0.154743 
360 373 129 27 1.51852 0 0 0 0 0.116358 
361 372 136 27 1.59259 0 0 0 0 0.136862 
362 371 144 27 1.59259 0 0 0 0 0.175617 
363 371 151 27 1.62963 0 0 0 0 0.21513 
364 371 159 27 1.7037 0 0 0 0 0.175466 
365 371 167 25 1.88 0 0 0 0 0.159346 
366 368 186 27 1.77778 0 0 0 0 0.128954 
367 368 195 26 1.92308 0 0 0 0 0.110949 
368 368 205 27 1.88889 0 0 0 0 0.11688 
369 368 216 28 1.82143 0 0 0 0 0.11212 
370 368 225 29 1.86207 0 0 0 0 0.135991 
371 368 236 31 1.77419 0 0 0 0 0.108421 
372 369 247 33 1.69697 0 0 0 0 0.084205 
373 370 258 35 1.62857 0 0 0 0 0.0801477 
374 374 271 34 1.67647 0 0 0 0 0.077911 
375 378 293 35 1.77143 0 0 0 0 0.0815786 
376 380 306 36 1.69444 0 0 0 0 0.0881838 
377 382 320 37 1.7027 0 0 0 0 0.0450026 
378 385 334 38 1.68421 0 0 0 0 0.0321445 
379 389 347 38 1.73684 0 0 0 0 0.0600979 
380 390 362 42 1.57143 0 0 0 0 0.0840005 
381 400 390 43 1.55814 0 0 0 0 0.0560372 
382 404 405 46 1.47826 0 0 0 0 0.0252176 
383 409 419 48 1.27083 0 0 0 0 0.024883 
384 417 434 45 1.02222 0 0 0 0 0.0174102 
