469 0 280 111 0.306306 0 0 0 0 0.014009 
470 3 280 122 0.278689 0 0 0 0 0.0290181 
471 15 280 123 0.276423 0 0 0 0 0.030108 
472 29 280 122 0.270492 0 0 0 0 0.0298034 
473 43 280 124 0.266129 0 0 0 0 0.048875 
474 57 280 124 0.266129 0 0 0 0 0.0426051 
475 70 280 123 0.268293 0 0 0 0 0.0476971 
476 82 277 124 0.290323 0 0 0 0 0.0553875 
477 95 276 123 0.300813 0 0 0 0 0.0582611 
478 107 278 124 0.274194 0 0 0 0 0.0626683 
479 118 277 124 0.282258 0 0 0 0 0.0717549 
480 130 275 122 0.303279 0 0 0 0 0.0685567 
481 140 276 125 0.288 0 0 0 0 0.0678641 
482 153 275 124 0.290323 0 0 0 0 0.0590862 
483 168 275 123 0.292683 0 0 0 0 0.0778933 
484 182 273 123 0.300813 0 0 0 0 0.0636082 
485 196 273 121 0.305785 0 0 0 0 0.0670624 
486 209 273 121 0.305785 0 0 0 0 0.0540903 
487 222 272 120 0.308333 0 0 0 0 0.0398481 
488 236 272 121 0.297521 0 0 0 0 0.0475075 
489 251 272 119 0.302521 0 0 0 0 0.043358 
490 266 272 116 0.301724 0 0 0 0 0.0487368 
491 280 272 114 0.307018 0 0 0 0 0.0365112 
492 293 271 113 0.309735 0 0 0 0 0.0494959 
493 304 271 113 0.309735 0 0 0 0 0.0423683 
494 316 271 111 0.306306 0 0 0 0 0.0281082 
495 329 271 108 0.305556 0 0 0 0 0.0545748 
496 340 270 107 0.317757 0 0 0 0 0.0591836 
497 352 270 104 0.326923 0 0 0 0 0.0912634 
498 363 269 103 0.330097 0 0 0 0 0.0763802 
499 375 269 102 0.323529 0 0 0 0 0.0668519 
500 387 268 100 0.33 0 0 0 0 0.0612829 
501 398 268 99 0.323232 0 0 0 0 0.0397261 
502 410 268 96 0.333333 0 0 0 0 0.0537867 
503 420 267 94 0.340426 0 0 0 0 0.0811019 
504 430 267 90 0.344444 0 0 0 0 0.0701526 
505 438 266 88 0.352273 0 0 0 0 0.0809991 
506 448 266 85 0.352941 0 0 0 0 0.081206 
507 456 266 83 0.361446 0 0 0 0 0.0862085 
508 465 266 80 0.3625 0 0 0 0 0.0936656 
509 473 265 77 0.376623 0 0 0 0 0.143248 
510 481 265 73 0.39726 0 0 0 0 0.108044 
511 488 265 70 0.4 0 0 0 0 0.107012 
512 496 265 67 0.402985 0 0 0 0 0.0987145 
513 503 264 66 0.409091 0 0 0 0 0.103614 
514 510 264 64 0.40625 0 0 0 0 0.0948761 
515 517 263 62 0.435484 0 0 0 0 0.0985025 
516 524 263 59 0.440678 0 0 0 0 0.0814599 
517 530 263 57 0.438596 0 0 0 0 0.116658 
518 536 263 54 0.462963 0 0 0 0 0.100324 
519 542 263 50 0.48 0 0 0 0 0.105854 
520 546 263 48 0.479167 0 0 0 0 0.117587 
521 550 262 46 0.521739 0 0 0 0 0.0981371 
522 554 262 45 0.511111 0 0 0 0 0.119101 
523 558 262 43 0.511628 0 0 0 0 0.134019 
524 561 261 41 0.560976 0 0 0 0 0.124268 
525 565 261 38 0.578947 0 0 0 0 0.146681 
526 567 261 37 0.567568 0 0 0 0 0.181806 
527 570 261 36 0.583333 0 0 0 0 0.12996 
528 572 261 36 0.555556 0 0 0 0 0.13088 
529 574 261 35 0.571429 0 0 0 0 0.140308 
530 576 260 34 0.588235 0 0 0 0 0.1141 
531 578 260 33 0.606061 0 0 0 0 0.130653 
532 580 260 32 0.625 0 0 0 0 0.129988 
533 582 260 31 0.612903 0 0 0 0 0.125179 
534 584 260 30 0.633333 0 0 0 0 0.126074 
535 585 260 30 0.6 0 0 0 0 0.13786 
536 587 260 29 0.62069 0 0 0 0 0.152239 
537 588 260 30 0.566667 0 0 0 0 0.155521 
538 590 260 29 0.586207 0 0 0 0 0.142334 
539 592 260 28 0.571429 0 0 0 0 0.197207 
540 593 259 28 0.607143 0 0 0 0 0.166811 
541 594 259 27 0.62963 0 0 0 0 0.141186 
542 596 258 25 0.68 0 0 0 0 0.161995 
543 596 258 24 0.708333 0 0 0 0 0.147917 
544 597 258 23 0.695652 0 0 0 0 0.162181 
545 596 258 23 0.695652 0 0 0 0 0.139682 
546 594 258 25 0.64 0 0 0 0 0.145791 
547 592 258 26 0.576923 0 0 0 0 0.158348 
548 589 258 27 0.555556 0 0 0 0 0.143028 
549 586 259 29 0.517241 0 0 0 0 0.117946 
550 582 258 30 0.5 0 0 0 0 0.128208 
551 579 258 31 0.483871 0 0 0 0 0.114296 
552 574 257 33 0.484848 0 0 0 0 0.121469 
553 570 256 34 0.470588 0 0 0 0 0.125144 
554 565 257 36 0.388889 0 0 0 0 0.145795 
555 560 257 38 0.368421 0 0 0 0 0.123048 
556 556 258 37 0.351351 0 0 0 0 0.177508 
557 551 257 38 0.368421 0 0 0 0 0.148053 
558 545 257 39 0.358974 0 0 0 0 0.158634 
559 540 258 39 0.333333 0 0 0 0 0.108161 
560 535 256 39 0.384615 0 0 0 0 0.110396 
561 529 256 39 0.384615 0 0 0 0 0.0945604 
562 523 256 40 0.35 0 0 0 0 0.133479 
563 517 258 40 0.3 0 0 0 0 0.135693 
564 511 256 41 0.341463 0 0 0 0 0.155972 
565 506 258 41 0.292683 0 0 0 0 0.129236 
566 500 256 41 0.341463 0 0 0 0 0.116129 
567 494 256 42 0.333333 0 0 0 0 0.14999 
568 489 257 42 0.309524 0 0 0 0 0.121794 
569 484 258 42 0.285714 0 0 0 0 0.140065 
570 480 256 41 0.341463 0 0 0 0 0.138302 
571 474 258 41 0.292683 0 0 0 0 0.136026 
572 468 258 42 0.285714 0 0 0 0 0.145693 
573 462 256 43 0.348837 0 0 0 0 0.0887126 
574 457 256 41 0.341463 0 0 0 0 0.123972 
575 450 258 42 0.285714 0 0 0 0 0.11485 
576 445 258 41 0.292683 0 0 0 0 0.1149 
577 438 258 42 0.285714 0 0 0 0 0.143311 
578 432 258 42 0.285714 0 0 0 0 0.0995539 
579 426 258 42 0.285714 0 0 0 0 0.104421 
580 420 258 42 0.285714 0 0 0 0 0.137901 
581 414 258 42 0.285714 0 0 0 0 0.121604 
582 408 256 44 0.318182 0 0 0 0 0.128414 
583 404 256 42 0.357143 0 0 0 0 0.149744 
584 398 256 43 0.348837 0 0 0 0 0.122134 
585 394 258 43 0.302326 0 0 0 0 0.128431 
586 389 257 43 0.325581 0 0 0 0 0.140539 
587 384 258 43 0.302326 0 0 0 0 0.135651 
588 379 258 43 0.302326 0 0 0 0 0.14585 
589 374 258 43 0.302326 0 0 0 0 0.166023 
590 365 257 42 0.357143 0 0 0 0 0.139486 
591 360 258 44 0.318182 0 0 0 0 0.117515 
592 357 258 43 0.325581 0 0 0 0 0.149639 
593 353 258 42 0.333333 0 0 0 0 0.145611 
594 350 258 42 0.333333 0 0 0 0 0.156708 
595 347 258 41 0.365854 0 0 0 0 0.134795 
596 344 259 41 0.341463 0 0 0 0 0.128778 
597 341 258 40 0.375 0 0 0 0 0.132634 
598 339 259 39 0.358974 0 0 0 0 0.153194 
599 336 259 39 0.358974 0 0 0 0 0.14336 
600 335 259 37 0.378378 0 0 0 0 0.12539 
601 333 258 36 0.444444 0 0 0 0 0.119431 
602 332 258 35 0.457143 0 0 0 0 0.103171 
603 331 257 34 0.5 0 0 0 0 0.109044 
604 331 257 32 0.53125 0 0 0 0 0.122663 
605 330 257 31 0.580645 0 0 0 0 0.119777 
606 330 257 30 0.6 0 0 0 0 0.160366 
607 330 258 28 0.607143 0 0 0 0 0.170006 
608 330 257 27 0.666667 0 0 0 0 0.180081 
609 328 258 28 0.607143 0 0 0 0 0.168825 
610 327 257 29 0.655172 0 0 0 0 0.143155 
611 326 257 29 0.655172 0 0 0 0 0.139135 
612 324 257 30 0.633333 0 0 0 0 0.140402 
613 323 258 29 0.655172 0 0 0 0 0.128451 
614 321 258 30 0.633333 0 0 0 0 0.141267 
615 319 258 31 0.612903 0 0 0 0 0.161623 
616 317 258 32 0.625 0 0 0 0 0.165272 
617 315 260 33 0.545455 0 0 0 0 0.149415 
618 314 259 32 0.59375 0 0 0 0 0.124079 
619 311 260 34 0.558824 0 0 0 0 0.142163 
620 309 261 34 0.529412 0 0 0 0 0.131433 
621 306 260 36 0.555556 0 0 0 0 0.150837 
622 304 261 36 0.527778 0 0 0 0 0.149808 
623 301 261 37 0.513514 0 0 0 0 0.125621 
624 298 262 38 0.5 0 0 0 0 0.164537 
625 295 262 39 0.487179 0 0 0 0 0.171289 
626 293 262 39 0.512821 0 0 0 0 0.169248 
627 290 262 40 0.5 0 0 0 0 0.192124 
628 286 262 42 0.47619 0 0 0 0 0.216052 
629 282 264 44 0.431818 0 0 0 0 0.173513 
630 277 264 46 0.413043 0 0 0 0 0.182771 
631 272 264 48 0.416667 0 0 0 0 0.157737 
632 267 264 50 0.4 0 0 0 0 0.171704 
633 261 264 52 0.384615 0 0 0 0 0.16494 
634 254 266 55 0.345455 0 0 0 0 0.148974 
635 248 266 57 0.333333 0 0 0 0 0.130656 
636 241 266 59 0.338983 0 0 0 0 0.116082 
637 234 266 60 0.333333 0 0 0 0 0.125271 
638 228 266 61 0.344262 0 0 0 0 0.106028 
639 221 266 62 0.33871 0 0 0 0 0.0941041 
640 213 266 63 0.349206 0 0 0 0 0.095693 
641 205 266 65 0.338462 0 0 0 0 0.11272 
642 197 266 67 0.343284 0 0 0 0 0.0923854 
643 188 266 69 0.347826 0 0 0 0 0.101926 
644 180 268 70 0.314286 0 0 0 0 0.0941121 
645 171 268 71 0.309859 0 0 0 0 0.0945136 
646 161 268 74 0.310811 0 0 0 0 0.0930276 
647 151 268 75 0.306667 0 0 0 0 0.0679866 
648 141 270 76 0.289474 0 0 0 0 0.0986606 
649 131 269 77 0.298701 0 0 0 0 0.0932553 
650 121 271 77 0.285714 0 0 0 0 0.0864453 
651 109 270 79 0.291139 0 0 0 0 0.0870836 
652 98 270 80 0.3 0 0 0 0 0.0638789 
653 86 270 81 0.296296 0 0 0 0 0.0791258 
654 74 271 82 0.280488 0 0 0 0 0.0879504 
655 62 270 83 0.301205 0 0 0 0 0.102548 
656 51 271 82 0.292683 0 0 0 0 0.104938 
657 37 271 84 0.285714 0 0 0 0 0.103181 
658 24 272 84 0.285714 0 0 0 0 0.0794862 
659 12 272 84 0.285714 0 0 0 0 0.0675237 
