344 528 264 57 0.315789 0 0 0 0 0.0137215 
345 528 264 57 0.315789 0 0 0 0 0.0188209 
346 528 264 57 0.315789 0 0 0 0 0.023647 
347 528 264 57 0.315789 0 0 0 0 0.0172683 
348 528 264 57 0.315789 0 0 0 0 0.0158605 
349 528 264 58 0.310345 0 0 0 0 0.0238501 
350 528 264 57 0.315789 0 0 0 0 0.0205878 
351 528 264 57 0.315789 0 0 0 0 0.0194773 
352 528 264 57 0.315789 0 0 0 0 0.0146957 
353 528 264 57 0.315789 0 0 0 0 0.0170364 
354 528 264 57 0.315789 0 0 0 0 0.0112033 
355 528 264 57 0.315789 0 0 0 0 0.0218212 
356 528 264 57 0.315789 0 0 0 0 0.0191907 
357 528 264 57 0.315789 0 0 0 0 0.0104375 
358 528 264 58 0.310345 0 0 0 0 0.0145396 
359 528 264 57 0.315789 0 0 0 0 0.0204804 
360 528 264 58 0.310345 0 0 0 0 0.0145233 
361 528 264 58 0.310345 0 0 0 0 0.0223901 
362 528 264 57 0.315789 0 0 0 0 0.0148966 
363 528 264 57 0.315789 0 0 0 0 0.0147873 
364 528 264 57 0.315789 0 0 0 0 0.0203164 
365 528 264 58 0.310345 0 0 0 0 0.0164561 
366 528 264 57 0.315789 0 0 0 0 0.0263765 
367 528 264 57 0.315789 0 0 0 0 0.00914237 
368 528 264 57 0.315789 0 0 0 0 0.0151663 
369 528 264 57 0.315789 0 0 0 0 0.0148838 
370 528 264 57 0.315789 0 0 0 0 0.0154533 
371 528 264 57 0.315789 0 0 0 0 0.0169355 
372 528 264 57 0.315789 0 0 0 0 0.0183629 
373 528 264 57 0.315789 0 0 0 0 0.0155377 
374 528 264 57 0.315789 0 0 0 0 0.0184056 
375 528 264 57 0.315789 0 0 0 0 0.0186928 
376 528 264 57 0.315789 0 0 0 0 0.0427402 
377 528 264 58 0.310345 0 0 0 0 0.00928767 
378 528 264 57 0.315789 0 0 0 0 0.0128796 
379 528 264 57 0.315789 0 0 0 0 0.0172333 
380 528 264 57 0.315789 0 0 0 0 0.014041 
381 528 264 57 0.315789 0 0 0 0 0.0155615 
382 528 264 57 0.315789 0 0 0 0 0.02716 
383 528 264 57 0.315789 0 0 0 0 0.0126255 
384 528 264 57 0.315789 0 0 0 0 0.0183839 
385 528 264 57 0.315789 0 0 0 0 0.0173808 
386 528 264 57 0.315789 0 0 0 0 0.0138026 
387 528 264 57 0.315789 0 0 0 0 0.0241239 
388 528 264 57 0.315789 0 0 0 0 0.0237227 
389 528 264 57 0.315789 0 0 0 0 0.0118848 
390 528 264 57 0.315789 0 0 0 0 0.0170885 
391 528 264 57 0.315789 0 0 0 0 0.0253606 
392 528 264 57 0.315789 0 0 0 0 0.0283353 
393 528 264 57 0.315789 0 0 0 0 0.0188907 
394 528 264 57 0.315789 0 0 0 0 0.0150215 
395 528 264 57 0.315789 0 0 0 0 0.0165504 
396 528 264 57 0.315789 0 0 0 0 0.0190571 
397 528 264 57 0.315789 0 0 0 0 0.0232833 
398 528 264 57 0.315789 0 0 0 0 0.0192707 
399 528 264 57 0.315789 0 0 0 0 0.0157605 
400 528 264 57 0.315789 0 0 0 0 0.0213234 
401 528 264 57 0.315789 0 0 0 0 0.0216619 
402 528 264 57 0.315789 0 0 0 0 0.0317552 
403 528 264 58 0.310345 0 0 0 0 0.0159637 
404 528 264 57 0.315789 0 0 0 0 0.0182375 
405 528 264 58 0.310345 0 0 0 0 0.0286863 
406 528 264 57 0.315789 0 0 0 0 0.0183095 
407 528 264 56 0.321429 0 0 0 0 0.0247504 
408 527 264 57 0.315789 0 0 0 0 0.0287606 
409 526 264 56 0.321429 0 0 0 0 0.0265099 
410 524 264 57 0.315789 0 0 0 0 0.0260413 
411 522 264 58 0.310345 0 0 0 0 0.0371959 
412 520 264 57 0.315789 0 0 0 0 0.0311597 
413 517 264 57 0.315789 0 0 0 0 0.0394613 
414 514 264 58 0.310345 0 0 0 0 0.0337279 
415 511 264 57 0.315789 0 0 0 0 0.0396655 
416 507 264 59 0.305085 0 0 0 0 0.0344119 
417 502 264 60 0.3 0 0 0 0 0.0390631 
418 497 265 61 0.278689 0 0 0 0 0.0303097 
419 492 264 61 0.295082 0 0 0 0 0.0373127 
420 487 264 61 0.295082 0 0 0 0 0.0506255 
421 482 264 61 0.295082 0 0 0 0 0.0542443 
422 476 265 61 0.278689 0 0 0 0 0.0654911 
423 470 266 62 0.258065 0 0 0 0 0.0754986 
424 463 265 63 0.269841 0 0 0 0 0.0734532 
425 457 266 62 0.258065 0 0 0 0 0.0514383 
426 450 266 62 0.258065 0 0 0 0 0.0493251 
427 443 266 62 0.258065 0 0 0 0 0.0503532 
428 434 265 64 0.265625 0 0 0 0 0.0315177 
429 426 264 63 0.301587 0 0 0 0 0.0517157 
430 417 266 64 0.265625 0 0 0 0 0.0466161 
431 408 264 65 0.292308 0 0 0 0 0.0557034 
432 399 264 65 0.292308 0 0 0 0 0.0663691 
433 389 264 66 0.30303 0 0 0 0 0.0639993 
434 379 263 66 0.318182 0 0 0 0 0.0797864 
435 368 266 67 0.268657 0 0 0 0 0.0701768 
436 356 266 69 0.26087 0 0 0 0 0.062235 
437 345 264 69 0.289855 0 0 0 0 0.0665533 
438 331 265 71 0.267606 0 0 0 0 0.0951252 
439 318 266 72 0.25 0 0 0 0 0.0436358 
440 305 266 72 0.263889 0 0 0 0 0.0544701 
441 292 266 73 0.260274 0 0 0 0 0.0626773 
442 276 266 75 0.266667 0 0 0 0 0.0991616 
443 261 266 75 0.266667 0 0 0 0 0.0888429 
444 244 266 77 0.25974 0 0 0 0 0.0735342 
445 227 266 79 0.265823 0 0 0 0 0.0644375 
446 210 266 78 0.269231 0 0 0 0 0.0723894 
447 192 266 79 0.265823 0 0 0 0 0.0937768 
448 174 265 79 0.278481 0 0 0 0 0.138332 
449 153 265 83 0.277108 0 0 0 0 0.127049 
450 135 265 81 0.283951 0 0 0 0 0.148975 
451 114 266 82 0.268293 0 0 0 0 0.10485 
452 94 268 83 0.240964 0 0 0 0 0.0915571 
453 74 268 81 0.246914 0 0 0 0 0.131477 
454 53 268 81 0.246914 0 0 0 0 0.120633 
455 34 267 78 0.269231 0 0 0 0 0.0812846 
456 11 266 80 0.2875 0 0 0 0 0.144703 
457 0 264 70 0.371429 0 0 0 0 0.221581 
458 0 266 49 0.428571 0 0 0 0 0.150168 
459 0 266 26 0.807692 0 0 0 0 0.157793 
