261 576 81 41 0.585366 0 0 0 0 0.0391004 
262 570 83 41 0.560976 0 0 0 0 0.0292361 
263 564 84 41 0.585366 0 0 0 0 0.0301835 
264 558 85 42 0.571429 0 0 0 0 0.0329796 
265 545 89 43 0.534884 0 0 0 0 0.0706172 
266 538 90 44 0.522727 0 0 0 0 0.0947626 
267 532 91 44 0.522727 0 0 0 0 0.0367178 
268 525 92 44 0.522727 0 0 0 0 0.0283009 
269 512 95 45 0.511111 0 0 0 0 0.0362127 
270 505 96 45 0.533333 0 0 0 0 0.0577029 
271 498 97 44 0.545455 0 0 0 0 0.0652409 
272 490 98 46 0.521739 0 0 0 0 0.056422 
273 475 101 46 0.521739 0 0 0 0 0.0200703 
274 467 102 47 0.510638 0 0 0 0 0.0219256 
275 460 104 46 0.5 0 0 0 0 0.0311683 
276 452 105 47 0.510638 0 0 0 0 0.0220615 
277 443 106 48 0.520833 0 0 0 0 0.0206151 
278 435 108 48 0.5 0 0 0 0 0.0544189 
279 427 109 48 0.520833 0 0 0 0 0.0594119 
280 409 112 48 0.520833 0 0 0 0 0.0556575 
281 400 114 49 0.510204 0 0 0 0 0.0566531 
282 392 116 48 0.5 0 0 0 0 0.047952 
283 382 117 49 0.510204 0 0 0 0 0.0517974 
284 373 119 48 0.520833 0 0 0 0 0.0463102 
285 353 122 49 0.530612 0 0 0 0 0.0609744 
286 342 124 49 0.530612 0 0 0 0 0.0644606 
287 331 127 49 0.530612 0 0 0 0 0.0450748 
288 321 129 50 0.54 0 0 0 0 0.0539194 
289 311 132 50 0.56 0 0 0 0 0.0607704 
290 295 136 49 0.632653 0 0 0 0 0.0509298 
291 287 139 49 0.653061 0 0 0 0 0.0626327 
292 280 141 48 0.729167 0 0 0 0 0.0759286 
293 276 143 44 0.840909 0 0 0 0 0.109496 
294 271 146 43 0.883721 0 0 0 0 0.105974 
295 269 148 37 1.08108 0 0 0 0 0.103282 
296 267 153 26 1.57692 0 0 0 0 0.131281 
297 262 155 31 1.29032 0 0 0 0 0.0996134 
298 256 157 38 1.02632 0 0 0 0 0.0968686 
299 252 159 43 0.837209 0 0 0 0 0.09836 
300 248 162 46 0.695652 0 0 0 0 0.119864 
301 244 164 49 0.591837 0 0 0 0 0.111082 
302 241 168 50 0.48 0 0 0 0 0.181146 
303 240 170 51 0.431373 0 0 0 0 0.166391 
304 239 171 51 0.411765 0 0 0 0 0.196524 
305 239 171 52 0.423077 0 0 0 0 0.147998 
306 241 171 50 0.48 0 0 0 0 0.148494 
307 241 172 52 0.480769 0 0 0 0 0.131532 
308 243 172 51 0.490196 0 0 0 0 0.141061 
309 245 172 51 0.490196 0 0 0 0 0.152599 
310 246 172 51 0.490196 0 0 0 0 0.140754 
311 247 172 52 0.480769 0 0 0 0 0.143113 
312 250 172 51 0.470588 0 0 0 0 0.147806 
313 254 172 52 0.461538 0 0 0 0 0.153029 
314 257 174 52 0.423077 0 0 0 0 0.165527 
315 260 174 52 0.423077 0 0 0 0 0.177351 
316 264 174 52 0.442308 0 0 0 0 0.166969 
317 267 174 53 0.45283 0 0 0 0 0.146392 
318 272 175 52 0.480769 0 0 0 0 0.132275 
319 281 176 50 0.56 0 0 0 0 0.133082 
320 284 177 51 0.568627 0 0 0 0 0.138409 
321 288 178 52 0.557692 0 0 0 0 0.121068 
322 291 179 53 0.54717 0 0 0 0 0.147026 
323 296 180 52 0.557692 0 0 0 0 0.116853 
324 300 180 52 0.557692 0 0 0 0 0.132687 
325 308 183 53 0.566038 0 0 0 0 0.122156 
326 313 184 53 0.566038 0 0 0 0 0.11741 
327 317 185 55 0.563636 0 0 0 0 0.098496 
328 323 187 54 0.555556 0 0 0 0 0.0913805 
329 329 188 54 0.574074 0 0 0 0 0.0901912 
330 342 191 54 0.574074 0 0 0 0 0.0999788 
331 347 192 55 0.581818 0 0 0 0 0.118934 
332 354 194 56 0.589286 0 0 0 0 0.106196 
333 363 196 53 0.622642 0 0 0 0 0.0947267 
334 369 198 55 0.6 0 0 0 0 0.0786441 
335 377 200 55 0.618182 0 0 0 0 0.0791041 
336 384 202 56 0.625 0 0 0 0 0.08992 
337 392 205 56 0.625 0 0 0 0 0.0767671 
338 408 210 57 0.631579 0 0 0 0 0.0870093 
339 416 213 57 0.631579 0 0 0 0 0.0970442 
340 432 219 58 0.637931 0 0 0 0 0.0710341 
341 441 223 57 0.666667 0 0 0 0 0.0628202 
342 450 226 55 0.709091 0 0 0 0 0.046207 
343 458 230 56 0.714286 0 0 0 0 0.0477572 
344 467 234 56 0.732143 0 0 0 0 0.0481226 
345 475 238 55 0.781818 0 0 0 0 0.0561219 
346 492 248 56 0.785714 0 0 0 0 0.0468132 
347 502 253 56 0.803571 0 0 0 0 0.0467524 
348 513 259 54 0.814815 0 0 0 0 0.0496833 
349 520 264 56 0.803571 0 0 0 0 0.0497664 
350 539 275 56 0.803571 0 0 0 0 0.0499217 
351 548 281 57 0.789474 0 0 0 0 0.0467004 
352 559 287 55 0.836364 0 0 0 0 0.0850959 
353 569 292 55 0.854545 0 0 0 0 0.0708317 
354 578 298 56 0.839286 0 0 0 0 0.0498455 
355 599 311 41 1.07317 0 0 0 0 0.0377637 
356 608 317 32 1.25 0 0 0 0 0.0491066 
357 619 323 21 1.57143 0 0 0 0 0.0767062 
