267 0 336 379 0.379947 0 0 0 0 0.013476 
268 0 336 424 0.339623 0 0 0 0 0.0221954 
269 0 330 456 0.328947 0 0 0 0 0.0272938 
270 20 328 473 0.321353 0 0 0 0 0.0404042 
271 69 324 451 0.345898 0 0 0 0 0.0663964 
272 127 321 417 0.381295 0 0 0 0 0.102167 
273 174 318 392 0.413265 0 0 0 0 0.128208 
274 224 315 356 0.463483 0 0 0 0 0.147391 
275 273 312 322 0.521739 0 0 0 0 0.14028 
276 320 309 287 0.58885 0 0 0 0 0.155817 
277 366 306 250 0.636 0 0 0 0 0.16225 
278 408 303 218 0.678899 0 0 0 0 0.156603 
279 443 300 191 0.732984 0 0 0 0 0.166432 
280 477 297 163 0.779141 0 0 0 0 0.172799 
281 502 294 138 0.862319 0 0 0 0 0.151678 
282 522 292 118 0.949153 0 0 0 0 0.162949 
283 530 290 110 0.918182 0 0 0 0 0.17235 
284 530 288 110 0.9 0 0 0 0 0.191114 
285 529 286 111 0.801802 0 0 0 0 0.211267 
286 525 285 115 0.713043 0 0 0 0 0.202302 
287 519 283 121 0.644628 0 0 0 0 0.189356 
288 511 282 129 0.565891 0 0 0 0 0.195281 
289 500 282 140 0.478571 0 0 0 0 0.174122 
290 488 281 151 0.417219 0 0 0 0 0.179472 
291 474 280 153 0.392157 0 0 0 0 0.16905 
292 459 278 152 0.381579 0 0 0 0 0.15663 
293 443 278 154 0.350649 0 0 0 0 0.164667 
294 426 277 153 0.339869 0 0 0 0 0.145892 
295 410 280 151 0.304636 0 0 0 0 0.115401 
296 393 276 149 0.322148 0 0 0 0 0.111988 
297 375 276 149 0.302013 0 0 0 0 0.103919 
298 357 276 146 0.294521 0 0 0 0 0.0994657 
299 339 276 143 0.293706 0 0 0 0 0.0944578 
300 322 276 141 0.283688 0 0 0 0 0.103952 
301 302 276 140 0.278571 0 0 0 0 0.112351 
302 286 276 137 0.277372 0 0 0 0 0.113097 
303 269 275 134 0.283582 0 0 0 0 0.120956 
304 252 276 133 0.270677 0 0 0 0 0.0958012 
305 236 275 131 0.282443 0 0 0 0 0.0913338 
306 221 275 129 0.286822 0 0 0 0 0.0970637 
307 208 276 127 0.283465 0 0 0 0 0.0940228 
308 195 276 127 0.275591 0 0 0 0 0.0956732 
309 184 275 127 0.283465 0 0 0 0 0.100076 
310 174 275 126 0.285714 0 0 0 0 0.103316 
311 167 275 125 0.288 0 0 0 0 0.0908907 
312 162 276 122 0.286885 0 0 0 0 0.0797335 
313 157 275 123 0.292683 0 0 0 0 0.0810398 
314 154 274 123 0.300813 0 0 0 0 0.0944732 
315 154 274 121 0.305785 0 0 0 0 0.0933795 
316 156 274 120 0.308333 0 0 0 0 0.0964471 
317 159 274 120 0.316667 0 0 0 0 0.0965753 
318 162 274 120 0.316667 0 0 0 0 0.100902 
319 166 274 121 0.31405 0 0 0 0 0.103617 
320 172 274 121 0.305785 0 0 0 0 0.097717 
321 179 274 122 0.311475 0 0 0 0 0.0876127 
322 186 275 123 0.292683 0 0 0 0 0.108995 
323 195 275 124 0.290323 0 0 0 0 0.0997554 
324 204 275 126 0.293651 0 0 0 0 0.0945616 
325 215 274 127 0.299213 0 0 0 0 0.098522 
326 227 275 129 0.286822 0 0 0 0 0.11087 
327 241 274 129 0.286822 0 0 0 0 0.0916806 
328 254 275 131 0.274809 0 0 0 0 0.0953353 
329 269 277 129 0.263566 0 0 0 0 0.110123 
330 282 277 130 0.261538 0 0 0 0 0.127709 
331 296 274 127 0.291339 0 0 0 0 0.116677 
332 309 273 126 0.293651 0 0 0 0 0.125059 
333 323 273 124 0.298387 0 0 0 0 0.10757 
334 337 272 124 0.306452 0 0 0 0 0.116956 
335 350 272 122 0.311475 0 0 0 0 0.101412 
336 364 271 119 0.319328 0 0 0 0 0.107854 
337 377 270 115 0.330435 0 0 0 0 0.12443 
338 388 270 113 0.327434 0 0 0 0 0.121682 
339 400 270 108 0.333333 0 0 0 0 0.132353 
340 412 269 103 0.349515 0 0 0 0 0.141703 
341 423 269 99 0.353535 0 0 0 0 0.147168 
342 433 268 93 0.376344 0 0 0 0 0.136908 
343 442 268 88 0.386364 0 0 0 0 0.165035 
344 450 267 84 0.404762 0 0 0 0 0.173145 
345 458 267 78 0.423077 0 0 0 0 0.172251 
346 466 267 71 0.450704 0 0 0 0 0.171658 
347 472 266 66 0.484848 0 0 0 0 0.184935 
348 478 266 60 0.516667 0 0 0 0 0.160789 
349 482 266 55 0.563636 0 0 0 0 0.187966 
350 485 266 51 0.588235 0 0 0 0 0.194664 
351 488 265 47 0.638298 0 0 0 0 0.167771 
352 490 265 43 0.674419 0 0 0 0 0.190395 
353 491 265 40 0.7 0 0 0 0 0.207193 
354 488 265 42 0.642857 0 0 0 0 0.200274 
355 484 264 45 0.6 0 0 0 0 0.181167 
356 480 264 47 0.574468 0 0 0 0 0.21461 
357 477 264 48 0.541667 0 0 0 0 0.226491 
358 475 264 48 0.541667 0 0 0 0 0.240761 
359 472 264 48 0.520833 0 0 0 0 0.206264 
360 470 263 46 0.543478 0 0 0 0 0.195012 
361 468 263 45 0.533333 0 0 0 0 0.209134 
362 465 263 45 0.533333 0 0 0 0 0.19562 
363 463 263 43 0.534884 0 0 0 0 0.213732 
364 461 263 42 0.52381 0 0 0 0 0.212214 
365 459 263 41 0.512195 0 0 0 0 0.258827 
366 457 263 40 0.525 0 0 0 0 0.23212 
367 453 262 38 0.552632 0 0 0 0 0.194913 
368 451 262 37 0.540541 0 0 0 0 0.19553 
369 450 262 35 0.571429 0 0 0 0 0.182855 
370 448 263 35 0.514286 0 0 0 0 0.214924 
371 447 262 33 0.545455 0 0 0 0 0.240892 
372 445 262 33 0.515152 0 0 0 0 0.229718 
373 444 261 32 0.5625 0 0 0 0 0.221333 
374 442 260 32 0.5625 0 0 0 0 0.20294 
375 441 260 31 0.580645 0 0 0 0 0.211813 
376 439 260 31 0.548387 0 0 0 0 0.185757 
377 437 260 31 0.548387 0 0 0 0 0.207144 
378 433 260 32 0.5 0 0 0 0 0.197554 
379 430 260 32 0.5 0 0 0 0 0.259459 
380 425 260 34 0.470588 0 0 0 0 0.225847 
381 421 260 35 0.428571 0 0 0 0 0.242233 
382 415 260 37 0.405405 0 0 0 0 0.21647 
383 410 259 38 0.421053 0 0 0 0 0.246585 
384 404 258 40 0.4 0 0 0 0 0.24718 
385 398 259 40 0.375 0 0 0 0 0.238847 
386 392 258 41 0.390244 0 0 0 0 0.231343 
387 387 258 41 0.390244 0 0 0 0 0.250231 
388 380 258 43 0.348837 0 0 0 0 0.20675 
389 372 258 45 0.333333 0 0 0 0 0.170842 
390 365 258 46 0.326087 0 0 0 0 0.204628 
391 358 258 45 0.333333 0 0 0 0 0.150368 
392 349 259 47 0.297872 0 0 0 0 0.194311 
393 342 260 46 0.282609 0 0 0 0 0.167058 
394 335 258 46 0.326087 0 0 0 0 0.137736 
395 328 259 46 0.304348 0 0 0 0 0.160237 
396 320 260 46 0.282609 0 0 0 0 0.157087 
397 313 258 45 0.333333 0 0 0 0 0.196059 
398 304 259 47 0.297872 0 0 0 0 0.165598 
399 296 258 47 0.319149 0 0 0 0 0.144804 
400 288 259 46 0.304348 0 0 0 0 0.170338 
401 281 259 45 0.311111 0 0 0 0 0.17804 
402 273 260 47 0.297872 0 0 0 0 0.197398 
403 266 260 46 0.304348 0 0 0 0 0.182221 
404 258 260 46 0.304348 0 0 0 0 0.157981 
405 250 260 46 0.304348 0 0 0 0 0.220357 
406 242 260 47 0.297872 0 0 0 0 0.201467 
407 236 260 46 0.304348 0 0 0 0 0.203269 
408 228 260 47 0.297872 0 0 0 0 0.189656 
409 221 260 47 0.319149 0 0 0 0 0.157457 
410 214 260 47 0.319149 0 0 0 0 0.183185 
411 207 260 47 0.319149 0 0 0 0 0.164399 
412 200 260 46 0.326087 0 0 0 0 0.219908 
413 192 260 48 0.3125 0 0 0 0 0.206548 
414 186 260 47 0.340426 0 0 0 0 0.207733 
415 180 261 46 0.326087 0 0 0 0 0.183734 
416 174 261 47 0.319149 0 0 0 0 0.161766 
417 170 260 45 0.355556 0 0 0 0 0.204614 
418 164 261 46 0.326087 0 0 0 0 0.193192 
419 160 260 45 0.377778 0 0 0 0 0.183692 
420 156 261 45 0.355556 0 0 0 0 0.178371 
421 153 262 44 0.340909 0 0 0 0 0.179156 
422 150 262 42 0.357143 0 0 0 0 0.217809 
423 147 262 41 0.390244 0 0 0 0 0.272437 
424 145 262 39 0.410256 0 0 0 0 0.24137 
425 143 262 37 0.459459 0 0 0 0 0.237481 
426 142 262 35 0.485714 0 0 0 0 0.227147 
427 142 262 32 0.53125 0 0 0 0 0.244669 
428 142 262 30 0.6 0 0 0 0 0.234187 
429 143 262 28 0.642857 0 0 0 0 0.265218 
430 144 262 26 0.692308 0 0 0 0 0.241434 
431 144 262 26 0.692308 0 0 0 0 0.243272 
432 143 263 26 0.653846 0 0 0 0 0.236192 
433 143 263 26 0.692308 0 0 0 0 0.223959 
434 143 263 26 0.692308 0 0 0 0 0.243238 
435 142 262 27 0.740741 0 0 0 0 0.227921 
436 141 262 28 0.714286 0 0 0 0 0.232837 
437 141 262 28 0.75 0 0 0 0 0.227454 
438 140 264 29 0.655172 0 0 0 0 0.279233 
439 139 264 29 0.689655 0 0 0 0 0.208392 
440 138 264 30 0.666667 0 0 0 0 0.213134 
441 137 267 31 0.580645 0 0 0 0 0.233335 
442 136 266 31 0.612903 0 0 0 0 0.23023 
443 135 267 32 0.59375 0 0 0 0 0.233426 
444 134 268 32 0.59375 0 0 0 0 0.244846 
445 132 268 34 0.588235 0 0 0 0 0.250664 
446 130 268 35 0.6 0 0 0 0 0.24693 
447 129 268 35 0.628571 0 0 0 0 0.227303 
448 127 270 36 0.555556 0 0 0 0 0.19703 
449 126 270 36 0.583333 0 0 0 0 0.209474 
450 124 270 37 0.594595 0 0 0 0 0.175959 
451 124 269 37 0.648649 0 0 0 0 0.199615 
452 124 269 38 0.657895 0 0 0 0 0.190952 
453 125 269 40 0.65 0 0 0 0 0.198596 
454 126 270 42 0.619048 0 0 0 0 0.171296 
455 128 270 44 0.613636 0 0 0 0 0.175426 
456 129 270 49 0.571429 0 0 0 0 0.168365 
457 131 272 54 0.5 0 0 0 0 0.154716 
458 134 272 59 0.491525 0 0 0 0 0.178209 
459 138 273 65 0.446154 0 0 0 0 0.15779 
460 143 274 72 0.402778 0 0 0 0 0.155246 
461 149 274 78 0.397436 0 0 0 0 0.132612 
462 156 274 86 0.372093 0 0 0 0 0.128542 
463 164 272 94 0.37234 0 0 0 0 0.115317 
464 174 274 100 0.34 0 0 0 0 0.111254 
465 184 273 107 0.327103 0 0 0 0 0.118582 
466 195 274 112 0.303571 0 0 0 0 0.10907 
467 206 275 117 0.290598 0 0 0 0 0.104311 
468 218 273 121 0.297521 0 0 0 0 0.112727 
469 228 273 123 0.292683 0 0 0 0 0.12684 
470 239 274 122 0.286885 0 0 0 0 0.108582 
471 248 273 122 0.295082 0 0 0 0 0.108859 
472 255 273 121 0.305785 0 0 0 0 0.112819 
473 262 273 118 0.313559 0 0 0 0 0.110473 
474 267 273 116 0.327586 0 0 0 0 0.117766 
475 272 273 114 0.333333 0 0 0 0 0.12741 
476 276 273 111 0.351351 0 0 0 0 0.128088 
477 280 273 106 0.367925 0 0 0 0 0.136593 
478 284 273 101 0.39604 0 0 0 0 0.131898 
479 286 273 98 0.408163 0 0 0 0 0.132365 
480 288 273 94 0.425532 0 0 0 0 0.134035 
481 289 273 91 0.43956 0 0 0 0 0.137832 
482 289 273 89 0.460674 0 0 0 0 0.135232 
483 288 273 87 0.471264 0 0 0 0 0.144377 
484 287 273 85 0.482353 0 0 0 0 0.124615 
485 285 273 85 0.482353 0 0 0 0 0.131976 
486 282 274 85 0.494118 0 0 0 0 0.138146 
487 280 274 84 0.5 0 0 0 0 0.141959 
488 276 274 85 0.494118 0 0 0 0 0.137616 
489 273 274 84 0.5 0 0 0 0 0.141233 
490 269 274 84 0.511905 0 0 0 0 0.153377 
491 265 274 84 0.52381 0 0 0 0 0.14743 
492 261 275 83 0.542169 0 0 0 0 0.135012 
493 256 275 84 0.547619 0 0 0 0 0.118283 
494 251 276 84 0.547619 0 0 0 0 0.130334 
495 246 276 84 0.559524 0 0 0 0 0.144511 
496 241 276 83 0.590361 0 0 0 0 0.127989 
497 237 277 82 0.597561 0 0 0 0 0.146766 
498 233 277 82 0.621951 0 0 0 0 0.136812 
499 231 277 80 0.6625 0 0 0 0 0.131253 
500 229 278 78 0.679487 0 0 0 0 0.13938 
501 227 278 78 0.705128 0 0 0 0 0.135017 
502 224 279 79 0.696203 0 0 0 0 0.130875 
503 224 279 78 0.730769 0 0 0 0 0.130165 
504 222 280 83 0.698795 0 0 0 0 0.112444 
505 218 280 87 0.689655 0 0 0 0 0.127812 
506 218 280 88 0.693182 0 0 0 0 0.119459 
507 218 281 90 0.688889 0 0 0 0 0.108327 
508 217 281 92 0.684783 0 0 0 0 0.123501 
509 216 281 94 0.702128 0 0 0 0 0.119704 
510 215 282 96 0.729167 0 0 0 0 0.121975 
511 214 282 97 0.721649 0 0 0 0 0.134668 
512 214 282 98 0.714286 0 0 0 0 0.131365 
513 214 282 96 0.729167 0 0 0 0 0.125001 
514 214 282 97 0.721649 0 0 0 0 0.116225 
515 213 282 96 0.729167 0 0 0 0 0.130875 
516 213 282 94 0.744681 0 0 0 0 0.1325 
517 212 282 94 0.702128 0 0 0 0 0.118551 
518 211 281 91 0.714286 0 0 0 0 0.131688 
519 208 281 90 0.722222 0 0 0 0 0.111076 
520 206 281 90 0.688889 0 0 0 0 0.124239 
521 204 281 88 0.693182 0 0 0 0 0.114822 
522 203 280 88 0.681818 0 0 0 0 0.11613 
523 201 280 90 0.655556 0 0 0 0 0.104244 
524 200 279 93 0.612903 0 0 0 0 0.0945087 
525 203 279 94 0.585106 0 0 0 0 0.0938214 
526 204 278 97 0.556701 0 0 0 0 0.109278 
527 206 278 100 0.54 0 0 0 0 0.136416 
528 208 277 104 0.509615 0 0 0 0 0.142679 
529 213 277 106 0.481132 0 0 0 0 0.131439 
530 218 276 109 0.449541 0 0 0 0 0.131078 
531 225 276 112 0.419643 0 0 0 0 0.147288 
532 234 276 113 0.39823 0 0 0 0 0.144187 
533 245 275 110 0.409091 0 0 0 0 0.136069 
534 256 275 110 0.390909 0 0 0 0 0.143964 
535 268 274 108 0.388889 0 0 0 0 0.139033 
536 281 274 106 0.386792 0 0 0 0 0.135162 
537 293 273 103 0.38835 0 0 0 0 0.153233 
538 306 272 99 0.40404 0 0 0 0 0.163634 
539 318 272 94 0.404255 0 0 0 0 0.154888 
540 330 271 89 0.41573 0 0 0 0 0.148439 
541 341 271 84 0.428571 0 0 0 0 0.175567 
542 351 270 79 0.443038 0 0 0 0 0.155455 
543 360 270 73 0.465753 0 0 0 0 0.16463 
544 368 269 67 0.492537 0 0 0 0 0.152922 
545 375 268 63 0.52381 0 0 0 0 0.151413 
546 381 268 58 0.551724 0 0 0 0 0.149827 
547 386 267 53 0.584906 0 0 0 0 0.170042 
548 389 267 49 0.612245 0 0 0 0 0.147379 
549 392 267 45 0.644444 0 0 0 0 0.149075 
550 393 266 42 0.690476 0 0 0 0 0.199202 
551 392 266 42 0.666667 0 0 0 0 0.169627 
552 388 265 45 0.622222 0 0 0 0 0.165591 
553 384 265 47 0.574468 0 0 0 0 0.205534 
554 379 265 49 0.530612 0 0 0 0 0.178339 
555 373 265 52 0.480769 0 0 0 0 0.185412 
556 367 265 55 0.454545 0 0 0 0 0.1846 
557 361 264 56 0.446429 0 0 0 0 0.191094 
558 352 265 60 0.383333 0 0 0 0 0.201391 
559 344 264 62 0.387097 0 0 0 0 0.182598 
560 336 264 63 0.365079 0 0 0 0 0.146417 
561 327 264 65 0.353846 0 0 0 0 0.145086 
562 318 264 67 0.343284 0 0 0 0 0.145532 
563 310 264 67 0.328358 0 0 0 0 0.164216 
564 300 264 68 0.323529 0 0 0 0 0.145973 
565 291 264 68 0.323529 0 0 0 0 0.139083 
566 281 264 69 0.304348 0 0 0 0 0.115973 
567 273 264 67 0.313433 0 0 0 0 0.136237 
568 264 264 66 0.318182 0 0 0 0 0.159799 
569 256 264 66 0.318182 0 0 0 0 0.152463 
570 249 264 64 0.3125 0 0 0 0 0.16274 
571 242 264 63 0.31746 0 0 0 0 0.142483 
572 237 264 61 0.327869 0 0 0 0 0.14972 
573 233 264 58 0.344828 0 0 0 0 0.183642 
574 230 264 55 0.345455 0 0 0 0 0.163853 
575 227 264 52 0.365385 0 0 0 0 0.190131 
576 225 264 48 0.395833 0 0 0 0 0.20774 
577 224 264 44 0.409091 0 0 0 0 0.200143 
578 223 264 41 0.439024 0 0 0 0 0.196358 
579 222 264 38 0.473684 0 0 0 0 0.184009 
580 222 264 35 0.485714 0 0 0 0 0.189234 
581 223 264 32 0.53125 0 0 0 0 0.211639 
582 224 264 30 0.533333 0 0 0 0 0.203055 
583 226 264 27 0.592593 0 0 0 0 0.221807 
584 227 263 29 0.551724 0 0 0 0 0.249014 
585 228 262 31 0.548387 0 0 0 0 0.214087 
586 229 262 33 0.515152 0 0 0 0 0.22675 
587 231 262 36 0.444444 0 0 0 0 0.248757 
588 234 262 37 0.432432 0 0 0 0 0.254879 
589 237 260 39 0.461538 0 0 0 0 0.235064 
590 241 260 39 0.435897 0 0 0 0 0.190359 
591 244 262 42 0.357143 0 0 0 0 0.182731 
592 249 260 42 0.404762 0 0 0 0 0.220277 
593 254 262 43 0.325581 0 0 0 0 0.226488 
594 259 260 44 0.363636 0 0 0 0 0.192453 
595 264 260 45 0.355556 0 0 0 0 0.182674 
596 270 260 45 0.355556 0 0 0 0 0.175772 
597 276 260 46 0.326087 0 0 0 0 0.182558 
598 281 260 46 0.326087 0 0 0 0 0.196382 
599 288 260 46 0.326087 0 0 0 0 0.204177 
600 294 259 49 0.306122 0 0 0 0 0.142767 
601 302 258 48 0.333333 0 0 0 0 0.148501 
602 309 258 48 0.333333 0 0 0 0 0.180365 
603 316 258 48 0.333333 0 0 0 0 0.192593 
604 323 258 48 0.333333 0 0 0 0 0.168469 
605 331 258 48 0.3125 0 0 0 0 0.132264 
606 339 260 47 0.276596 0 0 0 0 0.169855 
607 347 259 48 0.291667 0 0 0 0 0.158441 
608 355 259 47 0.297872 0 0 0 0 0.176997 
609 362 258 49 0.306122 0 0 0 0 0.147279 
610 371 259 48 0.291667 0 0 0 0 0.16228 
611 380 258 47 0.319149 0 0 0 0 0.156111 
612 387 258 48 0.3125 0 0 0 0 0.171531 
613 396 259 48 0.291667 0 0 0 0 0.143452 
614 403 258 49 0.306122 0 0 0 0 0.181488 
615 411 258 48 0.3125 0 0 0 0 0.148847 
616 418 259 48 0.291667 0 0 0 0 0.18206 
617 426 258 48 0.3125 0 0 0 0 0.187745 
618 432 260 50 0.26 0 0 0 0 0.162022 
619 440 260 49 0.265306 0 0 0 0 0.163837 
620 448 258 48 0.3125 0 0 0 0 0.182824 
621 455 260 49 0.285714 0 0 0 0 0.20099 
622 462 260 48 0.291667 0 0 0 0 0.201775 
623 468 259 49 0.306122 0 0 0 0 0.22062 
624 476 259 48 0.3125 0 0 0 0 0.189159 
625 482 259 49 0.306122 0 0 0 0 0.176853 
626 490 259 48 0.3125 0 0 0 0 0.201904 
627 496 259 48 0.3125 0 0 0 0 0.189465 
628 502 259 46 0.347826 0 0 0 0 0.186634 
629 507 259 46 0.347826 0 0 0 0 0.172765 
630 513 259 44 0.363636 0 0 0 0 0.182381 
631 518 259 42 0.380952 0 0 0 0 0.175661 
632 522 259 40 0.4 0 0 0 0 0.172634 
633 526 259 37 0.459459 0 0 0 0 0.197393 
634 530 259 34 0.5 0 0 0 0 0.206861 
635 533 259 31 0.580645 0 0 0 0 0.209869 
636 536 259 28 0.642857 0 0 0 0 0.164974 
637 535 259 27 0.703704 0 0 0 0 0.244357 
638 532 260 32 0.5625 0 0 0 0 0.260422 
639 527 260 38 0.473684 0 0 0 0 0.204387 
640 521 259 44 0.454545 0 0 0 0 0.177613 
641 515 259 49 0.408163 0 0 0 0 0.161817 
642 508 259 54 0.388889 0 0 0 0 0.166048 
643 501 259 59 0.355932 0 0 0 0 0.155205 
644 494 261 61 0.327869 0 0 0 0 0.143989 
645 487 261 63 0.31746 0 0 0 0 0.122828 
646 479 263 65 0.276923 0 0 0 0 0.136794 
647 471 264 66 0.272727 0 0 0 0 0.134361 
648 463 264 66 0.272727 0 0 0 0 0.149021 
649 455 264 67 0.268657 0 0 0 0 0.161845 
650 447 264 67 0.268657 0 0 0 0 0.165458 
651 439 264 68 0.264706 0 0 0 0 0.16164 
652 433 262 67 0.298507 0 0 0 0 0.150864 
653 428 262 63 0.333333 0 0 0 0 0.148762 
654 425 262 57 0.368421 0 0 0 0 0.153881 
655 424 262 49 0.428571 0 0 0 0 0.171838 
656 424 262 39 0.538462 0 0 0 0 0.22998 
657 420 262 34 0.617647 0 0 0 0 0.250486 
658 413 262 40 0.525 0 0 0 0 0.223582 
659 406 262 49 0.408163 0 0 0 0 0.169606 
660 400 262 56 0.357143 0 0 0 0 0.138396 
661 397 262 60 0.333333 0 0 0 0 0.158996 
662 395 262 62 0.322581 0 0 0 0 0.159302 
663 394 263 63 0.301587 0 0 0 0 0.1513 
664 394 263 64 0.296875 0 0 0 0 0.14545 
665 394 264 64 0.28125 0 0 0 0 0.115102 
666 395 262 64 0.3125 0 0 0 0 0.123641 
667 396 264 64 0.28125 0 0 0 0 0.138736 
668 398 262 64 0.296875 0 0 0 0 0.145686 
669 400 262 64 0.296875 0 0 0 0 0.139483 
670 403 262 64 0.296875 0 0 0 0 0.142513 
671 406 264 64 0.265625 0 0 0 0 0.139861 
672 409 264 64 0.265625 0 0 0 0 0.144304 
673 413 262 63 0.301587 0 0 0 0 0.152478 
674 417 262 63 0.285714 0 0 0 0 0.144237 
675 422 262 63 0.285714 0 0 0 0 0.172458 
676 428 262 62 0.290323 0 0 0 0 0.131329 
677 433 262 62 0.290323 0 0 0 0 0.16731 
678 439 262 61 0.295082 0 0 0 0 0.179728 
679 445 260 61 0.327869 0 0 0 0 0.149481 
680 452 261 59 0.322034 0 0 0 0 0.132139 
681 459 262 59 0.288136 0 0 0 0 0.129974 
682 466 260 58 0.327586 0 0 0 0 0.150044 
683 473 260 57 0.333333 0 0 0 0 0.146173 
684 480 260 55 0.327273 0 0 0 0 0.177393 
685 486 260 55 0.327273 0 0 0 0 0.172665 
686 494 260 52 0.346154 0 0 0 0 0.127949 
687 500 260 51 0.352941 0 0 0 0 0.143528 
688 506 260 50 0.34 0 0 0 0 0.181217 
689 512 260 48 0.354167 0 0 0 0 0.170889 
690 517 260 46 0.369565 0 0 0 0 0.166565 
691 522 260 44 0.363636 0 0 0 0 0.214695 
692 526 259 42 0.404762 0 0 0 0 0.212922 
693 530 259 41 0.390244 0 0 0 0 0.216127 
694 534 259 38 0.421053 0 0 0 0 0.2518 
695 538 259 36 0.444444 0 0 0 0 0.243786 
696 541 259 34 0.470588 0 0 0 0 0.239503 
697 544 259 31 0.516129 0 0 0 0 0.245901 
698 546 259 29 0.517241 0 0 0 0 0.24057 
699 548 260 26 0.538462 0 0 0 0 0.287733 
700 549 259 24 0.625 0 0 0 0 0.289548 
701 550 258 22 0.727273 0 0 0 0 0.279746 
702 548 258 24 0.625 0 0 0 0 0.269955 
703 546 258 26 0.576923 0 0 0 0 0.248113 
704 543 258 29 0.517241 0 0 0 0 0.241775 
705 539 258 31 0.451613 0 0 0 0 0.269407 
706 535 258 33 0.424242 0 0 0 0 0.281603 
707 531 258 34 0.411765 0 0 0 0 0.263232 
708 526 258 37 0.378378 0 0 0 0 0.185992 
709 521 258 38 0.342105 0 0 0 0 0.187374 
710 515 257 41 0.341463 0 0 0 0 0.203468 
711 511 258 40 0.325 0 0 0 0 0.17937 
712 505 257 41 0.341463 0 0 0 0 0.163998 
713 499 258 42 0.309524 0 0 0 0 0.195679 
714 494 256 41 0.365854 0 0 0 0 0.19776 
715 488 256 42 0.357143 0 0 0 0 0.18837 
716 482 258 42 0.309524 0 0 0 0 0.171735 
717 476 256 42 0.357143 0 0 0 0 0.180758 
718 464 256 43 0.348837 0 0 0 0 0.212199 
719 457 256 44 0.318182 0 0 0 0 0.162393 
720 450 256 43 0.348837 0 0 0 0 0.191789 
721 444 258 44 0.295455 0 0 0 0 0.183261 
722 438 258 42 0.285714 0 0 0 0 0.205529 
723 431 258 43 0.27907 0 0 0 0 0.191556 
724 425 258 44 0.272727 0 0 0 0 0.188125 
725 418 258 44 0.295455 0 0 0 0 0.214995 
726 412 258 44 0.295455 0 0 0 0 0.180875 
727 406 256 44 0.340909 0 0 0 0 0.173857 
728 400 257 44 0.318182 0 0 0 0 0.17124 
729 394 258 44 0.295455 0 0 0 0 0.206871 
730 387 258 45 0.311111 0 0 0 0 0.154413 
731 380 258 45 0.311111 0 0 0 0 0.227457 
732 374 258 44 0.318182 0 0 0 0 0.239558 
733 368 256 44 0.363636 0 0 0 0 0.216179 
734 361 258 45 0.311111 0 0 0 0 0.198017 
735 356 258 44 0.340909 0 0 0 0 0.166193 
736 350 258 45 0.333333 0 0 0 0 0.148269 
737 346 259 44 0.318182 0 0 0 0 0.174381 
738 342 259 44 0.318182 0 0 0 0 0.129034 
739 338 259 42 0.333333 0 0 0 0 0.184807 
740 335 259 41 0.365854 0 0 0 0 0.192126 
741 332 258 39 0.410256 0 0 0 0 0.187873 
742 330 259 38 0.394737 0 0 0 0 0.174762 
743 328 259 36 0.444444 0 0 0 0 0.185121 
744 326 259 36 0.444444 0 0 0 0 0.182229 
745 324 259 35 0.457143 0 0 0 0 0.17006 
746 321 260 35 0.428571 0 0 0 0 0.204373 
747 317 258 37 0.459459 0 0 0 0 0.21259 
748 313 257 37 0.513514 0 0 0 0 0.240005 
749 309 257 38 0.5 0 0 0 0 0.239753 
750 304 260 40 0.425 0 0 0 0 0.191181 
751 300 260 40 0.425 0 0 0 0 0.272389 
752 295 260 41 0.439024 0 0 0 0 0.243766 
753 290 260 42 0.428571 0 0 0 0 0.257964 
754 284 261 43 0.418605 0 0 0 0 0.241795 
755 278 260 44 0.431818 0 0 0 0 0.248923 
756 272 262 45 0.4 0 0 0 0 0.215754 
757 266 262 46 0.391304 0 0 0 0 0.249167 
758 260 264 47 0.361702 0 0 0 0 0.229148 
759 253 264 48 0.354167 0 0 0 0 0.18206 
760 246 264 49 0.367347 0 0 0 0 0.216119 
761 240 264 49 0.387755 0 0 0 0 0.227768 
762 235 264 48 0.416667 0 0 0 0 0.200079 
763 231 264 47 0.446809 0 0 0 0 0.236425 
764 228 266 44 0.431818 0 0 0 0 0.239658 
765 225 266 43 0.465116 0 0 0 0 0.220658 
766 223 266 41 0.512195 0 0 0 0 0.198451 
767 221 267 41 0.512195 0 0 0 0 0.208337 
768 220 268 39 0.512821 0 0 0 0 0.192836 
769 219 268 38 0.578947 0 0 0 0 0.191709 
770 219 269 38 0.552632 0 0 0 0 0.231301 
771 220 269 38 0.578947 0 0 0 0 0.202493 
772 221 270 39 0.564103 0 0 0 0 0.166442 
773 222 270 42 0.547619 0 0 0 0 0.155565 
774 223 268 46 0.586957 0 0 0 0 0.167993 
775 225 268 49 0.571429 0 0 0 0 0.163164 
776 227 268 55 0.527273 0 0 0 0 0.16234 
777 230 269 61 0.47541 0 0 0 0 0.153291 
778 234 269 68 0.426471 0 0 0 0 0.154282 
779 237 269 77 0.38961 0 0 0 0 0.137387 
780 240 270 86 0.348837 0 0 0 0 0.11133 
781 244 270 94 0.319149 0 0 0 0 0.126621 
782 249 270 101 0.306931 0 0 0 0 0.127165 
783 255 270 104 0.298077 0 0 0 0 0.127879 
784 262 271 105 0.285714 0 0 0 0 0.115853 
785 268 271 104 0.298077 0 0 0 0 0.117072 
786 272 270 103 0.31068 0 0 0 0 0.119333 
787 275 270 100 0.33 0 0 0 0 0.125464 
788 279 270 96 0.354167 0 0 0 0 0.138863 
789 284 270 88 0.386364 0 0 0 0 0.145977 
790 288 271 82 0.414634 0 0 0 0 0.136783 
791 292 271 75 0.466667 0 0 0 0 0.160131 
792 294 271 71 0.492958 0 0 0 0 0.151063 
793 296 271 67 0.537313 0 0 0 0 0.17726 
794 297 271 65 0.569231 0 0 0 0 0.144668 
795 295 271 65 0.569231 0 0 0 0 0.154967 
796 293 271 66 0.575758 0 0 0 0 0.156499 
797 292 272 66 0.560606 0 0 0 0 0.152451 
798 290 272 67 0.567164 0 0 0 0 0.157242 
799 289 272 67 0.567164 0 0 0 0 0.140495 
800 288 272 67 0.58209 0 0 0 0 0.13569 
801 286 272 68 0.573529 0 0 0 0 0.127938 
802 284 272 68 0.588235 0 0 0 0 0.134745 
803 282 273 68 0.573529 0 0 0 0 0.151373 
804 280 273 67 0.58209 0 0 0 0 0.133117 
805 278 273 67 0.61194 0 0 0 0 0.130096 
806 276 273 67 0.61194 0 0 0 0 0.135703 
807 274 274 66 0.636364 0 0 0 0 0.14637 
808 271 274 66 0.636364 0 0 0 0 0.157973 
809 270 274 64 0.671875 0 0 0 0 0.144347 
810 268 275 64 0.6875 0 0 0 0 0.141732 
811 266 275 64 0.703125 0 0 0 0 0.154774 
812 263 275 68 0.691176 0 0 0 0 0.160899 
813 262 276 69 0.681159 0 0 0 0 0.154846 
814 259 276 74 0.662162 0 0 0 0 0.145815 
815 258 277 80 0.6375 0 0 0 0 0.15056 
816 255 277 88 0.602273 0 0 0 0 0.130847 
817 256 278 93 0.591398 0 0 0 0 0.130686 
818 257 279 97 0.587629 0 0 0 0 0.124749 
819 262 281 109 0.577982 0 0 0 0 0.113735 
820 267 282 113 0.584071 0 0 0 0 0.120043 
821 270 283 118 0.584746 0 0 0 0 0.102935 
822 275 284 125 0.672 0 0 0 0 0.120072 
823 282 285 126 0.674603 0 0 0 0 0.124636 
824 290 286 126 0.714286 0 0 0 0 0.11614 
825 298 287 128 0.71875 0 0 0 0 0.132561 
826 304 289 130 0.746154 0 0 0 0 0.140884 
827 308 290 132 0.772727 0 0 0 0 0.136027 
828 310 291 137 0.766423 0 0 0 0 0.129548 
829 312 292 142 0.788732 0 0 0 0 0.140442 
830 314 293 145 0.765517 0 0 0 0 0.135972 
831 316 294 149 0.758389 0 0 0 0 0.147128 
832 315 295 154 0.75974 0 0 0 0 0.146378 
833 316 296 157 0.764331 0 0 0 0 0.146711 
834 316 296 161 0.745342 0 0 0 0 0.146118 
835 317 297 162 0.740741 0 0 0 0 0.136877 
836 317 297 164 0.731707 0 0 0 0 0.146066 
837 317 297 166 0.728916 0 0 0 0 0.14587 
838 317 297 168 0.72619 0 0 0 0 0.137395 
839 318 297 166 0.722892 0 0 0 0 0.1445 
840 318 296 168 0.708333 0 0 0 0 0.14394 
841 318 296 165 0.721212 0 0 0 0 0.144755 
842 317 295 165 0.684848 0 0 0 0 0.138667 
843 316 295 164 0.682927 0 0 0 0 0.150537 
844 316 294 160 0.6875 0 0 0 0 0.132241 
845 315 293 160 0.6875 0 0 0 0 0.135106 
846 314 292 156 0.685897 0 0 0 0 0.127572 
847 310 292 156 0.666667 0 0 0 0 0.132485 
848 307 291 156 0.641026 0 0 0 0 0.126897 
849 304 290 150 0.66 0 0 0 0 0.126337 
850 300 288 152 0.611842 0 0 0 0 0.118536 
851 291 286 146 0.60274 0 0 0 0 0.13232 
852 286 285 144 0.590278 0 0 0 0 0.126057 
853 280 284 140 0.607143 0 0 0 0 0.135384 
854 276 283 133 0.601504 0 0 0 0 0.126482 
855 271 282 124 0.556452 0 0 0 0 0.111704 
856 266 281 118 0.550847 0 0 0 0 0.11874 
857 261 280 112 0.553571 0 0 0 0 0.116332 
858 256 279 107 0.551402 0 0 0 0 0.125498 
859 252 278 101 0.554455 0 0 0 0 0.12051 
860 247 278 97 0.536082 0 0 0 0 0.11265 
861 244 277 91 0.56044 0 0 0 0 0.136032 
862 239 276 87 0.563218 0 0 0 0 0.117562 
863 236 276 82 0.560976 0 0 0 0 0.152371 
864 232 275 79 0.556962 0 0 0 0 0.129845 
865 230 275 74 0.567568 0 0 0 0 0.133252 
866 227 274 71 0.591549 0 0 0 0 0.14223 
867 224 273 68 0.588235 0 0 0 0 0.147615 
868 225 273 61 0.622951 0 0 0 0 0.157953 
869 226 272 57 0.649123 0 0 0 0 0.150372 
870 227 271 53 0.679245 0 0 0 0 0.181559 
871 230 270 52 0.673077 0 0 0 0 0.165974 
872 233 270 53 0.622642 0 0 0 0 0.177738 
873 236 270 56 0.553571 0 0 0 0 0.155512 
874 240 269 58 0.534483 0 0 0 0 0.184344 
875 245 268 59 0.508475 0 0 0 0 0.197719 
876 251 268 60 0.483333 0 0 0 0 0.20136 
877 258 267 60 0.483333 0 0 0 0 0.181532 
878 264 267 62 0.451613 0 0 0 0 0.172285 
879 271 267 64 0.421875 0 0 0 0 0.173833 
880 278 266 65 0.415385 0 0 0 0 0.15989 
881 286 266 66 0.393939 0 0 0 0 0.186418 
882 293 266 69 0.362319 0 0 0 0 0.165495 
883 302 265 69 0.362319 0 0 0 0 0.154552 
884 310 265 71 0.352113 0 0 0 0 0.167566 
885 319 264 71 0.352113 0 0 0 0 0.163259 
886 328 264 71 0.338028 0 0 0 0 0.136039 
887 336 264 72 0.333333 0 0 0 0 0.153234 
888 345 264 71 0.323944 0 0 0 0 0.138042 
889 355 264 70 0.328571 0 0 0 0 0.162903 
890 365 264 68 0.323529 0 0 0 0 0.146292 
891 374 263 67 0.343284 0 0 0 0 0.161174 
892 383 263 64 0.34375 0 0 0 0 0.158583 
893 392 263 61 0.360656 0 0 0 0 0.15217 
894 400 262 57 0.385965 0 0 0 0 0.170484 
895 408 262 53 0.415094 0 0 0 0 0.145188 
896 414 262 51 0.411765 0 0 0 0 0.161743 
897 420 262 47 0.425532 0 0 0 0 0.201736 
898 426 262 43 0.465116 0 0 0 0 0.207199 
899 430 261 40 0.5 0 0 0 0 0.209953 
900 434 261 38 0.5 0 0 0 0 0.205302 
901 437 261 35 0.542857 0 0 0 0 0.220736 
902 440 261 32 0.5625 0 0 0 0 0.198839 
903 442 261 29 0.586207 0 0 0 0 0.222579 
904 443 260 27 0.666667 0 0 0 0 0.197545 
905 442 260 28 0.642857 0 0 0 0 0.206604 
906 440 260 29 0.586207 0 0 0 0 0.195534 
907 436 260 32 0.53125 0 0 0 0 0.209305 
908 432 260 33 0.484848 0 0 0 0 0.191592 
909 427 260 36 0.444444 0 0 0 0 0.210115 
910 423 260 37 0.432432 0 0 0 0 0.236372 
911 418 260 39 0.410256 0 0 0 0 0.22898 
912 412 260 41 0.365854 0 0 0 0 0.198164 
913 407 259 41 0.390244 0 0 0 0 0.204243 
914 401 259 43 0.372093 0 0 0 0 0.186063 
915 396 260 44 0.340909 0 0 0 0 0.190126 
916 390 260 45 0.333333 0 0 0 0 0.182049 
917 385 259 45 0.355556 0 0 0 0 0.188641 
918 378 258 46 0.347826 0 0 0 0 0.180066 
919 372 258 46 0.347826 0 0 0 0 0.177393 
920 364 258 48 0.333333 0 0 0 0 0.143961 
921 357 258 48 0.333333 0 0 0 0 0.167618 
922 349 258 49 0.326531 0 0 0 0 0.147095 
923 342 260 48 0.291667 0 0 0 0 0.20612 
924 336 259 48 0.3125 0 0 0 0 0.147752 
925 329 259 48 0.3125 0 0 0 0 0.172141 
926 321 260 49 0.306122 0 0 0 0 0.164433 
927 313 258 49 0.326531 0 0 0 0 0.178983 
928 306 259 48 0.3125 0 0 0 0 0.165089 
929 297 258 49 0.326531 0 0 0 0 0.14966 
930 289 260 49 0.285714 0 0 0 0 0.176933 
931 282 259 49 0.306122 0 0 0 0 0.165182 
932 274 260 50 0.3 0 0 0 0 0.185162 
933 267 260 49 0.306122 0 0 0 0 0.205198 
934 260 260 50 0.3 0 0 0 0 0.187212 
935 252 260 50 0.3 0 0 0 0 0.175165 
936 244 260 50 0.3 0 0 0 0 0.18009 
937 238 260 50 0.32 0 0 0 0 0.189808 
938 231 260 50 0.32 0 0 0 0 0.218785 
939 224 260 50 0.32 0 0 0 0 0.195455 
940 218 260 50 0.32 0 0 0 0 0.18837 
941 211 260 50 0.34 0 0 0 0 0.197846 
942 205 260 49 0.346939 0 0 0 0 0.194377 
943 198 262 49 0.306122 0 0 0 0 0.184167 
944 192 261 49 0.326531 0 0 0 0 0.19305 
945 187 260 48 0.354167 0 0 0 0 0.198202 
946 182 261 48 0.354167 0 0 0 0 0.204177 
947 177 262 47 0.340426 0 0 0 0 0.198114 
948 173 262 46 0.347826 0 0 0 0 0.199001 
949 169 262 45 0.377778 0 0 0 0 0.204884 
950 165 262 44 0.386364 0 0 0 0 0.186427 
951 162 262 43 0.395349 0 0 0 0 0.230471 
952 159 262 42 0.428571 0 0 0 0 0.202212 
953 157 262 41 0.439024 0 0 0 0 0.230922 
954 156 263 38 0.447368 0 0 0 0 0.238846 
955 156 263 36 0.5 0 0 0 0 0.212982 
956 156 263 33 0.545455 0 0 0 0 0.236171 
957 156 263 32 0.59375 0 0 0 0 0.230653 
958 157 262 29 0.689655 0 0 0 0 0.227241 
959 159 263 29 0.689655 0 0 0 0 0.24463 
960 160 264 30 0.633333 0 0 0 0 0.193144 
961 161 264 32 0.625 0 0 0 0 0.182444 
962 162 267 35 0.485714 0 0 0 0 0.208688 
963 163 266 39 0.461538 0 0 0 0 0.197124 
964 165 264 43 0.488372 0 0 0 0 0.168172 
965 168 266 46 0.413043 0 0 0 0 0.192547 
966 172 266 50 0.4 0 0 0 0 0.155704 
967 176 266 54 0.37037 0 0 0 0 0.142077 
968 180 266 58 0.344828 0 0 0 0 0.134284 
969 186 266 61 0.327869 0 0 0 0 0.148635 
970 192 265 64 0.34375 0 0 0 0 0.137646 
971 199 267 66 0.30303 0 0 0 0 0.123049 
972 206 266 69 0.304348 0 0 0 0 0.119621 
973 215 265 72 0.305556 0 0 0 0 0.133042 
974 224 266 73 0.287671 0 0 0 0 0.155244 
975 234 268 74 0.256757 0 0 0 0 0.15732 
976 244 267 75 0.266667 0 0 0 0 0.134659 
977 254 267 76 0.263158 0 0 0 0 0.119364 
978 266 267 76 0.263158 0 0 0 0 0.145427 
979 277 268 77 0.246753 0 0 0 0 0.153578 
980 288 268 76 0.25 0 0 0 0 0.130714 
981 299 267 75 0.253333 0 0 0 0 0.15041 
982 310 267 75 0.253333 0 0 0 0 0.135093 
983 320 266 74 0.27027 0 0 0 0 0.163886 
984 330 266 75 0.266667 0 0 0 0 0.156183 
985 340 265 74 0.27027 0 0 0 0 0.137432 
986 351 264 71 0.295775 0 0 0 0 0.1362 
987 359 264 71 0.295775 0 0 0 0 0.148177 
988 368 264 68 0.308824 0 0 0 0 0.143697 
989 377 263 65 0.323077 0 0 0 0 0.152602 
990 384 262 64 0.34375 0 0 0 0 0.15393 
991 392 262 60 0.35 0 0 0 0 0.13562 
992 399 262 58 0.362069 0 0 0 0 0.168858 
993 406 262 54 0.37037 0 0 0 0 0.162847 
994 411 262 51 0.392157 0 0 0 0 0.172816 
995 416 262 48 0.395833 0 0 0 0 0.157752 
996 421 262 45 0.422222 0 0 0 0 0.213751 
997 425 261 43 0.44186 0 0 0 0 0.19651 
998 428 262 40 0.45 0 0 0 0 0.219177 
999 431 261 37 0.513514 0 0 0 0 0.211462 
1000 434 261 34 0.529412 0 0 0 0 0.201106 
1001 436 261 30 0.6 0 0 0 0 0.198869 
1002 436 260 29 0.655172 0 0 0 0 0.171544 
1003 437 260 27 0.666667 0 0 0 0 0.245098 
1004 434 260 30 0.6 0 0 0 0 0.197379 
1005 431 260 31 0.580645 0 0 0 0 0.201726 
1006 428 260 33 0.515152 0 0 0 0 0.205138 
1007 424 260 35 0.485714 0 0 0 0 0.202888 
1008 420 260 37 0.459459 0 0 0 0 0.197556 
1009 415 260 39 0.410256 0 0 0 0 0.21316 
1010 410 260 40 0.4 0 0 0 0 0.2188 
1011 405 259 42 0.404762 0 0 0 0 0.197238 
1012 400 260 44 0.363636 0 0 0 0 0.181104 
1013 394 260 44 0.363636 0 0 0 0 0.199279 
1014 388 260 46 0.326087 0 0 0 0 0.158162 
1015 382 260 47 0.319149 0 0 0 0 0.174339 
1016 377 260 46 0.326087 0 0 0 0 0.169702 
1017 370 260 48 0.3125 0 0 0 0 0.132536 
1018 364 260 48 0.3125 0 0 0 0 0.141678 
1019 358 258 48 0.354167 0 0 0 0 0.146316 
1020 351 260 49 0.285714 0 0 0 0 0.149847 
1021 345 258 49 0.326531 0 0 0 0 0.194346 
1022 338 260 49 0.285714 0 0 0 0 0.155179 
1023 331 259 50 0.3 0 0 0 0 0.151664 
1024 324 258 50 0.32 0 0 0 0 0.155083 
1025 317 260 50 0.28 0 0 0 0 0.153774 
1026 309 258 50 0.32 0 0 0 0 0.179989 
1027 301 258 51 0.313725 0 0 0 0 0.1316 
1028 293 260 49 0.285714 0 0 0 0 0.174896 
1029 284 260 52 0.288462 0 0 0 0 0.191649 
1030 276 261 50 0.28 0 0 0 0 0.179884 
1031 268 260 52 0.288462 0 0 0 0 0.20132 
1032 260 260 50 0.3 0 0 0 0 0.213292 
1033 251 260 51 0.294118 0 0 0 0 0.185372 
1034 244 260 50 0.32 0 0 0 0 0.18568 
1035 235 261 52 0.288462 0 0 0 0 0.170676 
1036 227 260 51 0.313725 0 0 0 0 0.191796 
1037 219 260 51 0.313725 0 0 0 0 0.148702 
1038 211 260 51 0.313725 0 0 0 0 0.180996 
1039 202 260 52 0.326923 0 0 0 0 0.162558 
1040 195 260 51 0.333333 0 0 0 0 0.20791 
1041 186 261 51 0.313725 0 0 0 0 0.181931 
1042 178 262 51 0.294118 0 0 0 0 0.173393 
1043 171 262 51 0.313725 0 0 0 0 0.170177 
1044 164 262 50 0.32 0 0 0 0 0.168422 
1045 157 262 50 0.34 0 0 0 0 0.163647 
1046 150 262 49 0.346939 0 0 0 0 0.175119 
1047 143 262 49 0.367347 0 0 0 0 0.196864 
1048 137 263 49 0.346939 0 0 0 0 0.150698 
1049 131 263 48 0.354167 0 0 0 0 0.208665 
1050 127 263 46 0.391304 0 0 0 0 0.191978 
1051 123 263 43 0.44186 0 0 0 0 0.201037 
1052 119 263 42 0.452381 0 0 0 0 0.205767 
1053 116 265 40 0.45 0 0 0 0 0.188562 
1054 113 266 39 0.461538 0 0 0 0 0.165535 
1055 110 266 39 0.461538 0 0 0 0 0.196875 
1056 108 264 38 0.552632 0 0 0 0 0.203278 
1057 106 267 37 0.486486 0 0 0 0 0.217 
1058 104 267 36 0.527778 0 0 0 0 0.228837 
1059 103 268 35 0.542857 0 0 0 0 0.221231 
1060 102 268 35 0.571429 0 0 0 0 0.219815 
1061 102 268 34 0.617647 0 0 0 0 0.23514 
1062 102 269 34 0.588235 0 0 0 0 0.18679 
1063 103 268 34 0.647059 0 0 0 0 0.184066 
1064 104 268 35 0.657143 0 0 0 0 0.197281 
1065 105 268 37 0.648649 0 0 0 0 0.173559 
1066 106 268 41 0.609756 0 0 0 0 0.170607 
1067 108 269 44 0.545455 0 0 0 0 0.17221 
1068 110 270 48 0.5 0 0 0 0 0.157505 
1069 113 271 53 0.45283 0 0 0 0 0.165222 
1070 117 272 58 0.413793 0 0 0 0 0.183264 
1071 122 272 62 0.403226 0 0 0 0 0.164782 
1072 128 272 68 0.382353 0 0 0 0 0.138544 
1073 135 272 74 0.364865 0 0 0 0 0.12831 
1074 143 273 81 0.333333 0 0 0 0 0.120806 
1075 153 273 86 0.313953 0 0 0 0 0.119361 
1076 164 272 92 0.315217 0 0 0 0 0.116806 
1077 176 272 97 0.309278 0 0 0 0 0.113163 
1078 189 272 101 0.29703 0 0 0 0 0.121214 
1079 203 272 106 0.283019 0 0 0 0 0.12113 
1080 218 271 108 0.296296 0 0 0 0 0.121048 
1081 231 271 111 0.288288 0 0 0 0 0.148818 
1082 246 272 110 0.272727 0 0 0 0 0.108306 
1083 258 273 111 0.27027 0 0 0 0 0.121935 
1084 270 271 108 0.296296 0 0 0 0 0.102479 
1085 280 270 105 0.32381 0 0 0 0 0.120641 
1086 289 270 101 0.336634 0 0 0 0 0.132605 
1087 299 270 92 0.369565 0 0 0 0 0.145262 
1088 309 270 81 0.419753 0 0 0 0 0.166952 
1089 320 270 69 0.492754 0 0 0 0 0.177329 
1090 330 270 57 0.596491 0 0 0 0 0.142176 
1091 337 270 54 0.62963 0 0 0 0 0.173988 
1092 340 270 58 0.603448 0 0 0 0 0.159969 
1093 340 270 66 0.530303 0 0 0 0 0.13754 
1094 340 270 73 0.479452 0 0 0 0 0.151964 
1095 341 270 79 0.443038 0 0 0 0 0.144226 
1096 343 270 83 0.433735 0 0 0 0 0.136699 
1097 346 271 85 0.411765 0 0 0 0 0.151435 
1098 348 271 88 0.397727 0 0 0 0 0.152324 
1099 350 271 91 0.395604 0 0 0 0 0.140527 
1100 352 271 93 0.387097 0 0 0 0 0.131692 
1101 355 271 95 0.389474 0 0 0 0 0.135654 
1102 358 271 97 0.391753 0 0 0 0 0.116081 
1103 361 271 100 0.39 0 0 0 0 0.118747 
1104 364 272 102 0.372549 0 0 0 0 0.129656 
1105 368 272 106 0.367925 0 0 0 0 0.124756 
1106 372 272 110 0.363636 0 0 0 0 0.128158 
1107 377 272 113 0.362832 0 0 0 0 0.11539 
1108 383 273 117 0.350427 0 0 0 0 0.129053 
1109 390 273 121 0.347107 0 0 0 0 0.111237 
1110 399 273 125 0.344 0 0 0 0 0.110674 
1111 408 274 130 0.330769 0 0 0 0 0.105339 
1112 418 274 136 0.316176 0 0 0 0 0.111802 
1113 431 274 140 0.321429 0 0 0 0 0.127589 
1114 444 274 145 0.310345 0 0 0 0 0.143566 
1115 458 274 146 0.315068 0 0 0 0 0.14994 
1116 474 275 147 0.312925 0 0 0 0 0.168522 
1117 486 275 150 0.306667 0 0 0 0 0.163629 
1118 499 275 141 0.333333 0 0 0 0 0.152279 
1119 511 274 129 0.372093 0 0 0 0 0.148332 
1120 522 274 118 0.40678 0 0 0 0 0.163152 
1121 531 274 109 0.449541 0 0 0 0 0.155694 
1122 538 274 102 0.480392 0 0 0 0 0.167438 
1123 545 274 95 0.515789 0 0 0 0 0.170832 
1124 546 274 94 0.521277 0 0 0 0 0.171687 
1125 544 274 96 0.510417 0 0 0 0 0.163432 
1126 542 274 98 0.5 0 0 0 0 0.161353 
1127 538 274 102 0.480392 0 0 0 0 0.17153 
1128 533 274 107 0.457944 0 0 0 0 0.142007 
1129 526 274 114 0.429825 0 0 0 0 0.160004 
1130 520 274 120 0.4 0 0 0 0 0.161406 
1131 511 274 129 0.372093 0 0 0 0 0.150333 
1132 502 275 138 0.347826 0 0 0 0 0.148702 
1133 491 275 149 0.315436 0 0 0 0 0.162335 
1134 479 275 150 0.306667 0 0 0 0 0.15776 
1135 467 275 148 0.304054 0 0 0 0 0.165862 
1136 452 275 150 0.3 0 0 0 0 0.146602 
1137 437 275 151 0.298013 0 0 0 0 0.146244 
1138 420 275 152 0.296053 0 0 0 0 0.156808 
1139 404 276 150 0.293333 0 0 0 0 0.124119 
1140 386 276 150 0.286667 0 0 0 0 0.105741 
1141 370 276 146 0.294521 0 0 0 0 0.108777 
1142 350 276 146 0.294521 0 0 0 0 0.105368 
1143 333 275 143 0.300699 0 0 0 0 0.101089 
1144 315 275 141 0.304965 0 0 0 0 0.0992441 
1145 298 275 138 0.304348 0 0 0 0 0.10634 
1146 281 275 135 0.303704 0 0 0 0 0.120927 
1147 267 275 129 0.317829 0 0 0 0 0.110014 
1148 253 274 125 0.32 0 0 0 0 0.126748 
1149 239 274 120 0.333333 0 0 0 0 0.132072 
1150 228 274 113 0.353982 0 0 0 0 0.121659 
1151 217 273 108 0.351852 0 0 0 0 0.101214 
1152 207 273 103 0.359223 0 0 0 0 0.117795 
1153 200 272 95 0.389474 0 0 0 0 0.118114 
1154 194 272 88 0.409091 0 0 0 0 0.115396 
1155 187 271 84 0.416667 0 0 0 0 0.138431 
1156 182 271 78 0.435897 0 0 0 0 0.143372 
1157 178 270 72 0.472222 0 0 0 0 0.136719 
1158 174 270 68 0.470588 0 0 0 0 0.140245 
1159 173 270 62 0.5 0 0 0 0 0.141307 
1160 171 269 58 0.534483 0 0 0 0 0.141487 
1161 171 269 54 0.555556 0 0 0 0 0.158054 
1162 170 269 51 0.568627 0 0 0 0 0.15459 
1163 171 269 47 0.595745 0 0 0 0 0.14136 
1164 172 268 44 0.636364 0 0 0 0 0.18024 
1165 173 268 41 0.658537 0 0 0 0 0.170028 
1166 174 268 39 0.666667 0 0 0 0 0.175473 
1167 175 267 38 0.684211 0 0 0 0 0.186566 
1168 176 267 40 0.65 0 0 0 0 0.169733 
1169 178 267 41 0.609756 0 0 0 0 0.165606 
1170 180 267 42 0.571429 0 0 0 0 0.166628 
1171 182 266 44 0.545455 0 0 0 0 0.146336 
1172 186 266 44 0.545455 0 0 0 0 0.198867 
1173 189 265 46 0.521739 0 0 0 0 0.173732 
1174 193 265 47 0.489362 0 0 0 0 0.175165 
1175 198 265 48 0.458333 0 0 0 0 0.18241 
1176 203 265 49 0.44898 0 0 0 0 0.186982 
1177 209 264 49 0.44898 0 0 0 0 0.196474 
1178 214 264 51 0.411765 0 0 0 0 0.176728 
1179 221 264 51 0.392157 0 0 0 0 0.178368 
1180 227 264 52 0.384615 0 0 0 0 0.213181 
1181 234 263 52 0.384615 0 0 0 0 0.192883 
1182 242 263 50 0.38 0 0 0 0 0.175419 
1183 248 262 50 0.4 0 0 0 0 0.177497 
1184 255 262 49 0.387755 0 0 0 0 0.183958 
1185 262 263 49 0.346939 0 0 0 0 0.21751 
1186 269 262 49 0.367347 0 0 0 0 0.180263 
1187 276 262 49 0.367347 0 0 0 0 0.234656 
1188 283 261 48 0.375 0 0 0 0 0.220893 
1189 290 260 47 0.404255 0 0 0 0 0.206039 
1190 297 261 46 0.369565 0 0 0 0 0.190933 
1191 303 260 45 0.4 0 0 0 0 0.189325 
1192 309 260 43 0.395349 0 0 0 0 0.227597 
1193 314 260 42 0.404762 0 0 0 0 0.222957 
1194 319 261 40 0.375 0 0 0 0 0.203459 
1195 324 260 38 0.421053 0 0 0 0 0.233659 
1196 329 259 35 0.457143 0 0 0 0 0.230499 
1197 332 259 35 0.457143 0 0 0 0 0.205673 
1198 336 259 32 0.5 0 0 0 0 0.229831 
1199 339 259 29 0.517241 0 0 0 0 0.276375 
1200 341 260 28 0.5 0 0 0 0 0.265758 
1201 342 260 26 0.538462 0 0 0 0 0.236442 
1202 344 259 23 0.652174 0 0 0 0 0.267072 
1203 344 259 22 0.636364 0 0 0 0 0.281079 
1204 344 259 22 0.636364 0 0 0 0 0.302875 
1205 342 259 23 0.608696 0 0 0 0 0.300968 
1206 340 259 24 0.583333 0 0 0 0 0.272068 
1207 338 258 26 0.538462 0 0 0 0 0.279417 
1208 335 259 27 0.481481 0 0 0 0 0.273543 
1209 331 259 29 0.448276 0 0 0 0 0.270199 
1210 327 259 31 0.419355 0 0 0 0 0.250587 
1211 323 258 32 0.4375 0 0 0 0 0.28957 
1212 318 258 34 0.411765 0 0 0 0 0.260462 
1213 313 258 35 0.371429 0 0 0 0 0.24684 
1214 308 258 35 0.371429 0 0 0 0 0.250243 
1215 302 258 37 0.351351 0 0 0 0 0.263017 
1216 297 258 37 0.351351 0 0 0 0 0.241082 
1217 292 258 37 0.351351 0 0 0 0 0.218065 
1218 285 258 39 0.333333 0 0 0 0 0.242541 
1219 280 258 38 0.342105 0 0 0 0 0.22454 
1220 274 258 38 0.342105 0 0 0 0 0.247436 
1221 268 258 39 0.333333 0 0 0 0 0.224772 
1222 262 258 38 0.342105 0 0 0 0 0.246593 
1223 255 258 40 0.325 0 0 0 0 0.244154 
1224 248 259 41 0.292683 0 0 0 0 0.300516 
1225 243 258 39 0.333333 0 0 0 0 0.236383 
1226 236 259 40 0.3 0 0 0 0 0.244897 
1227 229 260 39 0.282051 0 0 0 0 0.238968 
1228 221 260 40 0.275 0 0 0 0 0.209739 
1229 215 260 39 0.282051 0 0 0 0 0.205322 
1230 208 260 39 0.282051 0 0 0 0 0.238207 
1231 201 260 39 0.307692 0 0 0 0 0.23021 
1232 194 259 39 0.333333 0 0 0 0 0.253592 
1233 187 260 39 0.307692 0 0 0 0 0.2032 
1234 180 260 40 0.3 0 0 0 0 0.223104 
1235 174 260 38 0.315789 0 0 0 0 0.229446 
1236 166 260 40 0.3 0 0 0 0 0.194153 
1237 160 260 40 0.3 0 0 0 0 0.244305 
1238 154 260 39 0.307692 0 0 0 0 0.237738 
1239 149 260 39 0.333333 0 0 0 0 0.186891 
1240 144 261 37 0.324324 0 0 0 0 0.233025 
1241 138 260 36 0.361111 0 0 0 0 0.257158 
1242 134 260 34 0.411765 0 0 0 0 0.260367 
1243 130 260 35 0.4 0 0 0 0 0.256242 
1244 126 260 33 0.424242 0 0 0 0 0.245718 
1245 121 260 34 0.411765 0 0 0 0 0.260151 
1246 119 261 32 0.40625 0 0 0 0 0.270855 
1247 116 261 31 0.451613 0 0 0 0 0.255615 
1248 114 261 30 0.466667 0 0 0 0 0.300414 
1249 113 261 27 0.555556 0 0 0 0 0.234176 
1250 112 261 26 0.576923 0 0 0 0 0.297913 
1251 111 261 25 0.64 0 0 0 0 0.283705 
1252 110 260 25 0.68 0 0 0 0 0.262476 
1253 110 262 24 0.625 0 0 0 0 0.286165 
1254 110 262 23 0.652174 0 0 0 0 0.293217 
1255 111 262 22 0.727273 0 0 0 0 0.254126 
1256 111 262 22 0.727273 0 0 0 0 0.2603 
1257 110 262 23 0.73913 0 0 0 0 0.260781 
1258 110 263 23 0.695652 0 0 0 0 0.256442 
1259 110 263 24 0.708333 0 0 0 0 0.256252 
1260 110 263 24 0.708333 0 0 0 0 0.274 
1261 110 263 24 0.708333 0 0 0 0 0.295891 
1262 109 263 25 0.72 0 0 0 0 0.250779 
1263 109 266 25 0.6 0 0 0 0 0.22664 
1264 108 266 26 0.615385 0 0 0 0 0.260839 
1265 108 267 26 0.615385 0 0 0 0 0.249655 
1266 108 267 27 0.592593 0 0 0 0 0.208291 
1267 107 267 28 0.607143 0 0 0 0 0.206645 
1268 107 267 28 0.642857 0 0 0 0 0.214438 
1269 107 265 29 0.689655 0 0 0 0 0.258322 
1270 106 268 30 0.6 0 0 0 0 0.210315 
1271 105 268 31 0.612903 0 0 0 0 0.219314 
1272 104 269 31 0.612903 0 0 0 0 0.228435 
1273 104 269 31 0.645161 0 0 0 0 0.196151 
1274 102 270 34 0.588235 0 0 0 0 0.181587 
1275 101 268 34 0.676471 0 0 0 0 0.199032 
1276 99 269 35 0.657143 0 0 0 0 0.198659 
1277 97 269 37 0.648649 0 0 0 0 0.146634 
1278 95 269 38 0.657895 0 0 0 0 0.140753 
1279 93 269 39 0.666667 0 0 0 0 0.202764 
1280 91 270 40 0.65 0 0 0 0 0.149878 
1281 88 270 42 0.642857 0 0 0 0 0.172757 
1282 86 270 43 0.674419 0 0 0 0 0.190837 
1283 84 270 45 0.666667 0 0 0 0 0.169679 
1284 82 270 46 0.695652 0 0 0 0 0.174513 
1285 79 270 48 0.708333 0 0 0 0 0.166395 
1286 76 271 51 0.705882 0 0 0 0 0.176483 
1287 75 272 51 0.72549 0 0 0 0 0.17945 
1288 74 273 55 0.690909 0 0 0 0 0.151457 
1289 76 274 59 0.677966 0 0 0 0 0.148757 
1290 78 275 65 0.630769 0 0 0 0 0.141921 
1291 80 275 75 0.586667 0 0 0 0 0.144509 
1292 86 277 83 0.542169 0 0 0 0 0.147563 
1293 91 279 95 0.473684 0 0 0 0 0.153237 
1294 97 281 109 0.422018 0 0 0 0 0.133157 
1295 103 283 124 0.370968 0 0 0 0 0.112812 
1296 111 284 140 0.335714 0 0 0 0 0.103889 
1297 118 280 155 0.341935 0 0 0 0 0.0873652 
1298 128 281 167 0.311377 0 0 0 0 0.0731734 
1299 140 282 175 0.297143 0 0 0 0 0.0738202 
1300 152 282 180 0.294444 0 0 0 0 0.0706734 
1301 163 281 181 0.320442 0 0 0 0 0.0767745 
1302 176 281 174 0.344828 0 0 0 0 0.0759587 
1303 187 281 166 0.373494 0 0 0 0 0.103959 
1304 200 281 151 0.437086 0 0 0 0 0.115246 
1305 215 282 132 0.522727 0 0 0 0 0.122058 
1306 230 282 114 0.614035 0 0 0 0 0.112212 
1307 243 282 99 0.707071 0 0 0 0 0.111637 
1308 251 283 101 0.722772 0 0 0 0 0.113625 
1309 256 283 102 0.72549 0 0 0 0 0.12808 
1310 257 283 104 0.701923 0 0 0 0 0.11924 
1311 257 284 106 0.688679 0 0 0 0 0.123234 
1312 257 284 107 0.700935 0 0 0 0 0.113772 
1313 257 284 109 0.688073 0 0 0 0 0.125895 
1314 257 284 108 0.75 0 0 0 0 0.12814 
1315 257 284 109 0.688073 0 0 0 0 0.120874 
1316 257 284 110 0.681818 0 0 0 0 0.131332 
1317 257 285 110 0.681818 0 0 0 0 0.123884 
1318 257 285 110 0.727273 0 0 0 0 0.137266 
1319 257 285 110 0.727273 0 0 0 0 0.146688 
1320 257 285 109 0.688073 0 0 0 0 0.133877 
1321 257 285 109 0.733945 0 0 0 0 0.13281 
1322 257 284 108 0.694444 0 0 0 0 0.124985 
1323 257 284 106 0.707547 0 0 0 0 0.133948 
1324 258 284 102 0.735294 0 0 0 0 0.131069 
1325 256 283 101 0.732673 0 0 0 0 0.129545 
1326 254 283 100 0.73 0 0 0 0 0.127512 
1327 254 283 97 0.752577 0 0 0 0 0.121384 
1328 253 282 98 0.714286 0 0 0 0 0.114705 
1329 253 282 97 0.721649 0 0 0 0 0.110771 
1330 253 281 100 0.7 0 0 0 0 0.119457 
1331 254 281 102 0.607843 0 0 0 0 0.104441 
1332 257 280 102 0.588235 0 0 0 0 0.109543 
1333 262 279 101 0.584158 0 0 0 0 0.112817 
1334 268 279 100 0.57 0 0 0 0 0.119861 
1335 273 278 99 0.555556 0 0 0 0 0.113277 
1336 280 277 93 0.569892 0 0 0 0 0.12783 
1337 286 277 90 0.566667 0 0 0 0 0.133171 
1338 292 276 88 0.568182 0 0 0 0 0.124493 
1339 298 276 85 0.564706 0 0 0 0 0.13557 
1340 304 275 80 0.575 0 0 0 0 0.126028 
1341 310 274 79 0.56962 0 0 0 0 0.136256 
1342 316 274 76 0.565789 0 0 0 0 0.131348 
1343 321 273 74 0.554054 0 0 0 0 0.146356 
1344 327 273 71 0.56338 0 0 0 0 0.132423 
1345 332 272 70 0.557143 0 0 0 0 0.159121 
1346 338 272 66 0.560606 0 0 0 0 0.137689 
1347 343 271 64 0.5625 0 0 0 0 0.132354 
1348 348 271 62 0.564516 0 0 0 0 0.166012 
1349 352 270 60 0.566667 0 0 0 0 0.153374 
1350 357 269 58 0.568966 0 0 0 0 0.146262 
1351 362 269 56 0.571429 0 0 0 0 0.156833 
1352 366 268 55 0.581818 0 0 0 0 0.152795 
1353 371 267 53 0.584906 0 0 0 0 0.182331 
1354 375 267 52 0.557692 0 0 0 0 0.171623 
1355 380 266 50 0.58 0 0 0 0 0.181824 
1356 384 266 48 0.583333 0 0 0 0 0.192095 
1357 388 265 46 0.586957 0 0 0 0 0.211638 
1358 391 265 45 0.577778 0 0 0 0 0.188291 
1359 395 264 43 0.604651 0 0 0 0 0.184064 
1360 398 264 42 0.571429 0 0 0 0 0.197267 
1361 401 264 41 0.585366 0 0 0 0 0.201117 
1362 404 264 41 0.536585 0 0 0 0 0.2185 
1363 408 263 39 0.589744 0 0 0 0 0.221196 
1364 410 263 38 0.578947 0 0 0 0 0.222965 
1365 413 263 35 0.6 0 0 0 0 0.226634 
1366 415 263 33 0.606061 0 0 0 0 0.22519 
1367 416 262 31 0.677419 0 0 0 0 0.204977 
1368 416 262 30 0.666667 0 0 0 0 0.205629 
1369 414 262 32 0.59375 0 0 0 0 0.204634 
1370 412 262 32 0.5625 0 0 0 0 0.206791 
1371 409 261 33 0.575758 0 0 0 0 0.204245 
1372 406 261 34 0.529412 0 0 0 0 0.183749 
1373 402 262 35 0.485714 0 0 0 0 0.200326 
1374 397 261 37 0.459459 0 0 0 0 0.229526 
1375 393 261 37 0.459459 0 0 0 0 0.227483 
1376 387 260 39 0.461538 0 0 0 0 0.200502 
1377 382 260 41 0.414634 0 0 0 0 0.196498 
1378 375 260 44 0.386364 0 0 0 0 0.169101 
1379 369 260 47 0.340426 0 0 0 0 0.160353 
1380 363 260 49 0.326531 0 0 0 0 0.111035 
1381 358 262 50 0.28 0 0 0 0 0.144982 
1382 353 260 51 0.294118 0 0 0 0 0.134621 
1383 348 260 52 0.288462 0 0 0 0 0.152439 
1384 344 261 54 0.259259 0 0 0 0 0.130482 
1385 343 261 51 0.27451 0 0 0 0 0.152755 
1386 341 258 52 0.326923 0 0 0 0 0.168929 
1387 341 260 49 0.306122 0 0 0 0 0.123435 
1388 341 260 47 0.319149 0 0 0 0 0.141908 
1389 342 258 43 0.395349 0 0 0 0 0.181615 
1390 343 260 40 0.375 0 0 0 0 0.159116 
1391 344 258 38 0.447368 0 0 0 0 0.158052 
1392 344 257 36 0.5 0 0 0 0 0.179064 
1393 345 256 35 0.542857 0 0 0 0 0.166956 
1394 346 256 34 0.558824 0 0 0 0 0.171455 
1395 348 256 34 0.529412 0 0 0 0 0.189433 
1396 349 256 34 0.529412 0 0 0 0 0.183047 
1397 350 257 34 0.5 0 0 0 0 0.163957 
1398 351 256 33 0.545455 0 0 0 0 0.222014 
1399 352 256 33 0.545455 0 0 0 0 0.165356 
1400 352 257 34 0.5 0 0 0 0 0.163246 
1401 353 256 33 0.545455 0 0 0 0 0.169829 
1402 353 256 34 0.529412 0 0 0 0 0.185461 
1403 354 257 34 0.5 0 0 0 0 0.164827 
1404 354 256 34 0.529412 0 0 0 0 0.17734 
1405 353 256 35 0.514286 0 0 0 0 0.172772 
1406 353 256 35 0.514286 0 0 0 0 0.179478 
1407 352 256 36 0.5 0 0 0 0 0.173709 
1408 352 256 35 0.514286 0 0 0 0 0.159485 
1409 350 258 37 0.432432 0 0 0 0 0.178573 
1410 349 259 37 0.405405 0 0 0 0 0.147615 
1411 347 259 38 0.394737 0 0 0 0 0.159999 
1412 345 259 39 0.384615 0 0 0 0 0.182628 
1413 342 258 41 0.390244 0 0 0 0 0.177322 
1414 340 260 41 0.365854 0 0 0 0 0.179272 
1415 336 259 42 0.380952 0 0 0 0 0.162266 
1416 332 259 44 0.363636 0 0 0 0 0.161751 
1417 329 259 43 0.372093 0 0 0 0 0.173364 
1418 324 259 45 0.355556 0 0 0 0 0.1456 
1419 319 260 46 0.326087 0 0 0 0 0.165493 
1420 314 260 47 0.340426 0 0 0 0 0.170314 
1421 308 260 49 0.326531 0 0 0 0 0.181079 
1422 302 260 50 0.32 0 0 0 0 0.149206 
1423 296 260 50 0.32 0 0 0 0 0.183349 
1424 289 260 51 0.333333 0 0 0 0 0.175427 
1425 281 260 53 0.320755 0 0 0 0 0.175185 
1426 274 260 53 0.320755 0 0 0 0 0.17987 
1427 266 260 54 0.314815 0 0 0 0 0.183603 
1428 258 260 55 0.309091 0 0 0 0 0.202267 
1429 249 260 56 0.321429 0 0 0 0 0.159223 
1430 240 260 56 0.321429 0 0 0 0 0.17998 
1431 230 262 57 0.280702 0 0 0 0 0.172157 
1432 222 262 56 0.285714 0 0 0 0 0.143618 
1433 211 262 57 0.298246 0 0 0 0 0.132716 
1434 201 264 57 0.263158 0 0 0 0 0.167314 
1435 191 264 57 0.263158 0 0 0 0 0.150703 
1436 181 263 56 0.285714 0 0 0 0 0.210161 
1437 171 263 56 0.285714 0 0 0 0 0.183041 
1438 161 263 56 0.285714 0 0 0 0 0.187034 
1439 150 262 56 0.303571 0 0 0 0 0.200967 
1440 138 263 56 0.285714 0 0 0 0 0.205565 
1441 128 263 55 0.309091 0 0 0 0 0.165386 
1442 117 263 56 0.303571 0 0 0 0 0.194131 
1443 106 264 56 0.285714 0 0 0 0 0.174975 
1444 96 265 56 0.285714 0 0 0 0 0.163177 
1445 86 266 57 0.263158 0 0 0 0 0.141539 
1446 76 266 57 0.280702 0 0 0 0 0.15758 
1447 67 266 56 0.285714 0 0 0 0 0.142075 
1448 59 266 56 0.285714 0 0 0 0 0.171673 
1449 52 265 54 0.314815 0 0 0 0 0.178174 
1450 44 265 54 0.333333 0 0 0 0 0.170363 
1451 37 266 54 0.314815 0 0 0 0 0.167459 
1452 31 266 53 0.339623 0 0 0 0 0.172458 
1453 27 266 51 0.352941 0 0 0 0 0.139256 
1454 25 264 45 0.444444 0 0 0 0 0.207995 
1455 23 265 41 0.463415 0 0 0 0 0.194258 
1456 23 268 34 0.470588 0 0 0 0 0.189601 
1457 24 265 28 0.714286 0 0 0 0 0.189468 
1458 21 265 31 0.645161 0 0 0 0 0.210942 
1459 16 264 37 0.567568 0 0 0 0 0.179 
1460 11 266 43 0.44186 0 0 0 0 0.152666 
1461 7 265 47 0.425532 0 0 0 0 0.145526 
1462 3 265 50 0.4 0 0 0 0 0.113362 
1463 2 266 50 0.38 0 0 0 0 0.107964 
1464 2 266 50 0.38 0 0 0 0 0.13413 
1465 2 266 50 0.38 0 0 0 0 0.122929 
1466 2 266 50 0.38 0 0 0 0 0.141867 
1467 2 266 50 0.38 0 0 0 0 0.100193 
1468 2 266 50 0.38 0 0 0 0 0.119437 
1469 2 266 50 0.38 0 0 0 0 0.112464 
1470 3 266 50 0.38 0 0 0 0 0.13334 
1471 4 266 50 0.38 0 0 0 0 0.137196 
1472 5 266 50 0.38 0 0 0 0 0.118003 
1473 6 266 51 0.372549 0 0 0 0 0.126459 
1474 8 266 50 0.38 0 0 0 0 0.129252 
1475 10 266 50 0.38 0 0 0 0 0.134013 
1476 12 266 51 0.372549 0 0 0 0 0.151375 
1477 14 266 52 0.365385 0 0 0 0 0.146056 
1478 17 266 52 0.365385 0 0 0 0 0.11302 
1479 20 266 53 0.358491 0 0 0 0 0.123807 
1480 23 266 54 0.37037 0 0 0 0 0.142418 
1481 27 266 55 0.363636 0 0 0 0 0.132593 
1482 31 268 56 0.321429 0 0 0 0 0.137488 
1483 36 268 56 0.321429 0 0 0 0 0.157867 
1484 41 266 57 0.350877 0 0 0 0 0.132818 
1485 46 266 58 0.344828 0 0 0 0 0.109836 
1486 52 268 59 0.322034 0 0 0 0 0.120822 
1487 58 268 59 0.322034 0 0 0 0 0.130551 
1488 64 268 59 0.322034 0 0 0 0 0.127703 
1489 70 268 60 0.333333 0 0 0 0 0.15316 
1490 76 268 60 0.333333 0 0 0 0 0.164486 
1491 82 268 60 0.35 0 0 0 0 0.138263 
1492 89 268 60 0.35 0 0 0 0 0.141356 
1493 95 268 61 0.360656 0 0 0 0 0.138915 
1494 102 268 61 0.360656 0 0 0 0 0.183135 
1495 108 270 63 0.333333 0 0 0 0 0.130211 
1496 115 270 66 0.318182 0 0 0 0 0.142084 
1497 123 270 67 0.313433 0 0 0 0 0.121446 
1498 131 270 70 0.314286 0 0 0 0 0.129348 
1499 140 270 70 0.314286 0 0 0 0 0.116905 
1500 148 270 71 0.323944 0 0 0 0 0.135476 
1501 157 271 72 0.319444 0 0 0 0 0.12726 
1502 166 271 71 0.338028 0 0 0 0 0.128936 
1503 174 270 71 0.352113 0 0 0 0 0.115797 
1504 182 271 71 0.352113 0 0 0 0 0.122048 
1505 190 270 71 0.394366 0 0 0 0 0.125798 
1506 197 270 71 0.394366 0 0 0 0 0.128777 
1507 205 270 70 0.428571 0 0 0 0 0.137714 
1508 212 270 69 0.449275 0 0 0 0 0.149599 
1509 218 271 69 0.449275 0 0 0 0 0.143812 
1510 224 270 68 0.5 0 0 0 0 0.157894 
1511 229 271 68 0.514706 0 0 0 0 0.143065 
1512 234 272 70 0.514286 0 0 0 0 0.138579 
1513 238 272 75 0.506667 0 0 0 0 0.141405 
1514 244 273 76 0.513158 0 0 0 0 0.141857 
1515 249 274 81 0.493827 0 0 0 0 0.136984 
1516 255 274 85 0.494118 0 0 0 0 0.146208 
1517 262 275 89 0.494382 0 0 0 0 0.143666 
1518 268 276 93 0.494624 0 0 0 0 0.160205 
1519 275 276 97 0.505155 0 0 0 0 0.151734 
1520 283 277 102 0.5 0 0 0 0 0.133709 
1521 291 278 106 0.584906 0 0 0 0 0.150453 
1522 298 279 109 0.614679 0 0 0 0 0.146602 
1523 305 280 111 0.594595 0 0 0 0 0.130426 
1524 310 281 113 0.619469 0 0 0 0 0.129261 
1525 313 283 117 0.675214 0 0 0 0 0.136751 
1526 317 285 116 0.715517 0 0 0 0 0.138687 
1527 316 286 119 0.756303 0 0 0 0 0.153322 
1528 303 288 131 0.725191 0 0 0 0 0.1453 
1529 284 290 159 0.641509 0 0 0 0 0.137253 
1530 263 292 190 0.568421 0 0 0 0 0.138314 
1531 239 294 224 0.504464 0 0 0 0 0.136139 
1532 217 296 256 0.464844 0 0 0 0 0.120744 
1533 197 298 284 0.433099 0 0 0 0 0.10626 
1534 182 299 312 0.391026 0 0 0 0 0.0944433 
1535 171 301 329 0.370821 0 0 0 0 0.0813842 
1536 163 303 337 0.35905 0 0 0 0 0.0910687 
1537 158 304 341 0.354839 0 0 0 0 0.08355 
1538 156 305 342 0.359649 0 0 0 0 0.0856923 
1539 153 305 344 0.360465 0 0 0 0 0.0846734 
1540 150 306 345 0.365217 0 0 0 0 0.0803097 
1541 146 306 342 0.371345 0 0 0 0 0.0697666 
1542 139 306 342 0.385965 0 0 0 0 0.0730707 
1543 131 306 340 0.388235 0 0 0 0 0.069107 
1544 122 306 336 0.389881 0 0 0 0 0.0785154 
1545 110 306 334 0.39521 0 0 0 0 0.0751579 
1546 98 304 327 0.412844 0 0 0 0 0.0754626 
1547 86 304 321 0.417445 0 0 0 0 0.0774933 
1548 71 304 314 0.423567 0 0 0 0 0.0777597 
1549 56 303 304 0.427632 0 0 0 0 0.0732846 
