1 125.375 112.000 17.250 4.000 1
2 125.375 112.000 17.250 4.000 1
3 125.250 111.000 17.500 4.000 1
4 125.250 111.000 17.500 4.000 1
5 125.375 111.000 17.250 4.000 1
6 125.375 111.000 17.250 4.000 1
7 126.375 111.000 17.250 4.000 1
8 126.375 111.000 17.250 4.000 1
9 127.750 111.000 16.500 4.000 1
10 127.750 111.000 16.500 4.000 1
11 127.625 111.000 16.750 4.000 1
12 127.625 111.000 16.750 4.000 1
13 128.875 111.000 16.250 4.000 1
14 128.875 111.000 16.250 4.000 1
15 128.875 111.000 16.250 4.000 1
16 128.875 111.000 16.250 4.000 1
17 128.875 111.000 16.250 4.000 1
18 128.875 111.000 16.250 4.000 1
19 128.875 111.000 16.250 4.000 1
20 128.875 111.000 16.250 4.000 1
21 129.000 111.000 16.000 4.000 1
22 129.000 111.000 16.000 4.000 1
23 129.000 111.000 16.000 4.000 1
24 129.000 111.000 16.000 4.000 1
25 128.875 110.000 16.250 4.000 1
26 128.875 110.000 16.250 4.000 1
27 128.875 110.000 16.250 4.000 1
28 128.875 110.000 16.250 4.000 1
29 128.875 110.000 16.250 4.000 1
30 128.875 110.000 16.250 4.000 1
31 128.875 110.000 16.250 4.000 1
32 128.875 110.000 16.250 4.000 1
33 128.875 110.000 16.250 4.000 1
34 128.875 110.000 16.250 4.000 1
35 128.875 110.000 16.250 4.000 1
36 128.875 110.000 16.250 4.000 1
37 128.875 110.000 16.250 4.000 1
38 128.875 110.000 16.250 4.000 1
39 128.875 110.000 16.250 4.000 1
40 128.875 110.000 16.250 4.000 1
41 128.875 110.000 16.250 4.000 1
42 128.875 110.000 16.250 4.000 1
43 128.875 110.000 16.250 4.000 1
44 128.875 110.000 16.250 4.000 1
45 128.875 110.000 16.250 4.000 1
46 128.875 110.000 16.250 4.000 1
47 128.750 109.000 16.500 4.000 1
48 128.750 109.000 16.500 4.000 1
49 128.750 109.000 16.500 4.000 1
50 128.750 109.000 16.500 4.000 1
51 128.750 109.000 16.500 4.000 1
52 128.750 109.000 16.500 4.000 1
53 128.750 109.000 16.500 4.000 1
54 128.750 109.000 16.500 4.000 1
55 128.750 109.000 16.500 4.000 1
56 128.750 109.000 16.500 4.000 1
57 128.750 109.000 16.500 4.000 1
58 128.750 109.000 16.500 4.000 1
59 128.750 109.000 16.500 4.000 1
60 128.750 109.000 16.500 4.000 1
61 128.750 109.000 16.500 4.000 1
62 128.750 109.000 16.500 4.000 1
63 128.750 109.000 16.500 4.000 1
64 128.750 109.000 16.500 4.000 1
65 128.750 109.000 16.500 4.000 1
66 128.750 109.000 16.500 4.000 1
67 128.750 109.000 16.500 4.000 1
68 128.750 109.000 16.500 4.000 1
69 128.750 109.000 16.500 4.000 1
70 128.750 109.000 16.500 4.000 1
71 128.750 109.000 16.500 4.000 1
72 128.750 109.000 16.500 4.000 1
73 128.750 109.000 16.500 4.000 1
74 128.750 109.000 16.500 4.000 1
75 128.750 109.000 16.500 4.000 1
76 128.750 109.000 16.500 4.000 1
77 128.750 109.000 16.500 4.000 1
78 128.750 109.000 16.500 4.000 1
79 128.750 109.000 16.500 4.000 1
80 128.750 109.000 16.500 4.000 1
81 128.750 109.000 16.500 4.000 1
82 128.750 109.000 16.500 4.000 1
83 128.750 109.000 16.500 4.000 1
84 128.750 109.000 16.500 4.000 1
85 128.750 109.000 16.500 4.000 1
86 128.750 109.000 16.500 4.000 1
87 128.750 109.000 16.500 4.000 1
88 128.750 109.000 16.500 4.000 1
89 128.750 109.000 16.500 4.000 1
90 128.750 109.000 16.500 4.000 1
91 128.750 109.000 16.500 4.000 1
92 128.750 109.000 16.500 4.000 1
93 128.750 109.000 16.500 4.000 1
94 128.750 109.000 16.500 4.000 1
95 128.750 109.000 16.500 4.000 1
96 128.750 109.000 16.500 4.000 1
97 128.750 109.000 16.500 4.000 1
98 128.750 109.000 16.500 4.000 1
99 128.750 109.000 16.500 4.000 1
100 128.750 109.000 16.500 4.000 1
101 128.750 109.000 16.500 4.000 1
102 128.750 109.000 16.500 4.000 1
103 128.750 109.000 16.500 4.000 1
104 128.750 109.000 16.500 4.000 1
105 128.750 109.000 16.500 4.000 1
106 128.750 109.000 16.500 4.000 1
107 128.750 109.000 16.500 4.000 1
108 128.750 109.000 16.500 4.000 1
109 128.750 109.000 16.500 4.000 1
110 128.750 109.000 16.500 4.000 1
111 128.750 109.000 16.500 4.000 1
112 128.750 109.000 16.500 4.000 1
113 128.750 109.000 16.500 4.000 1
114 128.750 109.000 16.500 4.000 1
115 128.750 109.000 16.500 4.000 1
116 128.750 109.000 16.500 4.000 1
117 128.750 109.000 16.500 4.000 1
118 128.750 109.000 16.500 4.000 1
119 128.750 109.000 16.500 4.000 1
120 128.750 109.000 16.500 4.000 1
121 128.750 109.000 16.500 4.000 1
122 128.750 109.000 16.500 4.000 1
123 128.750 109.000 16.500 4.000 1
124 128.750 109.000 16.500 4.000 1
125 128.750 109.000 16.500 4.000 1
126 128.750 109.000 16.500 4.000 1
127 128.750 109.000 16.500 4.000 1
128 128.750 109.000 16.500 4.000 1
129 128.750 109.000 16.500 4.000 1
130 128.750 109.000 16.500 4.000 1
131 128.750 109.000 16.500 4.000 1
132 128.750 109.000 16.500 4.000 1
133 128.750 109.000 16.500 4.000 1
134 128.750 109.000 16.500 4.000 1
135 128.750 109.000 16.500 4.000 1
136 128.750 109.000 16.500 4.000 1
137 128.750 109.000 16.500 4.000 1
138 128.750 109.000 16.500 4.000 1
139 128.750 109.000 16.500 4.000 1
140 128.750 109.000 16.500 4.000 1
141 128.750 109.000 16.500 4.000 1
142 128.750 109.000 16.500 4.000 1
143 128.750 109.000 16.500 4.000 1
144 128.750 109.000 16.500 4.000 1
145 128.750 109.000 16.500 4.000 1
146 128.750 109.000 16.500 4.000 1
147 128.750 109.000 16.500 4.000 1
148 128.750 109.000 16.500 4.000 1
149 128.750 109.000 16.500 4.000 1
150 128.750 109.000 16.500 4.000 1
151 128.750 109.000 16.500 4.000 1
152 128.750 109.000 16.500 4.000 1
153 128.750 109.000 16.500 4.000 1
154 128.750 109.000 16.500 4.000 1
155 128.750 109.000 16.500 4.000 1
156 128.750 109.000 16.500 4.000 1
157 128.750 109.000 16.500 4.000 1
158 128.750 109.000 16.500 4.000 1
159 128.750 109.000 16.500 4.000 1
160 128.750 109.000 16.500 4.000 1
161 128.750 109.000 16.500 4.000 1
162 128.750 109.000 16.500 4.000 1
163 128.750 109.000 16.500 4.000 1
164 128.750 109.000 16.500 4.000 1
165 128.750 109.000 16.500 4.000 1
166 128.750 109.000 16.500 4.000 1
167 128.750 109.000 16.500 4.000 1
168 128.750 109.000 16.500 4.000 1
169 128.750 109.000 16.500 4.000 1
170 128.750 109.000 16.500 4.000 1
171 128.750 109.000 16.500 4.000 1
172 128.750 109.000 16.500 4.000 1
173 128.750 109.000 16.500 4.000 1
174 128.750 109.000 16.500 4.000 1
175 128.750 109.000 16.500 4.000 1
176 128.750 109.000 16.500 4.000 1
177 128.750 109.000 16.500 4.000 1
178 128.750 109.000 16.500 4.000 1
179 128.750 109.000 16.500 4.000 1
180 128.750 109.000 16.500 4.000 1
181 128.750 109.000 16.500 4.000 1
182 128.750 109.000 16.500 4.000 1
183 128.750 109.000 16.500 4.000 1
184 128.750 109.000 16.500 4.000 1
185 128.750 109.000 16.500 4.000 1
186 128.750 109.000 16.500 4.000 1
187 128.750 109.000 16.500 4.000 1
188 128.750 109.000 16.500 4.000 1
189 128.750 109.000 16.500 4.000 1
190 128.750 109.000 16.500 4.000 1
191 128.750 109.000 16.500 4.000 1
192 128.750 109.000 16.500 4.000 1
193 128.750 109.000 16.500 4.000 1
194 128.750 109.000 16.500 4.000 1
195 128.750 109.000 16.500 4.000 1
196 128.750 109.000 16.500 4.000 1
197 128.750 109.000 16.500 4.000 1
198 128.750 109.000 16.500 4.000 1
199 128.750 109.000 16.500 4.000 1
200 128.750 109.000 16.500 4.000 1
201 128.750 109.000 16.500 4.000 1
202 128.750 109.000 16.500 4.000 1
203 128.750 109.000 16.500 4.000 1
204 128.750 109.000 16.500 4.000 1
205 128.750 109.000 16.500 4.000 1
206 128.750 109.000 16.500 4.000 1
207 128.750 109.000 16.500 4.000 1
208 128.750 109.000 16.500 4.000 1
209 128.750 109.000 16.500 4.000 1
210 128.750 109.000 16.500 4.000 1
211 128.750 109.000 16.500 4.000 1
212 128.750 109.000 16.500 4.000 1
213 128.750 109.000 16.500 4.000 1
214 128.750 109.000 16.500 4.000 1
215 128.750 109.000 16.500 4.000 1
216 128.750 109.000 16.500 4.000 1
217 128.750 109.000 16.500 4.000 1
218 128.750 109.000 16.500 4.000 1
219 128.750 109.000 16.500 4.000 1
220 128.750 109.000 16.500 4.000 1
221 128.750 109.000 16.500 4.000 1
222 128.750 109.000 16.500 4.000 1
223 128.750 109.000 16.500 4.000 1
224 128.750 109.000 16.500 4.000 1
225 128.750 109.000 16.500 4.000 1
226 128.750 109.000 16.500 4.000 1
227 128.750 109.000 16.500 4.000 1
228 128.750 109.000 16.500 4.000 1
229 128.750 109.000 16.500 4.000 1
230 128.750 109.000 16.500 4.000 1
231 128.750 109.000 16.500 4.000 1
232 128.750 109.000 16.500 4.000 1
233 128.750 109.000 16.500 4.000 1
234 128.750 109.000 16.500 4.000 1
235 128.750 109.000 16.500 4.000 1
236 128.750 109.000 16.500 4.000 1
237 128.750 109.000 16.500 4.000 1
238 128.750 109.000 16.500 4.000 1
239 128.750 109.000 16.500 4.000 1
240 128.750 109.000 16.500 4.000 1
241 128.750 109.000 16.500 4.000 1
242 128.750 109.000 16.500 4.000 1
243 127.250 109.000 17.500 4.000 1
244 127.250 109.000 17.500 4.000 1
245 127.250 109.000 17.500 4.000 1
246 127.250 109.000 17.500 4.000 1
247 127.375 109.000 17.250 4.000 1
248 127.375 109.000 17.250 4.000 1
249 127.125 109.000 17.750 4.000 1
250 127.125 109.000 17.750 4.000 1
251 127.125 109.000 17.750 4.000 1
252 127.125 109.000 17.750 4.000 1
253 127.125 109.000 17.750 4.000 1
254 127.125 109.000 17.750 4.000 1
255 127.000 109.000 18.000 4.000 1
256 127.000 109.000 18.000 4.000 1
257 124.750 108.000 18.500 4.000 1
258 124.750 108.000 18.500 4.000 1
259 124.625 108.000 18.750 4.000 1
260 124.625 108.000 18.750 4.000 1
261 124.625 108.000 18.750 4.000 1
262 124.625 108.000 18.750 4.000 1
263 123.500 108.000 19.000 4.000 1
264 123.500 108.000 19.000 4.000 1
265 122.750 108.000 18.500 4.000 1
266 122.750 108.000 18.500 4.000 1
267 122.625 108.000 18.750 4.000 1
268 122.625 108.000 18.750 4.000 1
269 122.625 108.000 18.750 4.000 1
270 122.625 108.000 18.750 4.000 1
271 122.625 108.000 18.750 4.000 1
272 122.625 108.000 18.750 4.000 1
273 122.625 108.000 18.750 4.000 1
274 122.625 108.000 18.750 4.000 1
275 122.500 107.000 19.000 4.000 1
276 122.500 107.000 19.000 4.000 1
277 122.500 107.000 19.000 4.000 1
278 122.500 107.000 19.000 4.000 1
279 122.375 106.000 19.250 4.000 1
280 122.375 106.000 19.250 4.000 1
281 119.000 106.000 20.000 4.000 1
282 119.000 106.000 20.000 4.000 1
283 119.000 106.000 20.000 4.000 1
284 119.000 106.000 20.000 4.000 1
285 119.250 106.000 19.500 4.000 1
286 119.250 106.000 19.500 4.000 1
287 118.750 105.000 20.500 4.000 1
288 118.750 105.000 20.500 4.000 1
289 116.625 104.000 20.750 4.000 1
290 116.625 104.000 20.750 4.000 1
291 115.625 104.000 20.750 4.000 1
292 115.625 104.000 20.750 4.000 1
293 113.375 104.000 21.250 4.000 1
294 113.375 104.000 21.250 4.000 1
295 113.375 104.000 21.250 4.000 1
296 113.375 104.000 21.250 4.000 1
297 114.250 103.000 21.500 4.000 1
298 114.250 103.000 21.500 4.000 1
299 114.375 103.000 21.250 4.000 1
300 114.375 103.000 21.250 4.000 1
301 114.375 103.000 21.250 4.000 1
302 114.375 103.000 21.250 4.000 1
303 110.875 101.000 22.250 4.000 1
304 110.875 101.000 22.250 4.000 1
305 111.750 100.000 22.500 4.000 1
306 111.750 100.000 22.500 4.000 1
307 113.500 100.000 23.000 4.000 1
308 113.500 100.000 23.000 4.000 1
309 113.625 99.000 22.750 4.000 1
310 113.625 99.000 22.750 4.000 1
311 114.500 97.000 23.000 4.000 1
312 114.500 97.000 23.000 4.000 1
313 116.750 97.000 22.500 4.000 1
314 116.750 97.000 22.500 4.000 1
315 116.500 97.000 23.000 4.000 1
316 116.500 97.000 23.000 4.000 1
317 118.750 96.000 22.500 4.000 1
318 118.750 96.000 22.500 4.000 1
319 120.875 97.000 22.250 4.000 1
320 120.875 97.000 22.250 4.000 1
321 120.875 97.000 22.250 4.000 1
322 120.875 97.000 22.250 4.000 1
323 122.625 96.000 22.750 4.000 1
324 122.625 96.000 22.750 4.000 1
325 122.625 94.000 22.750 4.000 1
326 122.625 94.000 22.750 4.000 1
327 124.375 91.000 23.250 4.000 1
328 124.375 91.000 23.250 4.000 1
329 125.250 91.000 23.500 4.000 1
330 125.250 91.000 23.500 4.000 1
331 127.250 91.000 23.500 4.000 1
332 127.250 91.000 23.500 4.000 1
333 127.250 91.000 23.500 4.000 1
334 127.250 91.000 23.500 4.000 1
335 131.250 91.000 23.500 4.000 1
336 131.250 91.000 23.500 4.000 1
337 134.500 90.000 23.000 4.000 1
338 134.500 90.000 23.000 4.000 1
339 135.375 89.000 23.250 4.000 1
340 135.375 89.000 23.250 4.000 1
341 135.250 88.000 23.500 4.000 1
342 135.250 88.000 23.500 4.000 1
343 135.250 88.000 23.500 4.000 1
344 135.250 88.000 23.500 4.000 1
345 137.250 86.000 23.500 4.000 1
346 137.250 86.000 23.500 4.000 1
347 137.000 84.000 24.000 4.000 1
348 137.000 84.000 24.000 4.000 1
349 137.625 82.000 24.750 4.000 1
350 137.625 82.000 24.750 4.000 1
351 141.750 80.000 24.500 4.000 1
352 141.750 80.000 24.500 4.000 1
353 139.375 79.000 25.250 4.000 1
354 139.375 79.000 25.250 4.000 1
355 139.125 77.000 25.750 4.000 1
356 139.125 77.000 25.750 4.000 1
357 143.500 79.000 25.000 4.000 1
358 143.500 79.000 25.000 4.000 1
359 143.375 77.000 25.250 4.000 1
360 143.375 77.000 25.250 4.000 1
361 148.375 75.000 25.250 4.000 1
362 148.375 75.000 25.250 4.000 1
363 150.125 78.000 23.750 4.000 1
364 150.125 78.000 23.750 4.000 1
365 150.250 78.000 23.500 4.000 1
366 150.250 78.000 23.500 4.000 1
367 150.875 75.000 24.250 4.000 1
368 150.875 75.000 24.250 4.000 1
369 150.625 73.000 24.750 4.000 1
370 150.625 73.000 24.750 4.000 1
371 150.250 70.000 25.500 4.000 1
372 150.250 70.000 25.500 4.000 1
373 152.250 70.000 25.500 4.000 1
374 152.250 70.000 25.500 4.000 1
375 155.375 69.000 25.250 4.000 1
376 155.375 69.000 25.250 4.000 1
377 155.125 67.000 25.750 4.000 1
378 155.125 67.000 25.750 4.000 1
379 157.000 64.000 26.000 4.000 1
380 157.000 64.000 26.000 4.000 1
381 159.500 65.000 25.000 4.000 1
382 159.500 65.000 25.000 4.000 1
383 159.375 64.000 25.250 4.000 1
384 159.375 64.000 25.250 4.000 1
385 160.125 62.000 25.750 4.000 1
386 160.125 62.000 25.750 4.000 1
387 157.625 58.000 26.750 4.000 1
388 157.625 58.000 26.750 4.000 1
389 158.625 58.000 26.750 4.000 1
390 158.625 58.000 26.750 4.000 1
391 159.625 57.000 26.750 4.000 1
392 159.625 57.000 26.750 4.000 1
393 159.625 57.000 26.750 4.000 1
394 159.625 57.000 26.750 4.000 1
395 160.250 55.000 27.500 4.000 1
396 160.250 55.000 27.500 4.000 1
397 164.250 55.000 27.500 4.000 1
398 164.250 55.000 27.500 4.000 1
399 169.125 54.000 27.750 4.000 1
400 169.125 54.000 27.750 4.000 1
401 172.375 54.000 27.250 4.000 1
402 172.375 54.000 27.250 4.000 1
403 176.125 52.000 27.750 4.000 1
404 176.125 52.000 27.750 4.000 1
405 175.750 49.000 28.500 4.000 1
406 175.750 49.000 28.500 4.000 1
407 177.625 47.000 28.750 4.000 1
408 177.625 47.000 28.750 4.000 1
409 181.625 47.000 28.750 4.000 1
410 181.625 47.000 28.750 4.000 1
411 191.250 46.000 29.500 4.000 1
412 191.250 46.000 29.500 4.000 1
413 191.000 44.000 30.000 4.000 1
414 191.000 44.000 30.000 4.000 1
415 193.375 45.000 29.250 4.000 1
416 193.375 45.000 29.250 4.000 1
417 200.000 42.000 30.000 4.000 1
418 200.000 42.000 30.000 4.000 1
419 210.750 41.000 30.500 4.000 1
420 210.750 41.000 30.500 4.000 1
421 213.875 40.000 30.250 4.000 1
422 213.875 40.000 30.250 4.000 1
423 219.500 40.000 31.000 4.000 1
424 219.500 40.000 31.000 4.000 1
425 221.500 41.000 31.000 4.000 1
426 221.500 41.000 31.000 4.000 1
427 223.375 40.000 31.250 4.000 1
428 223.375 40.000 31.250 4.000 1
429 237.000 37.000 32.000 4.000 1
430 237.000 37.000 32.000 4.000 1
431 240.000 37.000 32.000 4.000 1
432 240.000 37.000 32.000 4.000 1
433 241.625 39.000 32.750 4.000 1
434 241.625 39.000 32.750 4.000 1
435 244.000 41.000 32.000 4.000 1
436 244.000 41.000 32.000 4.000 1
437 240.500 41.000 33.000 4.000 1
438 240.500 41.000 33.000 4.000 1
439 235.125 47.000 33.750 4.000 1
440 235.125 47.000 33.750 4.000 1
441 236.000 52.000 32.000 4.000 1
442 236.000 52.000 32.000 4.000 1
443 214.375 54.000 33.250 4.000 1
444 214.375 54.000 33.250 4.000 1
445 212.625 56.000 32.750 4.000 1
446 212.625 56.000 32.750 4.000 1
447 195.125 59.000 33.750 4.000 1
448 195.125 59.000 33.750 4.000 1
449 189.250 61.000 33.500 4.000 1
450 189.250 61.000 33.500 4.000 1
451 174.250 63.000 33.500 4.000 1
452 174.250 63.000 33.500 4.000 1
453 165.875 63.000 34.250 4.000 1
454 165.875 63.000 34.250 4.000 1
455 154.875 71.000 32.250 4.000 1
456 154.875 71.000 32.250 4.000 1
457 148.250 70.000 33.500 4.000 1
458 148.250 70.000 33.500 4.000 1
459 126.375 70.000 37.250 4.000 1
460 126.375 70.000 37.250 4.000 1
461 128.625 78.000 34.750 4.000 1
462 128.625 78.000 34.750 4.000 1
463 102.500 77.000 37.000 4.000 1
464 102.500 77.000 37.000 4.000 1
465 102.375 77.000 37.250 4.000 1
466 102.375 77.000 37.250 4.000 1
467 102.250 76.000 37.500 4.000 1
468 102.250 76.000 37.500 4.000 1
469 103.375 75.000 37.250 4.000 1
470 103.375 75.000 37.250 4.000 1
471 110.125 63.000 39.750 4.000 1
472 110.125 63.000 39.750 4.000 1
473 114.875 60.000 40.250 4.000 1
474 114.875 60.000 40.250 4.000 1
475 118.500 49.000 41.000 4.000 1
476 118.500 49.000 41.000 4.000 1
477 127.125 43.000 39.750 4.000 1
478 127.125 43.000 39.750 4.000 1
479 127.250 31.000 41.500 4.000 1
480 127.250 31.000 41.500 4.000 1
481 132.375 20.000 41.250 4.000 1
482 132.375 20.000 41.250 4.000 1
483 135.375 13.000 41.250 4.000 1
484 135.375 13.000 41.250 4.000 1
485 139.375 8.000 41.250 4.000 1
486 139.375 8.000 41.250 4.000 1
487 140.875 4.000 40.250 4.000 1
488 140.875 4.000 40.250 4.000 1
489 143.375 3.000 39.250 4.000 1
490 143.375 3.000 39.250 4.000 1
491 142.125 3.000 39.750 4.000 1
492 142.125 3.000 39.750 4.000 1
493 140.500 3.000 39.000 4.000 1
494 140.500 3.000 39.000 4.000 1
495 140.375 2.000 39.250 4.000 1
496 140.375 2.000 39.250 4.000 1
497 138.500 1.000 39.000 4.000 1
498 138.500 1.000 39.000 4.000 1
499 136.750 1.000 38.500 4.000 1
500 136.750 1.000 38.500 4.000 1
501 136.750 1.000 38.500 4.000 1
502 136.750 1.000 38.500 4.000 1
503 136.625 0.000 38.750 4.000 1
504 136.625 0.000 38.750 4.000 1
505 134.875 1.000 38.250 4.000 1
506 134.875 1.000 38.250 4.000 1
507 131.500 1.000 37.000 4.000 1
508 131.500 1.000 37.000 4.000 1
509 130.500 1.000 37.000 4.000 1
510 130.500 1.000 37.000 4.000 1
511 130.500 1.000 37.000 4.000 1
512 130.500 1.000 37.000 4.000 1
513 126.625 2.000 36.750 4.000 1
514 126.625 2.000 36.750 4.000 1
515 123.375 4.000 35.250 4.000 1
516 123.375 4.000 35.250 4.000 1
517 122.500 13.000 33.000 4.000 1
518 122.500 13.000 33.000 4.000 1
519 125.250 18.000 33.500 4.000 1
520 125.250 18.000 33.500 4.000 1
521 126.625 29.000 30.750 4.000 1
522 126.625 29.000 30.750 4.000 1
523 129.875 35.000 32.250 4.000 1
524 129.875 35.000 32.250 4.000 1
525 131.500 42.000 31.000 4.000 1
526 131.500 42.000 31.000 4.000 1
527 136.250 53.000 29.500 4.000 1
528 136.250 53.000 29.500 4.000 1
529 137.125 60.000 27.750 4.000 1
530 137.125 60.000 27.750 4.000 1
531 142.500 69.000 29.000 4.000 1
532 142.500 69.000 29.000 4.000 1
533 145.000 74.000 28.000 4.000 1
534 145.000 74.000 28.000 4.000 1
535 151.500 83.000 27.000 4.000 1
536 151.500 83.000 27.000 4.000 1
537 151.750 85.000 26.500 4.000 1
538 151.750 85.000 26.500 4.000 1
539 159.125 95.000 25.750 4.000 1
540 159.125 95.000 25.750 4.000 1
541 159.000 94.000 26.000 4.000 1
542 159.000 94.000 26.000 4.000 1
543 163.375 107.000 25.250 4.000 1
544 163.375 107.000 25.250 4.000 1
545 164.875 109.000 26.250 4.000 1
546 164.875 109.000 26.250 4.000 1
547 166.250 113.000 25.500 4.000 1
548 166.250 113.000 25.500 4.000 1
549 166.250 113.000 25.500 4.000 1
550 166.250 113.000 25.500 4.000 1
551 166.125 112.000 25.750 4.000 1
552 166.125 112.000 25.750 4.000 1
553 168.375 112.000 25.250 4.000 1
554 168.375 112.000 25.250 4.000 1
555 167.625 113.000 24.750 4.000 1
556 167.625 113.000 24.750 4.000 1
557 165.625 106.000 24.750 4.000 1
558 165.625 106.000 24.750 4.000 1
559 159.250 97.000 25.500 4.000 1
560 159.250 97.000 25.500 4.000 1
561 156.750 94.000 24.500 4.000 1
562 156.750 94.000 24.500 4.000 1
563 152.125 81.000 25.750 4.000 1
564 152.125 81.000 25.750 4.000 1
565 150.750 73.000 26.500 4.000 1
566 150.750 73.000 26.500 4.000 1
567 145.250 71.000 25.500 4.000 1
568 145.250 71.000 25.500 4.000 1
569 143.875 62.000 26.250 4.000 1
570 143.875 62.000 26.250 4.000 1
571 138.750 55.000 26.500 4.000 1
572 138.750 55.000 26.500 4.000 1
573 134.000 45.000 26.000 4.000 1
574 134.000 45.000 26.000 4.000 1
575 131.125 40.000 25.750 4.000 1
576 131.125 40.000 25.750 4.000 1
577 129.000 37.000 26.000 4.000 1
578 129.000 37.000 26.000 4.000 1
579 127.250 35.000 25.500 4.000 1
580 127.250 35.000 25.500 4.000 1
581 126.000 33.000 26.000 4.000 1
582 126.000 33.000 26.000 4.000 1
583 126.125 30.000 25.750 4.000 1
584 126.125 30.000 25.750 4.000 1
585 124.625 29.000 26.750 4.000 1
586 124.625 29.000 26.750 4.000 1
587 125.250 29.000 25.500 4.000 1
588 125.250 29.000 25.500 4.000 1
589 124.000 27.000 26.000 4.000 1
590 124.000 27.000 26.000 4.000 1
591 124.000 27.000 26.000 4.000 1
592 124.000 27.000 26.000 4.000 1
593 122.750 25.000 26.500 4.000 1
594 122.750 25.000 26.500 4.000 1
595 121.500 23.000 27.000 4.000 1
596 121.500 23.000 27.000 4.000 1
597 123.375 21.000 27.250 4.000 1
598 123.375 21.000 27.250 4.000 1
599 122.875 20.000 26.250 4.000 1
600 122.875 20.000 26.250 4.000 1
601 121.750 19.000 26.500 4.000 1
602 121.750 19.000 26.500 4.000 1
603 120.875 17.000 26.250 4.000 1
604 120.875 17.000 26.250 4.000 1
605 120.625 15.000 26.750 4.000 1
606 120.625 15.000 26.750 4.000 1
607 115.875 20.000 26.250 4.000 1
608 115.875 20.000 26.250 4.000 1
609 117.125 26.000 25.750 4.000 1
610 117.125 26.000 25.750 4.000 1
611 117.625 30.000 24.750 4.000 1
612 117.625 30.000 24.750 4.000 1
613 125.750 31.000 28.500 4.000 1
614 125.750 31.000 28.500 4.000 1
615 127.000 38.000 30.000 4.000 1
616 127.000 38.000 30.000 4.000 1
617 128.125 44.000 27.750 4.000 1
618 128.125 44.000 27.750 4.000 1
619 130.750 51.000 28.500 4.000 1
620 130.750 51.000 28.500 4.000 1
621 134.750 56.000 30.500 4.000 1
622 134.750 56.000 30.500 4.000 1
623 141.250 63.000 29.500 4.000 1
624 141.250 63.000 29.500 4.000 1
625 142.000 68.000 30.000 4.000 1
626 142.000 68.000 30.000 4.000 1
627 144.500 74.000 31.000 4.000 1
628 144.500 74.000 31.000 4.000 1
629 145.000 74.000 30.000 4.000 1
630 145.000 74.000 30.000 4.000 1
631 145.250 74.000 29.500 4.000 1
632 145.250 74.000 29.500 4.000 1
633 146.125 74.000 29.750 4.000 1
634 146.125 74.000 29.750 4.000 1
635 145.750 71.000 30.500 4.000 1
636 145.750 71.000 30.500 4.000 1
637 143.250 71.000 29.500 4.000 1
638 143.250 71.000 29.500 4.000 1
639 143.375 68.000 31.250 4.000 1
640 143.375 68.000 31.250 4.000 1
641 141.125 67.000 31.750 4.000 1
642 141.125 67.000 31.750 4.000 1
643 138.750 64.000 32.500 4.000 1
644 138.750 64.000 32.500 4.000 1
645 138.750 64.000 32.500 4.000 1
646 138.750 64.000 32.500 4.000 1
647 137.000 64.000 32.000 4.000 1
648 137.000 64.000 32.000 4.000 1
649 134.000 63.000 32.000 4.000 1
650 134.000 63.000 32.000 4.000 1
651 134.250 61.000 33.500 4.000 1
652 134.250 61.000 33.500 4.000 1
653 132.125 59.000 33.750 4.000 1
654 132.125 59.000 33.750 4.000 1
655 131.875 56.000 34.250 4.000 1
656 131.875 56.000 34.250 4.000 1
657 130.000 55.000 34.000 4.000 1
658 130.000 55.000 34.000 4.000 1
659 129.250 54.000 33.500 4.000 1
660 129.250 54.000 33.500 4.000 1
661 128.750 52.000 34.500 4.000 1
662 128.750 52.000 34.500 4.000 1
663 123.750 47.000 36.500 4.000 1
664 123.750 47.000 36.500 4.000 1
665 124.875 47.000 36.250 4.000 1
666 124.875 47.000 36.250 4.000 1
667 123.875 47.000 36.250 4.000 1
668 123.875 47.000 36.250 4.000 1
669 121.125 47.000 35.750 4.000 1
670 121.125 47.000 35.750 4.000 1
671 117.875 45.000 36.250 4.000 1
672 117.875 45.000 36.250 4.000 1
673 117.500 45.000 37.000 4.000 1
674 117.500 45.000 37.000 4.000 1
675 116.875 45.000 36.250 4.000 1
676 116.875 45.000 36.250 4.000 1
677 116.375 41.000 37.250 4.000 1
678 116.375 41.000 37.250 4.000 1
679 115.000 40.000 38.000 4.000 1
680 115.000 40.000 38.000 4.000 1
681 114.875 38.000 38.250 4.000 1
682 114.875 38.000 38.250 4.000 1
683 114.750 37.000 38.500 4.000 1
684 114.750 37.000 38.500 4.000 1
685 114.625 36.000 38.750 4.000 1
686 114.625 36.000 38.750 4.000 1
687 114.500 36.000 39.000 4.000 1
688 114.500 36.000 39.000 4.000 1
689 118.875 34.000 40.250 4.000 1
690 118.875 34.000 40.250 4.000 1
691 115.500 33.000 41.000 4.000 1
692 115.500 33.000 41.000 4.000 1
693 116.625 32.000 40.750 4.000 1
694 116.625 32.000 40.750 4.000 1
695 116.250 29.000 41.500 4.000 1
696 116.250 29.000 41.500 4.000 1
697 113.000 27.000 42.000 4.000 1
698 113.000 27.000 42.000 4.000 1
699 115.000 28.000 42.000 4.000 1
700 115.000 28.000 42.000 4.000 1
701 114.375 28.000 43.250 4.000 1
702 114.375 28.000 43.250 4.000 1
703 116.500 29.000 43.000 4.000 1
704 116.500 29.000 43.000 4.000 1
705 117.375 29.000 43.250 4.000 1
706 117.375 29.000 43.250 4.000 1
707 119.125 30.000 43.750 4.000 1
708 119.125 30.000 43.750 4.000 1
709 121.375 30.000 43.250 4.000 1
710 121.375 30.000 43.250 4.000 1
711 119.875 26.000 44.250 4.000 1
712 119.875 26.000 44.250 4.000 1
713 117.750 27.000 44.500 4.000 1
714 117.750 27.000 44.500 4.000 1
715 117.750 27.000 44.500 4.000 1
716 117.750 27.000 44.500 4.000 1
717 118.125 27.000 45.750 4.000 1
718 118.125 27.000 45.750 4.000 1
719 118.000 26.000 46.000 4.000 1
720 118.000 26.000 46.000 4.000 1
721 117.750 24.000 46.500 4.000 1
722 117.750 24.000 46.500 4.000 1
723 117.500 22.000 47.000 4.000 1
724 117.500 22.000 47.000 4.000 1
725 118.625 19.000 48.750 4.000 1
726 118.625 19.000 48.750 4.000 1
727 119.500 18.000 49.000 4.000 1
728 119.500 18.000 49.000 4.000 1
729 124.750 18.000 50.500 4.000 1
730 124.750 18.000 50.500 4.000 1
731 125.500 17.000 51.000 4.000 1
732 125.500 17.000 51.000 4.000 1
733 125.500 17.000 51.000 4.000 1
734 125.500 17.000 51.000 4.000 1
735 124.625 18.000 52.750 4.000 1
736 124.625 18.000 52.750 4.000 1
737 126.000 18.000 52.000 4.000 1
738 126.000 18.000 52.000 4.000 1
739 125.500 14.000 53.000 4.000 1
740 125.500 14.000 53.000 4.000 1
741 125.250 12.000 53.500 4.000 1
742 125.250 12.000 53.500 4.000 1
743 128.500 10.000 55.000 4.000 1
744 128.500 10.000 55.000 4.000 1
745 129.625 10.000 54.750 4.000 1
746 129.625 10.000 54.750 4.000 1
747 131.125 10.000 53.750 4.000 1
748 131.125 10.000 53.750 4.000 1
749 130.875 10.000 54.250 4.000 1
750 130.875 10.000 54.250 4.000 1
751 131.875 10.000 54.250 4.000 1
752 131.875 10.000 54.250 4.000 1
753 131.875 11.000 54.250 4.000 1
754 131.875 11.000 54.250 4.000 1
755 135.875 13.000 54.250 4.000 1
756 135.875 13.000 54.250 4.000 1
757 135.750 14.000 54.500 4.000 1
758 135.750 14.000 54.500 4.000 1
759 135.750 14.000 54.500 4.000 1
760 135.750 14.000 54.500 4.000 1
761 135.625 13.000 54.750 4.000 1
762 135.625 13.000 54.750 4.000 1
763 135.250 10.000 55.500 4.000 1
764 135.250 10.000 55.500 4.000 1
765 135.250 10.000 55.500 4.000 1
766 135.250 10.000 55.500 4.000 1
767 135.250 10.000 55.500 4.000 1
768 135.250 10.000 55.500 4.000 1
769 135.250 10.000 55.500 4.000 1
770 135.250 10.000 55.500 4.000 1
771 135.250 10.000 55.500 4.000 1
772 135.250 10.000 55.500 4.000 1
773 135.250 10.000 55.500 4.000 1
774 135.250 10.000 55.500 4.000 1
775 135.250 10.000 55.500 4.000 1
776 135.250 10.000 55.500 4.000 1
777 135.250 10.000 55.500 4.000 1
778 135.250 10.000 55.500 4.000 1
779 135.250 10.000 55.500 4.000 1
780 135.250 10.000 55.500 4.000 1
781 135.250 10.000 55.500 4.000 1
782 135.250 10.000 55.500 4.000 1
783 135.625 13.000 54.750 4.000 1
784 135.625 13.000 54.750 4.000 1
785 135.750 14.000 54.500 4.000 1
786 135.750 14.000 54.500 4.000 1
787 136.125 17.000 53.750 4.000 1
788 136.125 17.000 53.750 4.000 1
789 136.125 17.000 53.750 4.000 1
790 136.125 17.000 53.750 4.000 1
791 136.750 19.000 52.500 4.000 1
792 136.750 19.000 52.500 4.000 1
793 135.500 19.000 53.000 4.000 1
794 135.500 19.000 53.000 4.000 1
795 135.500 19.000 53.000 4.000 1
796 135.500 19.000 53.000 4.000 1
797 138.000 21.000 52.000 4.000 1
798 138.000 21.000 52.000 4.000 1
799 138.625 26.000 50.750 4.000 1
800 138.625 26.000 50.750 4.000 1
801 137.125 28.000 49.750 4.000 1
802 137.125 28.000 49.750 4.000 1
803 139.875 27.000 48.250 4.000 1
804 139.875 27.000 48.250 4.000 1
805 140.125 34.000 45.750 4.000 1
806 140.125 34.000 45.750 4.000 1
807 141.625 37.000 44.750 4.000 1
808 141.625 37.000 44.750 4.000 1
809 142.375 39.000 43.250 4.000 1
810 142.375 39.000 43.250 4.000 1
811 142.000 42.000 42.000 4.000 1
812 142.000 42.000 42.000 4.000 1
813 142.625 44.000 40.750 4.000 1
814 142.625 44.000 40.750 4.000 1
815 143.000 45.000 40.000 4.000 1
816 143.000 45.000 40.000 4.000 1
817 143.625 47.000 38.750 4.000 1
818 143.625 47.000 38.750 4.000 1
819 144.125 49.000 37.750 4.000 1
820 144.125 49.000 37.750 4.000 1
821 144.375 49.000 37.250 4.000 1
822 144.375 49.000 37.250 4.000 1
823 145.000 52.000 36.000 4.000 1
824 145.000 52.000 36.000 4.000 1
825 145.750 55.000 34.500 4.000 1
826 145.750 55.000 34.500 4.000 1
827 146.125 58.000 33.750 4.000 1
828 146.125 58.000 33.750 4.000 1
829 146.375 60.000 33.250 4.000 1
830 146.375 60.000 33.250 4.000 1
831 147.000 62.000 32.000 4.000 1
832 147.000 62.000 32.000 4.000 1
833 144.625 63.000 30.750 4.000 1
834 144.625 63.000 30.750 4.000 1
835 146.750 64.000 30.500 4.000 1
836 146.750 64.000 30.500 4.000 1
837 147.125 66.000 29.750 4.000 1
838 147.125 66.000 29.750 4.000 1
839 147.875 68.000 28.250 4.000 1
840 147.875 68.000 28.250 4.000 1
841 148.000 69.000 28.000 4.000 1
842 148.000 69.000 28.000 4.000 1
843 148.125 69.000 27.750 4.000 1
844 148.125 69.000 27.750 4.000 1
845 147.875 67.000 28.250 4.000 1
846 147.875 67.000 28.250 4.000 1
847 145.625 66.000 28.750 4.000 1
848 145.625 66.000 28.750 4.000 1
849 146.375 66.000 29.250 4.000 1
850 146.375 66.000 29.250 4.000 1
851 146.500 66.000 29.000 4.000 1
852 146.500 66.000 29.000 4.000 1
853 146.375 65.000 29.250 4.000 1
854 146.375 65.000 29.250 4.000 1
855 146.375 65.000 29.250 4.000 1
856 146.375 65.000 29.250 4.000 1
857 146.625 65.000 30.750 4.000 1
858 146.625 65.000 30.750 4.000 1
859 147.875 65.000 30.250 4.000 1
860 147.875 65.000 30.250 4.000 1
861 147.875 65.000 30.250 4.000 1
862 147.875 65.000 30.250 4.000 1
863 149.875 65.000 30.250 4.000 1
864 149.875 65.000 30.250 4.000 1
865 147.500 64.000 31.000 4.000 1
866 147.500 64.000 31.000 4.000 1
867 147.375 63.000 31.250 4.000 1
868 147.375 63.000 31.250 4.000 1
869 148.125 63.000 31.750 4.000 1
870 148.125 63.000 31.750 4.000 1
871 148.250 61.000 31.500 4.000 1
872 148.250 61.000 31.500 4.000 1
873 147.875 60.000 32.250 4.000 1
874 147.875 60.000 32.250 4.000 1
875 149.500 59.000 33.000 4.000 1
876 149.500 59.000 33.000 4.000 1
877 147.375 59.000 33.250 4.000 1
878 147.375 59.000 33.250 4.000 1
879 147.250 59.000 33.500 4.000 1
880 147.250 59.000 33.500 4.000 1
881 147.000 57.000 34.000 4.000 1
882 147.000 57.000 34.000 4.000 1
883 147.125 58.000 33.750 4.000 1
884 147.125 58.000 33.750 4.000 1
885 146.875 56.000 34.250 4.000 1
886 146.875 56.000 34.250 4.000 1
887 146.250 56.000 35.500 4.000 1
888 146.250 56.000 35.500 4.000 1
889 147.250 55.000 35.500 4.000 1
890 147.250 55.000 35.500 4.000 1
891 146.875 52.000 36.250 4.000 1
892 146.875 52.000 36.250 4.000 1
893 145.875 52.000 36.250 4.000 1
894 145.875 52.000 36.250 4.000 1
895 145.750 51.000 36.500 4.000 1
896 145.750 51.000 36.500 4.000 1
897 146.125 49.000 37.750 4.000 1
898 146.125 49.000 37.750 4.000 1
899 145.000 48.000 38.000 4.000 1
900 145.000 48.000 38.000 4.000 1
901 146.750 48.000 38.500 4.000 1
902 146.750 48.000 38.500 4.000 1
903 146.125 47.000 39.750 4.000 1
904 146.125 47.000 39.750 4.000 1
905 146.500 47.000 39.000 4.000 1
906 146.500 47.000 39.000 4.000 1
907 146.375 46.000 39.250 4.000 1
908 146.375 46.000 39.250 4.000 1
909 146.125 44.000 39.750 4.000 1
910 146.125 44.000 39.750 4.000 1
911 145.625 43.000 40.750 4.000 1
912 145.625 43.000 40.750 4.000 1
913 144.875 42.000 42.250 4.000 1
914 144.875 42.000 42.250 4.000 1
915 145.125 42.000 41.750 4.000 1
916 145.125 42.000 41.750 4.000 1
917 145.750 40.000 42.500 4.000 1
918 145.750 40.000 42.500 4.000 1
919 143.500 40.000 43.000 4.000 1
920 143.500 40.000 43.000 4.000 1
921 144.250 37.000 43.500 4.000 1
922 144.250 37.000 43.500 4.000 1
923 142.625 36.000 44.750 4.000 1
924 142.625 36.000 44.750 4.000 1
925 143.500 35.000 45.000 4.000 1
926 143.500 35.000 45.000 4.000 1
927 143.250 34.000 45.500 4.000 1
928 143.250 34.000 45.500 4.000 1
929 143.500 34.000 45.000 4.000 1
930 143.500 34.000 45.000 4.000 1
931 142.250 34.000 45.500 4.000 1
932 142.250 34.000 45.500 4.000 1
933 143.000 31.000 46.000 4.000 1
934 143.000 31.000 46.000 4.000 1
935 143.000 31.000 46.000 4.000 1
936 143.000 31.000 46.000 4.000 1
937 143.000 31.000 46.000 4.000 1
938 143.000 31.000 46.000 4.000 1
939 141.625 31.000 46.750 4.000 1
940 141.625 31.000 46.750 4.000 1
941 142.375 30.000 47.250 4.000 1
942 142.375 30.000 47.250 4.000 1
943 142.250 29.000 47.500 4.000 1
944 142.250 29.000 47.500 4.000 1
945 142.250 29.000 47.500 4.000 1
946 142.250 29.000 47.500 4.000 1
947 142.250 29.000 47.500 4.000 1
948 142.250 29.000 47.500 4.000 1
949 142.250 29.000 47.500 4.000 1
950 142.250 29.000 47.500 4.000 1
951 142.125 29.000 47.750 4.000 1
952 142.125 29.000 47.750 4.000 1
953 142.125 29.000 47.750 4.000 1
954 142.125 29.000 47.750 4.000 1
955 142.000 29.000 48.000 4.000 1
956 142.000 29.000 48.000 4.000 1
957 143.000 29.000 48.000 4.000 1
958 143.000 29.000 48.000 4.000 1
959 143.000 29.000 48.000 4.000 1
960 143.000 29.000 48.000 4.000 1
961 142.375 29.000 47.250 4.000 1
962 142.375 29.000 47.250 4.000 1
963 143.375 29.000 47.250 4.000 1
964 143.375 29.000 47.250 4.000 1
965 143.500 30.000 47.000 4.000 1
966 143.500 30.000 47.000 4.000 1
967 143.125 27.000 47.750 4.000 1
968 143.125 27.000 47.750 4.000 1
969 142.125 27.000 47.750 4.000 1
970 142.125 27.000 47.750 4.000 1
971 142.125 27.000 47.750 4.000 1
972 142.125 27.000 47.750 4.000 1
973 142.125 27.000 47.750 4.000 1
974 142.125 27.000 47.750 4.000 1
975 144.000 28.000 48.000 4.000 1
976 144.000 28.000 48.000 4.000 1
977 144.250 28.000 47.500 4.000 1
978 144.250 28.000 47.500 4.000 1
979 144.125 29.000 47.750 4.000 1
980 144.125 29.000 47.750 4.000 1
981 143.375 30.000 47.250 4.000 1
982 143.375 30.000 47.250 4.000 1
983 148.000 29.000 48.000 4.000 1
984 148.000 29.000 48.000 4.000 1
985 151.250 31.000 47.500 4.000 1
986 151.250 31.000 47.500 4.000 1
987 157.875 31.000 48.250 4.000 1
988 157.875 31.000 48.250 4.000 1
989 158.000 32.000 48.000 4.000 1
990 158.000 32.000 48.000 4.000 1
991 158.125 32.000 47.750 4.000 1
992 158.125 32.000 47.750 4.000 1
993 167.125 32.000 47.750 4.000 1
994 167.125 32.000 47.750 4.000 1
995 166.375 34.000 47.250 4.000 1
996 166.375 34.000 47.250 4.000 1
997 167.125 33.000 47.750 4.000 1
998 167.125 33.000 47.750 4.000 1
999 170.000 33.000 48.000 4.000 1
1000 170.000 33.000 48.000 4.000 1
1001 175.125 35.000 47.750 4.000 1
1002 175.125 35.000 47.750 4.000 1
1003 174.875 33.000 48.250 4.000 1
1004 174.875 33.000 48.250 4.000 1
1005 176.375 34.000 47.250 4.000 1
1006 176.375 34.000 47.250 4.000 1
1007 176.375 34.000 47.250 4.000 1
1008 176.375 34.000 47.250 4.000 1
1009 176.375 34.000 47.250 4.000 1
1010 176.375 34.000 47.250 4.000 1
1011 176.375 34.000 47.250 4.000 1
1012 176.375 34.000 47.250 4.000 1
1013 181.250 34.000 47.500 4.000 1
1014 181.250 34.000 47.500 4.000 1
1015 188.875 35.000 48.250 4.000 1
1016 188.875 35.000 48.250 4.000 1
1017 194.875 36.000 48.250 4.000 1
1018 194.875 36.000 48.250 4.000 1
1019 201.875 36.000 48.250 4.000 1
1020 201.875 36.000 48.250 4.000 1
1021 202.500 36.000 49.000 4.000 1
1022 202.500 36.000 49.000 4.000 1
1023 210.750 38.000 48.500 4.000 1
1024 210.750 38.000 48.500 4.000 1
1025 211.000 40.000 48.000 4.000 1
1026 211.000 40.000 48.000 4.000 1
1027 209.500 36.000 49.000 4.000 1
1028 209.500 36.000 49.000 4.000 1
1029 209.750 38.000 48.500 4.000 1
1030 209.750 38.000 48.500 4.000 1
1031 210.500 36.000 49.000 4.000 1
1032 210.500 36.000 49.000 4.000 1
1033 211.125 33.000 49.750 4.000 1
1034 211.125 33.000 49.750 4.000 1
1035 210.500 25.000 51.000 4.000 1
1036 210.500 25.000 51.000 4.000 1
1037 198.875 15.000 50.250 4.000 1
1038 198.875 15.000 50.250 4.000 1
1039 191.625 11.000 50.750 4.000 1
1040 191.625 11.000 50.750 4.000 1
1041 182.125 5.000 49.750 4.000 1
1042 182.125 5.000 49.750 4.000 1
1043 166.625 3.000 48.750 4.000 1
1044 166.625 3.000 48.750 4.000 1
1045 147.125 1.000 47.750 4.000 1
1046 147.125 1.000 47.750 4.000 1
1047 116.625 0.000 46.750 4.000 1
1048 116.625 0.000 46.750 4.000 1
1049 84.000 0.000 44.000 4.000 1
1050 84.000 0.000 44.000 4.000 1
1051 36.500 1.000 43.000 4.000 1
1052 36.500 1.000 43.000 4.000 1
1053 38.625 0.000 42.750 3.977 1
1054 38.625 0.000 42.750 3.977 1
1055 8.250 0.000 41.500 3.952 1
1056 8.250 0.000 41.500 3.952 1
1057 0.000 0.000 36.250 4.414 1
1058 0.000 0.000 36.250 4.414 1
1059 0.000 0.000 24.875 6.633 1
1060 0.000 0.000 24.875 6.633 1
1061 0.000 0.000 25.125 6.249 1
1062 0.000 0.000 25.125 6.249 1
1063 0.000 0.000 25.250 6.218 1
1064 0.000 0.000 25.250 6.218 1
1065 0.000 0.000 30.125 5.212 1
1066 0.000 0.000 30.125 5.212 1
1067 0.000 0.000 30.500 5.148 1
1068 0.000 0.000 30.500 5.148 1
1069 0.000 0.000 30.500 5.148 1
1070 0.000 0.000 30.500 5.148 1
1071 0.000 0.000 36.250 4.386 1
1072 0.000 0.000 36.250 4.386 1
1073 0.000 0.000 41.625 3.892 1
1074 0.000 0.000 41.625 3.892 1
1075 4.875 0.000 46.250 3.546 1
1076 4.875 0.000 46.250 3.546 1
1077 13.375 0.000 45.250 3.580 1
1078 13.375 0.000 45.250 3.580 1
1079 20.125 0.000 43.750 3.657 1
1080 20.125 0.000 43.750 3.657 1
1081 35.125 0.000 43.750 3.657 1
1082 35.125 0.000 43.750 3.657 1
1083 37.750 0.000 42.500 3.671 1
1084 37.750 0.000 42.500 3.671 1
1085 49.000 0.000 42.000 3.738 1
1086 49.000 0.000 42.000 3.738 1
1087 56.125 0.000 41.750 3.760 1
1088 56.125 0.000 41.750 3.760 1
1089 71.625 1.000 38.750 4.000 1
1090 71.625 1.000 38.750 4.000 1
1091 115.000 8.000 38.000 4.000 1
1092 115.000 8.000 38.000 4.000 1
1093 129.000 9.000 38.000 4.000 1
1094 129.000 9.000 38.000 4.000 1
1095 172.500 23.000 37.000 4.000 1
1096 172.500 23.000 37.000 4.000 1
1097 187.000 29.000 36.000 4.000 1
1098 187.000 29.000 36.000 4.000 1
1099 213.125 42.000 33.750 4.000 1
1100 213.125 42.000 33.750 4.000 1
1101 232.375 44.000 33.250 4.000 1
1102 232.375 44.000 33.250 4.000 1
1103 256.250 49.000 33.500 4.000 1
1104 256.250 49.000 33.500 4.000 1
1105 277.875 57.000 32.250 4.000 1
1106 277.875 57.000 32.250 4.000 1
1107 298.625 68.000 30.750 4.000 1
1108 298.625 68.000 30.750 4.000 1
